timestamp,true_pose_x,true_pose_y,true_pose_z,true_pose_qx,true_pose_qy,true_pose_qz,true_pose_qw,noisy_pose_x,noisy_pose_y,noisy_pose_z,noisy_pose_qx,noisy_pose_qy,noisy_pose_qz,noisy_pose_qw,pts_indice,"noisy_si_q_theta_Rho, w_p"
2608,0.25486106994784385,-0.12639165724847226,0.06371526748696096,-0.07538662546489477,-0.032256431411745494,0.7278157717850814,0.6808528340797898,0.2567970510721875,-0.1259412426775424,0.06252642012853148,-0.07567685547954306,-0.032458277251513325,0.7279624043687641,0.6806542526189345,"[75, 95, 196, 205, 229, 254, 286, 345, 429, 456, 478, 490, 494, 505, 522, 584, 585, 606, 625, 656, 669, 877, 963, 1024, 1168, 1344, 1442, 1503, 1547, 1556, 1629, 1632, 1695, 1896, 1937, 1950, 1958, 2004, 2057, 2158, 2185, 2229, 2463, 2527, 2541, 2556, 2659, 2702, 2731, 2750, 2781, 2846, 2938, 2986, 3127, 3182, 3224, 3228, 3249, 3342, 3504, 3506, 3549, 3566, 3748, 3983, 4007, 4064, 4092, 4100, 4136, 4138, 4216, 4246, 4322, 4400, 4420, 4515, 4662, 4828, 4834, 4838, 4848, 4867, 4875]","[[0.12914188319191908, 5.313378052531022], [0.18484526162922477, 4.3414216555515], [-0.5133836884993815, 5.508857803867121], [0.33697354089665843, 4.940439607425619], [-0.42742556247406704, 4.456490654527612], [-0.2805527172439186, 2.4041186397796115], [-0.4496490831675091, 5.867138747564551], [-0.23977089574183894, 5.935156697855681], [0.35856320790932866, 2.4941857524201683], [0.12279416616156626, 3.381745767816693], [-0.17121574561540945, 3.1427439149320247], [-0.48967130703559725, 4.6168942043821515], [0.10630273526648662, 5.96034439430777], [-0.17348790461960745, 5.72441839992599], [-0.30476570881972, 5.44366745893791], [-0.3914803659550441, 5.481234047512594], [0.12151140525279513, 5.986128864748664], [0.06389192922260088, 5.917982100717387], [-0.2875961837251722, 3.710614560932139], [0.20099637637655085, 5.731180329376298], [-0.4489768873547323, 4.995738558210819], [0.4495288782454895, 1.8723750139330202], [-0.2435345625090817, 5.868679114644346], [0.09160941682024226, 2.3983470233317443], [-0.15121615632532115, 5.093499986885638], [-0.2010570289852033, 4.854845683315689], [0.32084417201514565, 4.2774491027329455], [-0.34014140673501914, 5.671919877863303], [0.004962626981266927, 4.0802638914840355], [-0.20754671340998956, 5.413860697616601], [-0.2181359741470877, 4.818217568922814], [0.28270089523469527, 4.948408705309316], [0.4211371893165938, 5.313819280473278], [-0.40764131040871354, 5.967787173178252], [-0.23195389899505628, 4.512295073023075], [0.31389019786220645, 5.828386769707383], [0.4437347166789544, 3.5828739932651787], [0.12926301054828365, 4.807361181983056], [0.1925243199101805, 4.9032317641274865], [-0.2730420219529981, 2.414666270907785], [0.18081643625044533, 5.982605966463476], [-0.04317299935093723, 4.874306238107989], [-0.2503491217881425, 5.8795307638882495], [-0.3808344496872696, 2.2257053372724727], [-0.4264965592606006, 3.762621777001179], [-0.08355840600501031, 3.7959900783867644], [-0.0679802881227754, 5.5749223341589165], [-0.027034541485984383, 4.367590899684365], [-0.19877312578100909, 5.320755378142108], [0.018804545902372835, 5.386927623777891], [-0.20567512072320968, 4.943870589581142], [-0.31538360099851603, 5.780665933704291], [-0.28148869568621576, 5.257071639148514], [0.48815440829870177, 1.0480534614561152], [-0.3165187912751002, 2.974387195486761], [-0.4183414437085671, 4.5521093787931575], [-0.41700774846580574, 4.855815184733744], [0.15541558935768524, 1.4217191806264327], [0.3043273265762119, 5.784612537034903], [-0.17228636220223992, 3.530126161896958], [-0.4475975196047804, 5.673425450853578], [-0.4573763843286991, 4.225253724006817], [0.17670293595284406, 4.507578214715568], [-0.15398724718268245, 3.2231695188363374], [0.1449108476163825, 4.1575574761087], [-0.2355627855773426, 4.015624059783964], [-0.21287879823768505, 5.883653245716345], [0.47440317189064357, 5.456412035441727], [-0.44713373863736083, 5.550938850161544], [-0.04953746901226248, 4.277067096668464], [-0.1915893884275926, 5.096304294333784], [-0.3442338340955581, 3.958272820416861], [-0.18234661013114226, 4.2263644742611985], [0.45253975145730163, 5.5528056603014715], [0.29356209426112806, 3.3205970973765666], [-0.011972086875418862, 4.781309155503565], [-0.10894428572242162, 5.2358634520636675], [-0.16640682193635717, 3.827283555450841], [0.3633202563093416, 4.6288028414156726], [0.13899942001137888, 2.6673650166462686], [-0.5185668589195177, 1.978883571939712], [0.2468974789002181, 5.366544024966523], [0.26629695422417027, 5.673855392550407], [-0.056268649473096434, 2.6755913530854736], [0.2755514475524766, 2.7391101549987273]]","[[-0.735512375831604, 5.071609973907471, -0.41982975602149963], [-0.781180739402771, 4.064624309539795, -0.38334643840789795], [2.5086491107940674, 4.8439741134643555, 0.810574471950531], [-1.690869688987732, 4.409207820892334, -0.17856155335903168], [1.8264570236206055, 4.0445404052734375, 0.09593416750431061], [0.806373119354248, 2.1923611164093018, -0.25782671570777893], [2.3258464336395264, 5.314465522766113, 0.7844532132148743], [1.4319427013397217, 5.578310966491699, -1.0808542966842651], [-0.7704256176948547, 2.14143443107605, -0.08076226711273193], [-0.2747912108898163, 3.1189844608306885, -0.7235056161880493], [0.5631309151649475, 2.9999711513519287, 0.12128958851099014], [2.097599744796753, 4.09572172164917, 0.3754720985889435], [-0.6919013261795044, 5.709843635559082, -0.6784160733222961], [1.0075819492340088, 5.458253383636475, -0.9442963004112244], [1.4013367891311646, 5.146660327911377, 0.7831169962882996], [1.8719948530197144, 5.052525520324707, 0.8349053263664246], [-0.8343181610107422, 5.747586250305176, -0.31557759642601013], [-0.42395034432411194, 5.697216510772705, -0.7365975975990295], [0.9735420346260071, 3.477978229522705, 0.5639318823814392], [-1.16005277633667, 5.355739593505859, -0.8161808848381042], [2.0338191986083984, 4.5210676193237305, 0.5370109677314758], [-0.6045415997505188, 1.4616477489471436, -0.4349193871021271], [1.4342089891433716, 5.5105695724487305, -1.064271330833435], [-0.15580470860004425, 2.233808755874634, 0.1942511945962906], [0.6671563982963562, 4.9510884284973145, 0.08018825948238373], [0.9604702591896057, 4.650146961212158, -0.4360598027706146], [-1.2429896593093872, 3.776762008666992, -0.8402048349380493], [1.8771520853042603, 5.262132167816162, -0.6439931392669678], [-0.1251818686723709, 3.9142308235168457, 0.487517774105072], [1.155704140663147, 5.119636535644531, -0.9208241105079651], [1.0243852138519287, 4.614221096038818, -0.3322118818759918], [-1.3120083808898926, 4.4540181159973145, -0.9510701298713684], [-2.1223397254943848, 4.517705917358398, -0.9276341795921326], [2.2696025371551514, 5.486732482910156, -0.12071239203214645], [0.9093790054321289, 4.313949108123779, 0.5192649364471436], [-1.8733155727386475, 5.270479202270508, -0.5131598711013794], [-1.434418797492981, 2.976118564605713, -0.5435752868652344], [-0.5687529444694519, 4.522246837615967, -0.841819167137146], [-0.9702979922294617, 4.599729061126709, -0.38003405928611755], [0.7296291589736938, 2.2370800971984863, 0.18609796464443207], [-1.2860043048858643, 5.646541118621826, 0.3764677941799164], [0.12379542738199234, 4.747463226318359, 0.05897322669625282], [1.2765042781829834, 5.660760879516602, 0.28941968083381653], [0.9547919034957886, 1.9833277463912964, -0.03672834113240242], [1.6238069534301758, 3.367189884185791, -0.2100205272436142], [0.23832537233829498, 3.6462972164154053, 0.48138654232025146], [0.2728913426399231, 5.443265914916992, -0.1400608867406845], [0.2149532288312912, 4.130335807800293, -0.9113872647285461], [1.0732896327972412, 5.052921772003174, -0.8341825008392334], [-0.09902448207139969, 5.187546253204346, -0.7424336671829224], [0.8582029342651367, 4.764886379241943, 0.44744107127189636], [1.7300890684127808, 5.448585510253906, -0.3523448407649994], [1.4634310007095337, 4.947659015655518, -0.586247444152832], [-0.3025670051574707, 0.761637806892395, 0.05829368531703949], [0.9084689617156982, 2.7410616874694824, 0.50437331199646], [1.8829679489135742, 4.095810890197754, -0.4020892083644867], [1.7741444110870361, 4.417745590209961, 0.8527701497077942], [-0.0657423734664917, 1.2583720684051514, 0.05360399931669235], [-1.8537741899490356, 5.257071495056152, -0.16569417715072632], [0.6224063634872437, 3.3841347694396973, 0.07435598969459534], [2.1972551345825195, 5.119368076324463, 1.0068522691726685], [1.798193335533142, 3.787522315979004, 0.46751636266708374], [-0.7489219307899475, 4.207465648651123, -0.6649905443191528], [0.5894699692726135, 3.0493807792663574, -0.371214896440506], [-0.6541420221328735, 3.9293251037597656, 0.15746080875396729], [1.016788125038147, 3.7583773136138916, -0.6241424083709717], [1.2403390407562256, 5.591884613037109, -0.9066542387008667], [-2.573761224746704, 4.538285732269287, -0.027640456333756447], [2.4012160301208496, 4.959827899932861, -0.5264875888824463], [0.11874957382678986, 4.134964942932129, 0.41843512654304504], [0.8666809797286987, 4.931448936462402, 0.09942346066236496], [1.3445065021514893, 3.680060386657715, -0.0017258523730561137], [0.7970044016838074, 4.040553092956543, -0.3839561641216278], [-2.5261294841766357, 4.67857027053833, 0.03709970787167549], [-0.8299883008003235, 2.935978412628174, -0.6277530789375305], [-0.01725850999355316, 4.645467281341553, -0.0787845328450203], [0.4716223478317261, 5.105075359344482, -0.0506548136472702], [0.650888979434967, 3.676102876663208, -0.11362805217504501], [-1.5445491075515747, 4.010852336883545, -0.9767881631851196], [-0.29389622807502747, 2.4829893112182617, -0.016923734918236732], [1.107205867767334, 1.6583598852157593, 0.1472223699092865], [-1.3201606273651123, 4.948207378387451, -0.687322735786438], [-1.651635766029358, 5.2150959968566895, 0.20126692950725555], [0.1801232248544693, 2.5401113033294678, 0.28212225437164307], [-0.6076949834823608, 2.428687334060669, -0.4173581302165985]]"
2610,0.15938672583417665,-0.07943989227326527,0.03984668145854416,-0.06611620412741222,-0.00668002254671808,0.7206964663925469,0.6900584237438553,0.15930342098825875,-0.07853707196948004,0.041027534521592655,-0.06669428537369712,-0.006134407128583193,0.720849801532032,0.689847667952065,"[75, 95, 196, 205, 229, 254, 286, 345, 429, 456, 478, 490, 494, 505, 585, 606, 656, 669, 748, 877, 963, 1024, 1158, 1168, 1344, 1442, 1503, 1556, 1629, 1632, 1695, 1810, 1896, 1937, 1950, 1958, 2004, 2057, 2158, 2185, 2229, 2276, 2463, 2512, 2527, 2541, 2659, 2702, 2731, 2750, 2781, 2846, 2938, 2986, 3182, 3228, 3249, 3275, 3342, 3506, 3549, 3566, 3748, 3983, 4007, 4064, 4092, 4100, 4136, 4138, 4216, 4246, 4322, 4400, 4420, 4515, 4662, 4828, 4838, 4848, 4867, 4875]","[[0.1327422691271364, 5.249737047714391], [0.18315718282147386, 4.271087532554157], [-0.5083996397689147, 5.50861482359931], [0.34791676122856674, 4.859670148836338], [-0.431978368340827, 4.449088235523991], [-0.3080833471256279, 2.3806326458501785], [-0.4432622841254685, 5.85958241639719], [-0.24448971515222592, 5.904319239477253], [0.354127141522279, 2.409594286554801], [0.10960612641822544, 3.3169616123129355], [-0.18065422365454273, 3.1082581814090244], [-0.48858878592675176, 4.616108667128868], [0.1089596729055937, 5.8955837107687925], [-0.17930746923983773, 5.6884725010331225], [0.12680645002863616, 5.921419334186268], [0.06583984090924778, 5.8587839211095725], [0.20342567914137485, 5.657210643598454], [-0.44553832203926585, 4.992788316023399], [-0.1259009009419528, 5.5709000735274525], [0.43096253091285963, 1.7842446968515704], [-0.24803861085611126, 5.839634305811102], [0.08229598968219871, 2.340164860625663], [0.19308471878202754, 5.950031971471305], [-0.1493166127664245, 5.056744075648582], [-0.20412925394743395, 4.820457753247461], [0.31783938040630183, 4.19824460251503], [-0.3428690244728585, 5.653871170027079], [-0.21444673784761534, 5.380874736807295], [-0.22041991388326013, 4.7859763439262375], [0.28239689988011174, 4.868046923643247], [0.4236672423022248, 5.222906167285853], [0.478272943949295, 5.951253254330092], [-0.4044486467328758, 5.954350730139937], [-0.23000877826566632, 4.482772675545854], [0.3207662111715475, 5.749481512379532], [0.4435742350103153, 3.496685685218978], [0.1275390987070467, 4.74182814541894], [0.19575844640472834, 4.8300386336702], [-0.2933952006008776, 2.3911970778133433], [0.19244992894718416, 5.915220361548654], [-0.04017603386728538, 4.828435746626932], [-0.25090975229449536, 5.039722368593432], [-0.24474635010115814, 5.853790741053596], [-0.1692609185206202, 5.464726749484631], [-0.41087679321082243, 2.210494490919147], [-0.4394857347572091, 3.7521405508842216], [-0.06501198733575514, 5.525663980478123], [-0.03801657706617649, 4.3147660047343885], [-0.20382065529304327, 5.285647674778959], [0.014792510033621248, 5.333096530321919], [-0.2001904257199131, 4.910634511036712], [-0.31648310863899287, 5.7608926820435205], [-0.28618508520311625, 5.230577016904623], [0.45258168196109544, 0.9617523139022298], [-0.4238250914633541, 4.5357238901523775], [0.11948873781009124, 1.3567242455357815], [0.3140021417352466, 5.706499245909514], [0.1703176774873944, 5.958306170154581], [-0.18012722938274828, 3.493894189582055], [-0.4597531704515083, 4.219998238112335], [0.17403487717231347, 4.4390844422431925], [-0.17040024976164964, 3.187309339811286], [0.14975681967345206, 4.092841121777995], [-0.24612204317821015, 3.98887755486232], [-0.21716975342755818, 5.850068098639262], [0.48787293659218517, 5.365015720384453], [-0.45095666222947056, 5.544923941518353], [-0.047555850431463285, 4.230426777342596], [-0.1889227519882297, 5.060830441480261], [-0.3517057681718648, 3.941562858515107], [-0.18932479680628383, 4.19129418237965], [0.46941590027570373, 5.4643534770653535], [0.28508275211161616, 3.2428523744498357], [-0.008100273600138612, 4.728169625388679], [-0.1047836884848148, 5.194520498264338], [-0.17207635885467842, 3.7916759414453267], [0.3601054282636078, 4.5462855703728415], [0.1286606715972758, 2.601350053607938], [0.2503858182035823, 5.29274036675051], [0.2801943482370118, 5.598671161847907], [-0.06395426755271898, 2.631259836311962], [0.26371551340093186, 2.665153688832039]]","[[-0.735512375831604, 5.071609973907471, -0.41982975602149963], [-0.781180739402771, 4.064624309539795, -0.38334643840789795], [2.5086491107940674, 4.8439741134643555, 0.810574471950531], [-1.690869688987732, 4.409207820892334, -0.17856155335903168], [1.8264570236206055, 4.0445404052734375, 0.09593416750431061], [0.806373119354248, 2.1923611164093018, -0.25782671570777893], [2.3258464336395264, 5.314465522766113, 0.7844532132148743], [1.4319427013397217, 5.578310966491699, -1.0808542966842651], [-0.7704256176948547, 2.14143443107605, -0.08076226711273193], [-0.2747912108898163, 3.1189844608306885, -0.7235056161880493], [0.5631309151649475, 2.9999711513519287, 0.12128958851099014], [2.097599744796753, 4.09572172164917, 0.3754720985889435], [-0.6919013261795044, 5.709843635559082, -0.6784160733222961], [1.0075819492340088, 5.458253383636475, -0.9442963004112244], [-0.8343181610107422, 5.747586250305176, -0.31557759642601013], [-0.42395034432411194, 5.697216510772705, -0.7365975975990295], [-1.16005277633667, 5.355739593505859, -0.8161808848381042], [2.0338191986083984, 4.5210676193237305, 0.5370109677314758], [0.7337834239006042, 5.300148963928223, -1.2826670408248901], [-0.6045415997505188, 1.4616477489471436, -0.4349193871021271], [1.4342089891433716, 5.5105695724487305, -1.064271330833435], [-0.15580470860004425, 2.233808755874634, 0.1942511945962906], [-1.1739826202392578, 5.660854816436768, -0.7993767261505127], [0.6671563982963562, 4.9510884284973145, 0.08018825948238373], [0.9604702591896057, 4.650146961212158, -0.4360598027706146], [-1.2429896593093872, 3.776762008666992, -0.8402048349380493], [1.8771520853042603, 5.262132167816162, -0.6439931392669678], [1.155704140663147, 5.119636535644531, -0.9208241105079651], [1.0243852138519287, 4.614221096038818, -0.3322118818759918], [-1.3120083808898926, 4.4540181159973145, -0.9510701298713684], [-2.1223397254943848, 4.517705917358398, -0.9276341795921326], [-2.6456050872802734, 4.913604259490967, -1.5754704475402832], [2.2696025371551514, 5.486732482910156, -0.12071239203214645], [0.9093790054321289, 4.313949108123779, 0.5192649364471436], [-1.8733155727386475, 5.270479202270508, -0.5131598711013794], [-1.434418797492981, 2.976118564605713, -0.5435752868652344], [-0.5687529444694519, 4.522246837615967, -0.841819167137146], [-0.9702979922294617, 4.599729061126709, -0.38003405928611755], [0.7296291589736938, 2.2370800971984863, 0.18609796464443207], [-1.2860043048858643, 5.646541118621826, 0.3764677941799164], [0.12379542738199234, 4.747463226318359, 0.05897322669625282], [1.2786457538604736, 4.711605072021484, -1.050066351890564], [1.2765042781829834, 5.660760879516602, 0.28941968083381653], [0.9454124569892883, 5.1928606033325195, -1.166559100151062], [0.9547919034957886, 1.9833277463912964, -0.03672834113240242], [1.6238069534301758, 3.367189884185791, -0.2100205272436142], [0.2728913426399231, 5.443265914916992, -0.1400608867406845], [0.2149532288312912, 4.130335807800293, -0.9113872647285461], [1.0732896327972412, 5.052921772003174, -0.8341825008392334], [-0.09902448207139969, 5.187546253204346, -0.7424336671829224], [0.8582029342651367, 4.764886379241943, 0.44744107127189636], [1.7300890684127808, 5.448585510253906, -0.3523448407649994], [1.4634310007095337, 4.947659015655518, -0.586247444152832], [-0.3025670051574707, 0.761637806892395, 0.05829368531703949], [1.8829679489135742, 4.095810890197754, -0.4020892083644867], [-0.0657423734664917, 1.2583720684051514, 0.05360399931669235], [-1.8537741899490356, 5.257071495056152, -0.16569417715072632], [-0.9858658909797668, 5.608870983123779, -1.3120163679122925], [0.6224063634872437, 3.3841347694396973, 0.07435598969459534], [1.798193335533142, 3.787522315979004, 0.46751636266708374], [-0.7489219307899475, 4.207465648651123, -0.6649905443191528], [0.5894699692726135, 3.0493807792663574, -0.371214896440506], [-0.6541420221328735, 3.9293251037597656, 0.15746080875396729], [1.016788125038147, 3.7583773136138916, -0.6241424083709717], [1.2403390407562256, 5.591884613037109, -0.9066542387008667], [-2.573761224746704, 4.538285732269287, -0.027640456333756447], [2.4012160301208496, 4.959827899932861, -0.5264875888824463], [0.11874957382678986, 4.134964942932129, 0.41843512654304504], [0.8666809797286987, 4.931448936462402, 0.09942346066236496], [1.3445065021514893, 3.680060386657715, -0.0017258523730561137], [0.7970044016838074, 4.040553092956543, -0.3839561641216278], [-2.5261294841766357, 4.67857027053833, 0.03709970787167549], [-0.8299883008003235, 2.935978412628174, -0.6277530789375305], [-0.01725850999355316, 4.645467281341553, -0.0787845328450203], [0.4716223478317261, 5.105075359344482, -0.0506548136472702], [0.650888979434967, 3.676102876663208, -0.11362805217504501], [-1.5445491075515747, 4.010852336883545, -0.9767881631851196], [-0.29389622807502747, 2.4829893112182617, -0.016923734918236732], [-1.3201606273651123, 4.948207378387451, -0.687322735786438], [-1.651635766029358, 5.2150959968566895, 0.20126692950725555], [0.1801232248544693, 2.5401113033294678, 0.28212225437164307], [-0.6076949834823608, 2.428687334060669, -0.4173581302165985]]"
2612,0.06354522520635993,-0.03175657134482822,0.01588630630158998,-0.049546761785228134,0.019304060076263948,0.7123688205900863,0.6997879215249855,0.06480288142503692,-0.030508653602207964,0.015617970093165984,-0.04899950319690437,0.019854057615436464,0.7120732687325017,0.7001117946723009,"[75, 95, 163, 205, 229, 254, 345, 421, 429, 456, 478, 490, 494, 505, 585, 606, 626, 656, 677, 748, 877, 963, 1061, 1158, 1168, 1344, 1442, 1500, 1503, 1556, 1629, 1632, 1695, 1810, 1896, 1950, 1958, 2004, 2057, 2158, 2185, 2229, 2276, 2463, 2512, 2527, 2541, 2659, 2702, 2731, 2750, 2846, 2855, 2938, 2986, 3182, 3228, 3232, 3249, 3275, 3342, 3549, 3566, 3586, 3748, 3983, 4007, 4034, 4064, 4092, 4136, 4138, 4216, 4246, 4322, 4400, 4420, 4515, 4662, 4828, 4838, 4848, 4875]","[[0.13827736262165927, 5.183334595454375], [0.18545635648047193, 4.202131914311458], [0.24181748795465446, 5.984325316674801], [0.359297218554612, 4.781121658907289], [-0.43001695866562034, 4.442078567515189], [-0.33437569557032887, 2.359886802044049], [-0.2481825667716585, 5.877968795116161], [-0.3849786608664937, 3.4422248944045846], [0.3489541536980866, 2.3284916699994334], [0.09547758254043229, 3.253336953117368], [-0.18554745753143223, 3.0757163408612227], [-0.4844917998486038, 4.615381590741147], [0.11469426848882133, 5.83226776675914], [-0.1804578979282898, 5.652288777324648], [0.13657564649229922, 5.858697846340331], [0.06940194644847957, 5.798747489741106], [0.47803906743796, 5.94544322787219], [0.20720939602297922, 5.587497062515334], [-0.4560602851528355, 5.159916261102441], [-0.1314731468969941, 5.529439796914363], [0.4025204252106734, 1.6988527080221583], [-0.249321880245347, 5.810159595616868], [-0.42986604141847873, 3.078694302475753], [0.19665003526434655, 5.882226234580776], [-0.1409609467611015, 5.020328725901986], [-0.20204259972634667, 4.7884495132904625], [0.3131962014948635, 4.117144589029402], [-0.0922872287654069, 4.823365897785463], [-0.34132186382473156, 5.633417404195231], [-0.2178721653198862, 5.349277927083006], [-0.22067435368562474, 4.757839519967679], [0.2808232982766108, 4.789881762471726], [0.43090965779204127, 5.136180351890207], [0.48085851515537215, 5.858999568662491], [-0.39807533790926125, 5.943837408903926], [0.33239920591714994, 5.6691654797712765], [0.44599315602079237, 3.4077673151280043], [0.12423829374824447, 4.67809157544409], [0.2025385993792009, 4.761630492789581], [-0.31038098322079366, 2.37134443469707], [0.21193439939526545, 5.846744586392728], [-0.032959965288047066, 4.7790123778997575], [-0.2580562876759035, 5.009212481459738], [-0.23430999112281667, 5.826558971725686], [-0.17521337339281817, 5.427557925440704], [-0.43542475789944574, 2.204119532859783], [-0.446404827976398, 3.7466226685960944], [-0.05734153312073851, 5.4823697907237285], [-0.0459674958308803, 4.267484623481578], [-0.20770530526924197, 5.253518486092741], [0.016969525144407794, 5.277872728596035], [-0.31075589669850734, 5.74107251114273], [-0.3518977472020995, 4.544947944223231], [-0.28408763413438626, 5.207145480250951], [0.41325558902779214, 0.8741267209556395], [-0.4277966939921008, 4.529726827726148], [0.08047811932053946, 1.2977172444803142], [-0.4532581453659061, 4.276891008553821], [0.3298981923065923, 5.628015190509084], [0.17095560472035967, 5.8873212684275495], [-0.1829105439577081, 3.462436449272811], [0.17459918539281388, 4.370812070994972], [-0.18277227571765994, 3.150978606529716], [-0.10448824254193388, 4.4761189422411585], [0.1601921058928847, 4.026950576187662], [-0.257257963088514, 3.960882866568373], [-0.21700619309662655, 5.819348609654221], [0.4699739112924345, 5.990653163901863], [0.5056827720363309, 5.277479355939594], [-0.45126929864046506, 5.537039129113034], [-0.18169237515489192, 5.027253365146395], [-0.35138312040245934, 3.9267532580510105], [-0.19255916912397847, 4.156258559712926], [0.4859416686025902, 5.374339727398443], [0.2767475718887659, 3.167390394576092], [0.0012517537293601712, 4.678778353360285], [-0.09872756925274764, 5.152190625750606], [-0.1752865439286882, 3.7568987626061867], [0.3634730897601775, 4.460784255511682], [0.12218477937924732, 2.5400120764932104], [0.2540894109951703, 5.2177866605687475], [0.2966863570786038, 5.521306129751639], [0.2504012923536535, 2.5868074067842812]]","[[-0.735512375831604, 5.071609973907471, -0.41982975602149963], [-0.781180739402771, 4.064624309539795, -0.38334643840789795], [-1.4044524431228638, 5.5760698318481445, -1.468826174736023], [-1.690869688987732, 4.409207820892334, -0.17856155335903168], [1.8264570236206055, 4.0445404052734375, 0.09593416750431061], [0.806373119354248, 2.1923611164093018, -0.25782671570777893], [1.4319427013397217, 5.578310966491699, -1.0808542966842651], [1.3069241046905518, 3.06561541557312, -0.8319397568702698], [-0.7704256176948547, 2.14143443107605, -0.08076226711273193], [-0.2747912108898163, 3.1189844608306885, -0.7235056161880493], [0.5631309151649475, 2.9999711513519287, 0.12128958851099014], [2.097599744796753, 4.09572172164917, 0.3754720985889435], [-0.6919013261795044, 5.709843635559082, -0.6784160733222961], [1.0075819492340088, 5.458253383636475, -0.9442963004112244], [-0.8343181610107422, 5.747586250305176, -0.31557759642601013], [-0.42395034432411194, 5.697216510772705, -0.7365975975990295], [-2.764158248901367, 5.197350025177002, 0.06001332402229309], [-1.16005277633667, 5.355739593505859, -0.8161808848381042], [2.2709784507751465, 4.476779937744141, -1.177621603012085], [0.7337834239006042, 5.300148963928223, -1.2826670408248901], [-0.6045415997505188, 1.4616477489471436, -0.4349193871021271], [1.4342089891433716, 5.5105695724487305, -1.064271330833435], [1.311916470527649, 2.6942319869995117, -0.6828466653823853], [-1.1739826202392578, 5.660854816436768, -0.7993767261505127], [0.6671563982963562, 4.9510884284973145, 0.08018825948238373], [0.9604702591896057, 4.650146961212158, -0.4360598027706146], [-1.2429896593093872, 3.776762008666992, -0.8402048349380493], [0.4597528278827667, 4.608142852783203, -1.2361524105072021], [1.8771520853042603, 5.262132167816162, -0.6439931392669678], [1.155704140663147, 5.119636535644531, -0.9208241105079651], [1.0243852138519287, 4.614221096038818, -0.3322118818759918], [-1.3120083808898926, 4.4540181159973145, -0.9510701298713684], [-2.1223397254943848, 4.517705917358398, -0.9276341795921326], [-2.6456050872802734, 4.913604259490967, -1.5754704475402832], [2.2696025371551514, 5.486732482910156, -0.12071239203214645], [-1.8733155727386475, 5.270479202270508, -0.5131598711013794], [-1.434418797492981, 2.976118564605713, -0.5435752868652344], [-0.5687529444694519, 4.522246837615967, -0.841819167137146], [-0.9702979922294617, 4.599729061126709, -0.38003405928611755], [0.7296291589736938, 2.2370800971984863, 0.18609796464443207], [-1.2860043048858643, 5.646541118621826, 0.3764677941799164], [0.12379542738199234, 4.747463226318359, 0.05897322669625282], [1.2786457538604736, 4.711605072021484, -1.050066351890564], [1.2765042781829834, 5.660760879516602, 0.28941968083381653], [0.9454124569892883, 5.1928606033325195, -1.166559100151062], [0.9547919034957886, 1.9833277463912964, -0.03672834113240242], [1.6238069534301758, 3.367189884185791, -0.2100205272436142], [0.2728913426399231, 5.443265914916992, -0.1400608867406845], [0.2149532288312912, 4.130335807800293, -0.9113872647285461], [1.0732896327972412, 5.052921772003174, -0.8341825008392334], [-0.09902448207139969, 5.187546253204346, -0.7424336671829224], [1.7300890684127808, 5.448585510253906, -0.3523448407649994], [1.5730301141738892, 4.140717029571533, -0.9680286645889282], [1.4634310007095337, 4.947659015655518, -0.586247444152832], [-0.3025670051574707, 0.761637806892395, 0.05829368531703949], [1.8829679489135742, 4.095810890197754, -0.4020892083644867], [-0.0657423734664917, 1.2583720684051514, 0.05360399931669235], [1.8801361322402954, 3.701002836227417, -1.0135948657989502], [-1.8537741899490356, 5.257071495056152, -0.16569417715072632], [-0.9858658909797668, 5.608870983123779, -1.3120163679122925], [0.6224063634872437, 3.3841347694396973, 0.07435598969459534], [-0.7489219307899475, 4.207465648651123, -0.6649905443191528], [0.5894699692726135, 3.0493807792663574, -0.371214896440506], [0.48165133595466614, 4.282543182373047, -1.097767949104309], [-0.6541420221328735, 3.9293251037597656, 0.15746080875396729], [1.016788125038147, 3.7583773136138916, -0.6241424083709717], [1.2403390407562256, 5.591884613037109, -0.9066542387008667], [-2.6915078163146973, 5.164315700531006, -1.1206786632537842], [-2.573761224746704, 4.538285732269287, -0.027640456333756447], [2.4012160301208496, 4.959827899932861, -0.5264875888824463], [0.8666809797286987, 4.931448936462402, 0.09942346066236496], [1.3445065021514893, 3.680060386657715, -0.0017258523730561137], [0.7970044016838074, 4.040553092956543, -0.3839561641216278], [-2.5261294841766357, 4.67857027053833, 0.03709970787167549], [-0.8299883008003235, 2.935978412628174, -0.6277530789375305], [-0.01725850999355316, 4.645467281341553, -0.0787845328450203], [0.4716223478317261, 5.105075359344482, -0.0506548136472702], [0.650888979434967, 3.676102876663208, -0.11362805217504501], [-1.5445491075515747, 4.010852336883545, -0.9767881631851196], [-0.29389622807502747, 2.4829893112182617, -0.016923734918236732], [-1.3201606273651123, 4.948207378387451, -0.687322735786438], [-1.651635766029358, 5.2150959968566895, 0.20126692950725555], [-0.6076949834823608, 2.428687334060669, -0.4173581302165985]]"
2614,-0.032442655512116884,0.016219193444705366,-0.008110663878029221,-0.02733528256075088,0.042866594367916074,0.702930190311565,0.7094394864702466,-0.03354911073036781,0.014692145125830152,-0.009046751162784703,-0.026880640713532484,0.04329246777725447,0.7029168438263166,0.7094442219468948,"[75, 95, 163, 205, 229, 254, 345, 421, 429, 456, 478, 494, 505, 585, 602, 606, 626, 656, 677, 748, 900, 963, 1061, 1158, 1168, 1344, 1442, 1500, 1503, 1556, 1629, 1632, 1695, 1896, 1950, 1958, 2004, 2057, 2185, 2229, 2276, 2463, 2512, 2527, 2541, 2659, 2702, 2731, 2750, 2846, 2855, 2938, 2986, 3182, 3228, 3232, 3249, 3275, 3332, 3342, 3549, 3566, 3586, 3740, 3748, 3983, 4007, 4034, 4064, 4092, 4136, 4138, 4216, 4246, 4322, 4400, 4418, 4420, 4515, 4662, 4828, 4838, 4848, 4875, 4948]","[[0.14643561002960098, 5.119919107768114], [0.19018805448682197, 4.133641069411282], [0.24110656843051215, 5.9080787055120725], [0.3699310939594874, 4.7000518726451155], [-0.4249919698133405, 4.437826711691888], [-0.3581570406592906, 2.3445418726705496], [-0.24931003349736203, 5.850227070978071], [-0.399125437064514, 3.4306457564797936], [0.34343553495373036, 2.2500151009445837], [0.08219452075604423, 3.192585236463013], [-0.1882901766444287, 3.044222260755927], [0.12194870604262932, 5.769627341485291], [-0.18027755477126872, 5.619288966644649], [0.14941626847913742, 5.795793732860066], [-0.3456306679033534, 5.681289709134563], [0.0762141857567673, 5.742066840933652], [0.49844157471517453, 5.8577394492337955], [0.21210617064166362, 5.516573047045386], [-0.4626505358006883, 5.154966098617836], [-0.13778842007880715, 5.489425204855636], [-0.3534762315858487, 4.860067341835998], [-0.2517193519696223, 5.784531611144642], [-0.4531827221619339, 3.0703340156118477], [0.206903345910841, 5.8116500779514615], [-0.13181485179270866, 4.985092445706966], [-0.2023924847248172, 4.7581905658823205], [0.3111395859888115, 4.03735274286603], [-0.09966948697628426, 4.779269930326985], [-0.33726563160495654, 5.6194841192209], [-0.22003585582461085, 5.318487931875483], [-0.21678329802483212, 4.729278935560781], [0.2821979138740662, 4.7145264262993125], [0.43497872141429356, 5.0467649932647385], [-0.39048583924149943, 5.936492781151197], [0.3427964454959345, 5.590112711865746], [0.4426395342459304, 3.3192239382158393], [0.12323252394165524, 4.612140022364236], [0.20842185259014254, 4.692805119804687], [0.23427531078161426, 5.781024964945616], [-0.022550807925568263, 4.735671739699966], [-0.26109914685635555, 4.984352569428999], [-0.22053077947245173, 5.801750044037589], [-0.17788335006152367, 5.3936177036665445], [-0.4582347674467608, 2.2022363376591247], [-0.4480545622993366, 3.7427494011791973], [-0.04530159922884448, 5.438263718321339], [-0.05395051425815135, 4.221506129420629], [-0.20629233093152277, 5.223150834625461], [0.019416962855356955, 5.224507872438402], [-0.3055375910696459, 5.721619375590278], [-0.35826446121664707, 4.528422004432635], [-0.2849443301684981, 5.186558877656827], [0.3632902371401417, 0.7952651709900824], [-0.42903592127870344, 4.523838802413818], [0.039086398637757126, 1.2427529901448393], [-0.46292016599713437, 4.272666892905729], [0.34393721624115353, 5.551882190374285], [0.1715577321029595, 5.823078680104727], [-0.43135955005153803, 5.994648450504446], [-0.18272191663084142, 3.4318121305708753], [0.17406544265787388, 4.3026480691271445], [-0.19305255629633417, 3.119220388194545], [-0.11238197887230204, 4.4333242688591055], [-0.4479852110355253, 5.9116400858147875], [0.16889946897937197, 3.964778970467815], [-0.26233379407740265, 3.9363706247542427], [-0.2147594832317436, 5.788215738273629], [0.47676549808965296, 5.900067818388031], [0.5207812822684553, 5.188715423078289], [-0.4471031153408035, 5.533338377150166], [-0.17251190846083772, 4.996467384666122], [-0.3504716138101548, 3.9147157209846384], [-0.19523894863483826, 4.126236836469431], [0.5042456341357794, 5.2872273112633295], [0.26806347914180656, 3.0899391211866805], [0.0071710202002356616, 4.6297156624612175], [-0.43996820354440513, 5.924135528768103], [-0.08908748359272123, 5.114389311126519], [-0.17685999000422933, 3.7238181360825333], [0.36254406436166053, 4.379968650577751], [0.11718767023129678, 2.4790679519138266], [0.261410313941574, 5.142211885655957], [0.3175038910503236, 5.448060468108875], [0.23777016897100575, 2.5147464240450943], [0.4099834717458088, 5.921486258749988]]","[[-0.735512375831604, 5.071609973907471, -0.41982975602149963], [-0.781180739402771, 4.064624309539795, -0.38334643840789795], [-1.4044524431228638, 5.5760698318481445, -1.468826174736023], [-1.690869688987732, 4.409207820892334, -0.17856155335903168], [1.8264570236206055, 4.0445404052734375, 0.09593416750431061], [0.806373119354248, 2.1923611164093018, -0.25782671570777893], [1.4319427013397217, 5.578310966491699, -1.0808542966842651], [1.3069241046905518, 3.06561541557312, -0.8319397568702698], [-0.7704256176948547, 2.14143443107605, -0.08076226711273193], [-0.2747912108898163, 3.1189844608306885, -0.7235056161880493], [0.5631309151649475, 2.9999711513519287, 0.12128958851099014], [-0.6919013261795044, 5.709843635559082, -0.6784160733222961], [1.0075819492340088, 5.458253383636475, -0.9442963004112244], [-0.8343181610107422, 5.747586250305176, -0.31557759642601013], [1.8806500434875488, 5.145644664764404, -1.5253527164459229], [-0.42395034432411194, 5.697216510772705, -0.7365975975990295], [-2.764158248901367, 5.197350025177002, 0.06001332402229309], [-1.16005277633667, 5.355739593505859, -0.8161808848381042], [2.2709784507751465, 4.476779937744141, -1.177621603012085], [0.7337834239006042, 5.300148963928223, -1.2826670408248901], [1.6519150733947754, 4.408895492553711, -1.2341716289520264], [1.4342089891433716, 5.5105695724487305, -1.064271330833435], [1.311916470527649, 2.6942319869995117, -0.6828466653823853], [-1.1739826202392578, 5.660854816436768, -0.7993767261505127], [0.6671563982963562, 4.9510884284973145, 0.08018825948238373], [0.9604702591896057, 4.650146961212158, -0.4360598027706146], [-1.2429896593093872, 3.776762008666992, -0.8402048349380493], [0.4597528278827667, 4.608142852783203, -1.2361524105072021], [1.8771520853042603, 5.262132167816162, -0.6439931392669678], [1.155704140663147, 5.119636535644531, -0.9208241105079651], [1.0243852138519287, 4.614221096038818, -0.3322118818759918], [-1.3120083808898926, 4.4540181159973145, -0.9510701298713684], [-2.1223397254943848, 4.517705917358398, -0.9276341795921326], [2.2696025371551514, 5.486732482910156, -0.12071239203214645], [-1.8733155727386475, 5.270479202270508, -0.5131598711013794], [-1.434418797492981, 2.976118564605713, -0.5435752868652344], [-0.5687529444694519, 4.522246837615967, -0.841819167137146], [-0.9702979922294617, 4.599729061126709, -0.38003405928611755], [-1.2860043048858643, 5.646541118621826, 0.3764677941799164], [0.12379542738199234, 4.747463226318359, 0.05897322669625282], [1.2786457538604736, 4.711605072021484, -1.050066351890564], [1.2765042781829834, 5.660760879516602, 0.28941968083381653], [0.9454124569892883, 5.1928606033325195, -1.166559100151062], [0.9547919034957886, 1.9833277463912964, -0.03672834113240242], [1.6238069534301758, 3.367189884185791, -0.2100205272436142], [0.2728913426399231, 5.443265914916992, -0.1400608867406845], [0.2149532288312912, 4.130335807800293, -0.9113872647285461], [1.0732896327972412, 5.052921772003174, -0.8341825008392334], [-0.09902448207139969, 5.187546253204346, -0.7424336671829224], [1.7300890684127808, 5.448585510253906, -0.3523448407649994], [1.5730301141738892, 4.140717029571533, -0.9680286645889282], [1.4634310007095337, 4.947659015655518, -0.586247444152832], [-0.3025670051574707, 0.761637806892395, 0.05829368531703949], [1.8829679489135742, 4.095810890197754, -0.4020892083644867], [-0.0657423734664917, 1.2583720684051514, 0.05360399931669235], [1.8801361322402954, 3.701002836227417, -1.0135948657989502], [-1.8537741899490356, 5.257071495056152, -0.16569417715072632], [-0.9858658909797668, 5.608870983123779, -1.3120163679122925], [2.5028815269470215, 5.359457969665527, -0.9903854727745056], [0.6224063634872437, 3.3841347694396973, 0.07435598969459534], [-0.7489219307899475, 4.207465648651123, -0.6649905443191528], [0.5894699692726135, 3.0493807792663574, -0.371214896440506], [0.48165133595466614, 4.282543182373047, -1.097767949104309], [2.503080129623413, 5.132517337799072, -1.5401722192764282], [-0.6541420221328735, 3.9293251037597656, 0.15746080875396729], [1.016788125038147, 3.7583773136138916, -0.6241424083709717], [1.2403390407562256, 5.591884613037109, -0.9066542387008667], [-2.6915078163146973, 5.164315700531006, -1.1206786632537842], [-2.573761224746704, 4.538285732269287, -0.027640456333756447], [2.4012160301208496, 4.959827899932861, -0.5264875888824463], [0.8666809797286987, 4.931448936462402, 0.09942346066236496], [1.3445065021514893, 3.680060386657715, -0.0017258523730561137], [0.7970044016838074, 4.040553092956543, -0.3839561641216278], [-2.5261294841766357, 4.67857027053833, 0.03709970787167549], [-0.8299883008003235, 2.935978412628174, -0.6277530789375305], [-0.01725850999355316, 4.645467281341553, -0.0787845328450203], [2.4902968406677246, 5.183897972106934, -1.4277639389038086], [0.4716223478317261, 5.105075359344482, -0.0506548136472702], [0.650888979434967, 3.676102876663208, -0.11362805217504501], [-1.5445491075515747, 4.010852336883545, -0.9767881631851196], [-0.29389622807502747, 2.4829893112182617, -0.016923734918236732], [-1.3201606273651123, 4.948207378387451, -0.687322735786438], [-1.651635766029358, 5.2150959968566895, 0.20126692950725555], [-0.6076949834823608, 2.428687334060669, -0.4173581302165985], [-2.3607006072998047, 5.372984886169434, -0.9860233068466187]]"
2616,-0.12835580270278427,0.06404559690982717,-0.03208895067569607,-0.001804118224417261,0.061482093982267165,0.6928134361149804,0.7184888586579072,-0.12779600441861155,0.06352112379602085,-0.028521558228125767,-0.0009852605642412906,0.06020455018397061,0.6930517540264393,0.7183687824784998,"[40, 75, 95, 205, 229, 254, 345, 421, 429, 456, 478, 494, 505, 585, 602, 606, 626, 656, 677, 748, 874, 900, 963, 1061, 1158, 1168, 1344, 1442, 1500, 1503, 1556, 1629, 1632, 1695, 1896, 1950, 1958, 2004, 2057, 2185, 2229, 2276, 2463, 2512, 2527, 2541, 2659, 2702, 2731, 2750, 2846, 2855, 2938, 3182, 3228, 3232, 3248, 3249, 3275, 3332, 3342, 3549, 3566, 3586, 3740, 3748, 3804, 3983, 4007, 4034, 4091, 4092, 4136, 4138, 4216, 4246, 4322, 4400, 4418, 4420, 4515, 4662, 4828, 4838, 4848, 4875, 4948]","[[-0.43982853104819813, 5.578558526284871], [0.154063795034807, 5.059719696241332], [0.19378788315454665, 4.069963711131986], [0.37887669819223657, 4.618663522525949], [-0.4160743074705197, 4.435806526370357], [-0.37839448798637026, 2.336087649739078], [-0.24648241005006422, 5.827144908417897], [-0.4173929326467821, 3.4232183151389957], [0.33706974204967144, 2.174121205337846], [0.06874783311625626, 3.135223301140769], [-0.18996467473152967, 3.0195226104041106], [0.12951807876186228, 5.71163290928127], [-0.17919963939322617, 5.587272883339841], [0.15996446779898876, 5.733601308487644], [-0.35020028847750423, 5.664392820377873], [0.08067176214152123, 5.6860131646134935], [0.5162563997770009, 5.770212612389469], [0.218389608478285, 5.448209922582892], [-0.4681622697894605, 5.152033717503486], [-0.13996534717456324, 5.452677088447283], [0.28717622636728196, 5.933391633030843], [-0.36243904154034984, 4.848007486347346], [-0.24999400253366613, 5.75838138337857], [-0.4698271218824166, 3.067544679005299], [0.21229308676431047, 5.744402950541634], [-0.12065832803033856, 4.949940498148909], [-0.19834284329921154, 4.7315395070581046], [0.309299843780827, 3.9604160610160286], [-0.10829765449585636, 4.737066358458276], [-0.3359362108630907, 5.605341756702679], [-0.21731236551929803, 5.289444814716279], [-0.2125859991932695, 4.703175607055961], [0.28192349148852314, 4.637980810260868], [0.44073667894385526, 4.96058559809725], [-0.3786983496049261, 5.9312274929950535], [0.35285520072541804, 5.5125144030370326], [0.4436919786543177, 3.2338018295386513], [0.12217294019890967, 4.551733219825651], [0.21517881336971806, 4.626690775613659], [0.2521766851978819, 5.714305969127486], [-0.012655589106042425, 4.691075709423512], [-0.26645523733641246, 4.96286013306135], [-0.2029998408125701, 5.780280331096058], [-0.1793856179922643, 5.3629933729719665], [-0.47356883353320817, 2.2020573530153342], [-0.4510933661352666, 3.744502103468852], [-0.03651673350605469, 5.393613690601134], [-0.06251488369362725, 4.175147476255526], [-0.20643511732598036, 5.193610710105108], [0.023228187333225417, 5.172576086406521], [-0.2959630889493547, 5.703814642964996], [-0.3680629871615591, 4.5150429629093916], [-0.2825061641562245, 5.166763579967372], [-0.4274337784391064, 4.521484565586024], [-0.00767644239112168, 1.200716805862735], [-0.47444992171925265, 4.267896376763296], [-0.49641529649995786, 4.047929659202219], [0.3581248699794424, 5.473816591751878], [0.1714189472945538, 5.753243017315982], [-0.428036526631851, 5.990392548227226], [-0.18083075974028862, 3.4055617291467963], [0.17342368287520724, 4.236255514064612], [-0.20221609173800972, 3.089953693689465], [-0.11971552640854224, 4.393120152559429], [-0.44993728208749073, 5.906957463991217], [0.1800756842171616, 3.907745232265094], [0.41004347843274624, 5.925706973053975], [-0.271448676781499, 3.912262179918886], [-0.21006500254328042, 5.7630577333004025], [0.4834293550950744, 5.809549838070162], [0.5105212289065436, 1.9656826092160182], [-0.4409128232887671, 5.533981122717597], [-0.16117024349329503, 4.972039699295592], [-0.3482145485917393, 3.9054447851570724], [-0.19446334963126882, 4.0993351839883], [0.5196082661971778, 5.199943043960275], [0.258302814040767, 3.0155565333139136], [0.015766181024937966, 4.584224386148976], [-0.4438307073603175, 5.916952463559141], [-0.07720560470217944, 5.07670542104929], [-0.17312484824779772, 3.696602789880282], [0.35942436932145144, 4.298019695890781], [0.1087798016637777, 2.424200941411136], [0.26507626759452446, 5.06953652685856], [0.33209889097460626, 5.376879995843401], [0.2229747002663923, 2.442468545383151], [0.4185669652333896, 5.835983143560744]]","[[2.3047897815704346, 4.8491926193237305, -1.5475404262542725], [-0.735512375831604, 5.071609973907471, -0.41982975602149963], [-0.781180739402771, 4.064624309539795, -0.38334643840789795], [-1.690869688987732, 4.409207820892334, -0.17856155335903168], [1.8264570236206055, 4.0445404052734375, 0.09593416750431061], [0.806373119354248, 2.1923611164093018, -0.25782671570777893], [1.4319427013397217, 5.578310966491699, -1.0808542966842651], [1.3069241046905518, 3.06561541557312, -0.8319397568702698], [-0.7704256176948547, 2.14143443107605, -0.08076226711273193], [-0.2747912108898163, 3.1189844608306885, -0.7235056161880493], [0.5631309151649475, 2.9999711513519287, 0.12128958851099014], [-0.6919013261795044, 5.709843635559082, -0.6784160733222961], [1.0075819492340088, 5.458253383636475, -0.9442963004112244], [-0.8343181610107422, 5.747586250305176, -0.31557759642601013], [1.8806500434875488, 5.145644664764404, -1.5253527164459229], [-0.42395034432411194, 5.697216510772705, -0.7365975975990295], [-2.764158248901367, 5.197350025177002, 0.06001332402229309], [-1.16005277633667, 5.355739593505859, -0.8161808848381042], [2.2709784507751465, 4.476779937744141, -1.177621603012085], [0.7337834239006042, 5.300148963928223, -1.2826670408248901], [-1.6339755058288574, 5.771999359130859, -0.6272463202476501], [1.6519150733947754, 4.408895492553711, -1.2341716289520264], [1.4342089891433716, 5.5105695724487305, -1.064271330833435], [1.311916470527649, 2.6942319869995117, -0.6828466653823853], [-1.1739826202392578, 5.660854816436768, -0.7993767261505127], [0.6671563982963562, 4.9510884284973145, 0.08018825948238373], [0.9604702591896057, 4.650146961212158, -0.4360598027706146], [-1.2429896593093872, 3.776762008666992, -0.8402048349380493], [0.4597528278827667, 4.608142852783203, -1.2361524105072021], [1.8771520853042603, 5.262132167816162, -0.6439931392669678], [1.155704140663147, 5.119636535644531, -0.9208241105079651], [1.0243852138519287, 4.614221096038818, -0.3322118818759918], [-1.3120083808898926, 4.4540181159973145, -0.9510701298713684], [-2.1223397254943848, 4.517705917358398, -0.9276341795921326], [2.2696025371551514, 5.486732482910156, -0.12071239203214645], [-1.8733155727386475, 5.270479202270508, -0.5131598711013794], [-1.434418797492981, 2.976118564605713, -0.5435752868652344], [-0.5687529444694519, 4.522246837615967, -0.841819167137146], [-0.9702979922294617, 4.599729061126709, -0.38003405928611755], [-1.2860043048858643, 5.646541118621826, 0.3764677941799164], [0.12379542738199234, 4.747463226318359, 0.05897322669625282], [1.2786457538604736, 4.711605072021484, -1.050066351890564], [1.2765042781829834, 5.660760879516602, 0.28941968083381653], [0.9454124569892883, 5.1928606033325195, -1.166559100151062], [0.9547919034957886, 1.9833277463912964, -0.03672834113240242], [1.6238069534301758, 3.367189884185791, -0.2100205272436142], [0.2728913426399231, 5.443265914916992, -0.1400608867406845], [0.2149532288312912, 4.130335807800293, -0.9113872647285461], [1.0732896327972412, 5.052921772003174, -0.8341825008392334], [-0.09902448207139969, 5.187546253204346, -0.7424336671829224], [1.7300890684127808, 5.448585510253906, -0.3523448407649994], [1.5730301141738892, 4.140717029571533, -0.9680286645889282], [1.4634310007095337, 4.947659015655518, -0.586247444152832], [1.8829679489135742, 4.095810890197754, -0.4020892083644867], [-0.0657423734664917, 1.2583720684051514, 0.05360399931669235], [1.8801361322402954, 3.701002836227417, -1.0135948657989502], [1.8178768157958984, 3.4164793491363525, -1.193558692932129], [-1.8537741899490356, 5.257071495056152, -0.16569417715072632], [-0.9858658909797668, 5.608870983123779, -1.3120163679122925], [2.5028815269470215, 5.359457969665527, -0.9903854727745056], [0.6224063634872437, 3.3841347694396973, 0.07435598969459534], [-0.7489219307899475, 4.207465648651123, -0.6649905443191528], [0.5894699692726135, 3.0493807792663574, -0.371214896440506], [0.48165133595466614, 4.282543182373047, -1.097767949104309], [2.503080129623413, 5.132517337799072, -1.5401722192764282], [-0.6541420221328735, 3.9293251037597656, 0.15746080875396729], [-2.3218743801116943, 5.552342891693115, -0.4737469255924225], [1.016788125038147, 3.7583773136138916, -0.6241424083709717], [1.2403390407562256, 5.591884613037109, -0.9066542387008667], [-2.6915078163146973, 5.164315700531006, -1.1206786632537842], [-0.9894141554832458, 1.8149076700210571, 0.20754870772361755], [2.4012160301208496, 4.959827899932861, -0.5264875888824463], [0.8666809797286987, 4.931448936462402, 0.09942346066236496], [1.3445065021514893, 3.680060386657715, -0.0017258523730561137], [0.7970044016838074, 4.040553092956543, -0.3839561641216278], [-2.5261294841766357, 4.67857027053833, 0.03709970787167549], [-0.8299883008003235, 2.935978412628174, -0.6277530789375305], [-0.01725850999355316, 4.645467281341553, -0.0787845328450203], [2.4902968406677246, 5.183897972106934, -1.4277639389038086], [0.4716223478317261, 5.105075359344482, -0.0506548136472702], [0.650888979434967, 3.676102876663208, -0.11362805217504501], [-1.5445491075515747, 4.010852336883545, -0.9767881631851196], [-0.29389622807502747, 2.4829893112182617, -0.016923734918236732], [-1.3201606273651123, 4.948207378387451, -0.687322735786438], [-1.651635766029358, 5.2150959968566895, 0.20126692950725555], [-0.6076949834823608, 2.428687334060669, -0.4173581302165985], [-2.3607006072998047, 5.372984886169434, -0.9860233068466187]]"
2618,-0.22397327490016358,0.11128220932215663,-0.055993318725040896,0.02430163436812152,0.0732131339192241,0.6826176406891957,0.7266927990620797,-0.22359057906275165,0.11152473106602497,-0.05733392509030764,0.02439923368420066,0.07302303549269598,0.6831754336654697,0.72618430203293,"[40, 75, 95, 205, 229, 254, 345, 421, 429, 456, 478, 494, 505, 585, 602, 606, 656, 677, 748, 874, 900, 963, 1061, 1158, 1168, 1344, 1500, 1503, 1556, 1629, 1632, 1695, 1896, 1950, 1958, 2004, 2057, 2185, 2229, 2276, 2463, 2512, 2527, 2541, 2659, 2665, 2702, 2731, 2750, 2846, 2855, 2938, 3182, 3232, 3248, 3249, 3332, 3342, 3549, 3566, 3586, 3740, 3748, 3804, 3983, 4007, 4091, 4092, 4136, 4138, 4216, 4322, 4400, 4418, 4420, 4515, 4828, 4838, 4848, 4875, 4948]","[[-0.4480580619940561, 5.572377776400722], [0.15840737395213195, 5.001616619328357], [0.19239792725891475, 4.0062502489486675], [0.3877101129115564, 4.543909101307742], [-0.40894483608344945, 4.437369994593112], [-0.39983919038853355, 2.329415530410873], [-0.24690508488774063, 5.8031574704647335], [-0.4318230423000615, 3.4168020005421593], [0.32550873041827244, 2.1008637856915957], [0.05415188560346454, 3.082392647664894], [-0.1892911316316351, 2.998332797800309], [0.1329292898576261, 5.652866202744922], [-0.17839118905810014, 5.56183700968501], [0.16799735237482058, 5.674832469141509], [-0.355953657475306, 5.651675983920157], [0.08569822164961093, 5.631748645635182], [0.22138691982636682, 5.381144634553145], [-0.4700669249976451, 5.150643942733338], [-0.1444266077261308, 5.416173882569086], [0.2929590185880183, 5.863089505882913], [-0.36799646211414255, 4.832762286673456], [-0.24897440040562568, 5.7380652730726665], [-0.4863481027173238, 3.0698016392880985], [0.21539087666966286, 5.6804319428680285], [-0.11034187887059296, 4.92292805457544], [-0.1967261507796053, 4.706368003145833], [-0.11508583225475152, 4.699228764346408], [-0.3308923188351464, 5.594978086830563], [-0.2209344174278857, 5.2666128886981465], [-0.20861035332893535, 4.681550014633603], [0.2797049315719902, 4.565842732747821], [0.44302684701749573, 4.878258832659244], [-0.36769222119089917, 5.927306652097897], [0.3606641105781908, 5.43677299960228], [0.4384080999083989, 3.1466785763761735], [0.12049068317129223, 4.4945680948812825], [0.21963508508086144, 4.5614440453781135], [0.2673401684366637, 5.6525253826978155], [-0.003484376514318683, 4.651136483816109], [-0.269551832408995, 4.940945056134681], [-0.18964122626872223, 5.7599597052446105], [-0.18315966101974, 5.330833627323103], [-0.49293020503079654, 2.211736919670391], [-0.4522792986523797, 3.7459467704110856], [-0.027514772553609037, 5.35567774459235], [0.2595631966599586, 5.944526383901713], [-0.06975381904920903, 4.1319167860935035], [-0.20628893626544542, 5.168694545188547], [0.026025589890013186, 5.122215620657445], [-0.2870129197138563, 5.691273604316336], [-0.372728340649232, 4.504405120639404], [-0.27887414474308464, 5.149738756645661], [-0.4253768004062947, 4.520483545009012], [-0.4832318488395037, 4.268316670158791], [-0.5097894810867658, 4.049109705525363], [0.36725254777789296, 5.399124613341127], [-0.4262061490413079, 5.987616431519611], [-0.17865759932933625, 3.381842616807203], [0.17158564689573805, 4.173047029052372], [-0.21378393780499236, 3.064633488013968], [-0.13041924960679993, 4.356407994257641], [-0.4518108654391434, 5.904731160698774], [0.18735425827168173, 3.848230146656818], [0.42035925252822354, 5.846230630022514], [-0.27476426779504715, 3.8930767512184747], [-0.2112399089808661, 5.736944601642257], [0.5060952597491748, 1.8858673313218284], [-0.4345931960681675, 5.532847739575421], [-0.15227151212443973, 4.944259191109089], [-0.3439438551593452, 3.8990509183022186], [-0.19570044426088415, 4.072965850155705], [0.24828807853872817, 2.9459388043933235], [0.021070052366219356, 4.5382591776028605], [-0.4446706734625487, 5.912116929712212], [-0.06999500736730174, 5.0416661791145], [-0.17319038072773862, 3.672601854601705], [0.099064039588225, 2.3743494291095857], [0.267460548646366, 4.9992513567537245], [0.34340130042046496, 5.3053612969139055], [0.20865037187722707, 2.3755095215405393], [0.4234050555956395, 5.75367184828058]]","[[2.3047897815704346, 4.8491926193237305, -1.5475404262542725], [-0.735512375831604, 5.071609973907471, -0.41982975602149963], [-0.781180739402771, 4.064624309539795, -0.38334643840789795], [-1.690869688987732, 4.409207820892334, -0.17856155335903168], [1.8264570236206055, 4.0445404052734375, 0.09593416750431061], [0.806373119354248, 2.1923611164093018, -0.25782671570777893], [1.4319427013397217, 5.578310966491699, -1.0808542966842651], [1.3069241046905518, 3.06561541557312, -0.8319397568702698], [-0.7704256176948547, 2.14143443107605, -0.08076226711273193], [-0.2747912108898163, 3.1189844608306885, -0.7235056161880493], [0.5631309151649475, 2.9999711513519287, 0.12128958851099014], [-0.6919013261795044, 5.709843635559082, -0.6784160733222961], [1.0075819492340088, 5.458253383636475, -0.9442963004112244], [-0.8343181610107422, 5.747586250305176, -0.31557759642601013], [1.8806500434875488, 5.145644664764404, -1.5253527164459229], [-0.42395034432411194, 5.697216510772705, -0.7365975975990295], [-1.16005277633667, 5.355739593505859, -0.8161808848381042], [2.2709784507751465, 4.476779937744141, -1.177621603012085], [0.7337834239006042, 5.300148963928223, -1.2826670408248901], [-1.6339755058288574, 5.771999359130859, -0.6272463202476501], [1.6519150733947754, 4.408895492553711, -1.2341716289520264], [1.4342089891433716, 5.5105695724487305, -1.064271330833435], [1.311916470527649, 2.6942319869995117, -0.6828466653823853], [-1.1739826202392578, 5.660854816436768, -0.7993767261505127], [0.6671563982963562, 4.9510884284973145, 0.08018825948238373], [0.9604702591896057, 4.650146961212158, -0.4360598027706146], [0.4597528278827667, 4.608142852783203, -1.2361524105072021], [1.8771520853042603, 5.262132167816162, -0.6439931392669678], [1.155704140663147, 5.119636535644531, -0.9208241105079651], [1.0243852138519287, 4.614221096038818, -0.3322118818759918], [-1.3120083808898926, 4.4540181159973145, -0.9510701298713684], [-2.1223397254943848, 4.517705917358398, -0.9276341795921326], [2.2696025371551514, 5.486732482910156, -0.12071239203214645], [-1.8733155727386475, 5.270479202270508, -0.5131598711013794], [-1.434418797492981, 2.976118564605713, -0.5435752868652344], [-0.5687529444694519, 4.522246837615967, -0.841819167137146], [-0.9702979922294617, 4.599729061126709, -0.38003405928611755], [-1.2860043048858643, 5.646541118621826, 0.3764677941799164], [0.12379542738199234, 4.747463226318359, 0.05897322669625282], [1.2786457538604736, 4.711605072021484, -1.050066351890564], [1.2765042781829834, 5.660760879516602, 0.28941968083381653], [0.9454124569892883, 5.1928606033325195, -1.166559100151062], [0.9547919034957886, 1.9833277463912964, -0.03672834113240242], [1.6238069534301758, 3.367189884185791, -0.2100205272436142], [0.2728913426399231, 5.443265914916992, -0.1400608867406845], [-1.419130563735962, 5.92277193069458, -0.41253772377967834], [0.2149532288312912, 4.130335807800293, -0.9113872647285461], [1.0732896327972412, 5.052921772003174, -0.8341825008392334], [-0.09902448207139969, 5.187546253204346, -0.7424336671829224], [1.7300890684127808, 5.448585510253906, -0.3523448407649994], [1.5730301141738892, 4.140717029571533, -0.9680286645889282], [1.4634310007095337, 4.947659015655518, -0.586247444152832], [1.8829679489135742, 4.095810890197754, -0.4020892083644867], [1.8801361322402954, 3.701002836227417, -1.0135948657989502], [1.8178768157958984, 3.4164793491363525, -1.193558692932129], [-1.8537741899490356, 5.257071495056152, -0.16569417715072632], [2.5028815269470215, 5.359457969665527, -0.9903854727745056], [0.6224063634872437, 3.3841347694396973, 0.07435598969459534], [-0.7489219307899475, 4.207465648651123, -0.6649905443191528], [0.5894699692726135, 3.0493807792663574, -0.371214896440506], [0.48165133595466614, 4.282543182373047, -1.097767949104309], [2.503080129623413, 5.132517337799072, -1.5401722192764282], [-0.6541420221328735, 3.9293251037597656, 0.15746080875396729], [-2.3218743801116943, 5.552342891693115, -0.4737469255924225], [1.016788125038147, 3.7583773136138916, -0.6241424083709717], [1.2403390407562256, 5.591884613037109, -0.9066542387008667], [-0.9894141554832458, 1.8149076700210571, 0.20754870772361755], [2.4012160301208496, 4.959827899932861, -0.5264875888824463], [0.8666809797286987, 4.931448936462402, 0.09942346066236496], [1.3445065021514893, 3.680060386657715, -0.0017258523730561137], [0.7970044016838074, 4.040553092956543, -0.3839561641216278], [-0.8299883008003235, 2.935978412628174, -0.6277530789375305], [-0.01725850999355316, 4.645467281341553, -0.0787845328450203], [2.4902968406677246, 5.183897972106934, -1.4277639389038086], [0.4716223478317261, 5.105075359344482, -0.0506548136472702], [0.650888979434967, 3.676102876663208, -0.11362805217504501], [-0.29389622807502747, 2.4829893112182617, -0.016923734918236732], [-1.3201606273651123, 4.948207378387451, -0.687322735786438], [-1.651635766029358, 5.2150959968566895, 0.20126692950725555], [-0.6076949834823608, 2.428687334060669, -0.4173581302165985], [-2.3607006072998047, 5.372984886169434, -0.9860233068466187]]"
2620,-0.3190748117431737,0.157494032294463,-0.07976870293579343,0.04812791036851346,0.07690548681545599,0.6728720938673401,0.7341746356527302,-0.3191016075577135,0.15480775596857108,-0.07929253071337597,0.047911315422477195,0.07699058471787061,0.6734987746259126,0.7336050410791098,"[40, 75, 95, 205, 229, 254, 345, 421, 429, 467, 478, 494, 505, 585, 602, 606, 656, 677, 748, 874, 900, 963, 1061, 1158, 1168, 1344, 1503, 1556, 1585, 1629, 1896, 1950, 2004, 2057, 2185, 2229, 2276, 2463, 2512, 2527, 2541, 2659, 2665, 2702, 2731, 2750, 2846, 2855, 2938, 3182, 3232, 3248, 3249, 3332, 3342, 3432, 3549, 3566, 3586, 3740, 3748, 3804, 3983, 4007, 4091, 4092, 4100, 4136, 4138, 4216, 4255, 4400, 4418, 4420, 4515, 4828, 4838, 4848, 4875, 4955]","[[-0.451330658259099, 5.57284314991922], [0.1616228696695019, 4.9430934963655355], [0.19313236326647812, 3.9459739668006333], [0.39317606138052585, 4.467641744539368], [-0.4042735233322088, 4.443438531240483], [-0.41958182843781255, 2.3307797591423163], [-0.24476576736398747, 5.783738511525973], [-0.44684098429606656, 3.416408199526341], [0.30954612411904775, 2.0331606311256394], [0.34379809882307516, 4.642574378174235], [-0.1953242917392975, 2.9824996284213454], [0.13592821278156275, 5.595707512941268], [-0.17919975710991606, 5.531119114768515], [0.17303493683237475, 5.619489107854756], [-0.3601444128861286, 5.639158391381913], [0.08705107214104488, 5.579753510071707], [0.22209807968582065, 5.315992750705651], [-0.47361766067134814, 5.154095485121606], [-0.14527222194434886, 5.384511604758106], [0.29759634909581095, 5.7916581473513675], [-0.37361295918910464, 4.8271981841655505], [-0.24955777223529674, 5.717377596347136], [-0.5017871743962748, 3.0767204126224517], [0.2185180611851397, 5.615037412789838], [-0.10473857724643032, 4.895842397143104], [-0.19623126700828333, 4.684885720394135], [-0.3259031751030914, 5.585655522869236], [-0.22120249269621453, 5.244369980225409], [0.03330858173219159, 5.887200608100098], [-0.2074548760033181, 4.662206862727874], [-0.3580480738659617, 5.924664641675735], [0.3645690327623336, 5.36145789820447], [0.1149502210079374, 4.43759262163363], [0.22070286318530646, 4.500639804329977], [0.2752914177559774, 5.5927729188406845], [0.0004970997834238609, 4.611539711247873], [-0.2733704169445387, 4.923326169153125], [-0.17876704452777945, 5.741545876424017], [-0.1860684539968924, 5.303977721262496], [-0.5099842807674361, 2.2258980511338478], [-0.4535419815425819, 3.7539140165986753], [-0.022395483570715927, 5.318234020282747], [0.2665843402867887, 5.878600781294304], [-0.0769903244905238, 4.0952766113183126], [-0.20755755934119793, 5.143838821048206], [0.023413181087237733, 5.080300414722591], [-0.2824645044509172, 5.680388355346884], [-0.3768368242890934, 4.49767264562632], [-0.27598152800326464, 5.136397634328961], [-0.4241418016446289, 4.524201111060244], [-0.4900444639415551, 4.274005876290976], [-0.5230615803303656, 4.053605503754313], [0.3756403294677137, 5.325405260162347], [-0.4234426994199101, 5.988359868636802], [-0.18287584860558698, 3.3640275291650714], [0.29541424369223884, 4.587470974387831], [0.16863693440061336, 4.112800586357991], [-0.22499274146032003, 3.0458444547850125], [-0.13906118352438268, 4.323368324806269], [-0.4553154994540751, 5.90382469675835], [0.18811496580356668, 3.795204151837108], [0.42881721133005973, 5.768718795048447], [-0.28395808892219115, 3.8796546864221337], [-0.20968758456779327, 5.714353267177238], [0.4958282134322711, 1.808926847285304], [-0.4301664865292537, 5.536873918912072], [0.006222546713226398, 4.032243539506269], [-0.14239935089370975, 4.9223869012739545], [-0.3429601420179436, 3.895486992638942], [-0.19670178301769392, 4.051219115670601], [0.3407562277223711, 4.871797662783742], [0.02370107962216852, 4.498213520703818], [-0.44773894713762846, 5.914337797032097], [-0.06553454826337593, 5.011421906408962], [-0.17636828695600812, 3.6490582962144176], [0.08299022227549888, 2.325480838397581], [0.27257967217034074, 4.930956363086283], [0.35349457856916816, 5.237153506838934], [0.1885328291278781, 2.315016895932759], [0.07179682044233443, 5.978737256918741]]","[[2.3047897815704346, 4.8491926193237305, -1.5475404262542725], [-0.735512375831604, 5.071609973907471, -0.41982975602149963], [-0.781180739402771, 4.064624309539795, -0.38334643840789795], [-1.690869688987732, 4.409207820892334, -0.17856155335903168], [1.8264570236206055, 4.0445404052734375, 0.09593416750431061], [0.806373119354248, 2.1923611164093018, -0.25782671570777893], [1.4319427013397217, 5.578310966491699, -1.0808542966842651], [1.3069241046905518, 3.06561541557312, -0.8319397568702698], [-0.7704256176948547, 2.14143443107605, -0.08076226711273193], [-1.3475202322006226, 4.6160688400268555, 0.7044112086296082], [0.5631309151649475, 2.9999711513519287, 0.12128958851099014], [-0.6919013261795044, 5.709843635559082, -0.6784160733222961], [1.0075819492340088, 5.458253383636475, -0.9442963004112244], [-0.8343181610107422, 5.747586250305176, -0.31557759642601013], [1.8806500434875488, 5.145644664764404, -1.5253527164459229], [-0.42395034432411194, 5.697216510772705, -0.7365975975990295], [-1.16005277633667, 5.355739593505859, -0.8161808848381042], [2.2709784507751465, 4.476779937744141, -1.177621603012085], [0.7337834239006042, 5.300148963928223, -1.2826670408248901], [-1.6339755058288574, 5.771999359130859, -0.6272463202476501], [1.6519150733947754, 4.408895492553711, -1.2341716289520264], [1.4342089891433716, 5.5105695724487305, -1.064271330833435], [1.311916470527649, 2.6942319869995117, -0.6828466653823853], [-1.1739826202392578, 5.660854816436768, -0.7993767261505127], [0.6671563982963562, 4.9510884284973145, 0.08018825948238373], [0.9604702591896057, 4.650146961212158, -0.4360598027706146], [1.8771520853042603, 5.262132167816162, -0.6439931392669678], [1.155704140663147, 5.119636535644531, -0.9208241105079651], [0.14096054434776306, 5.985050201416016, 0.6319344639778137], [1.0243852138519287, 4.614221096038818, -0.3322118818759918], [2.2696025371551514, 5.486732482910156, -0.12071239203214645], [-1.8733155727386475, 5.270479202270508, -0.5131598711013794], [-0.5687529444694519, 4.522246837615967, -0.841819167137146], [-0.9702979922294617, 4.599729061126709, -0.38003405928611755], [-1.2860043048858643, 5.646541118621826, 0.3764677941799164], [0.12379542738199234, 4.747463226318359, 0.05897322669625282], [1.2786457538604736, 4.711605072021484, -1.050066351890564], [1.2765042781829834, 5.660760879516602, 0.28941968083381653], [0.9454124569892883, 5.1928606033325195, -1.166559100151062], [0.9547919034957886, 1.9833277463912964, -0.03672834113240242], [1.6238069534301758, 3.367189884185791, -0.2100205272436142], [0.2728913426399231, 5.443265914916992, -0.1400608867406845], [-1.419130563735962, 5.92277193069458, -0.41253772377967834], [0.2149532288312912, 4.130335807800293, -0.9113872647285461], [1.0732896327972412, 5.052921772003174, -0.8341825008392334], [-0.09902448207139969, 5.187546253204346, -0.7424336671829224], [1.7300890684127808, 5.448585510253906, -0.3523448407649994], [1.5730301141738892, 4.140717029571533, -0.9680286645889282], [1.4634310007095337, 4.947659015655518, -0.586247444152832], [1.8829679489135742, 4.095810890197754, -0.4020892083644867], [1.8801361322402954, 3.701002836227417, -1.0135948657989502], [1.8178768157958984, 3.4164793491363525, -1.193558692932129], [-1.8537741899490356, 5.257071495056152, -0.16569417715072632], [2.5028815269470215, 5.359457969665527, -0.9903854727745056], [0.6224063634872437, 3.3841347694396973, 0.07435598969459534], [-1.132378101348877, 4.613344192504883, 0.6494982838630676], [-0.7489219307899475, 4.207465648651123, -0.6649905443191528], [0.5894699692726135, 3.0493807792663574, -0.371214896440506], [0.48165133595466614, 4.282543182373047, -1.097767949104309], [2.503080129623413, 5.132517337799072, -1.5401722192764282], [-0.6541420221328735, 3.9293251037597656, 0.15746080875396729], [-2.3218743801116943, 5.552342891693115, -0.4737469255924225], [1.016788125038147, 3.7583773136138916, -0.6241424083709717], [1.2403390407562256, 5.591884613037109, -0.9066542387008667], [-0.9894141554832458, 1.8149076700210571, 0.20754870772361755], [2.4012160301208496, 4.959827899932861, -0.5264875888824463], [0.11874957382678986, 4.134964942932129, 0.41843512654304504], [0.8666809797286987, 4.931448936462402, 0.09942346066236496], [1.3445065021514893, 3.680060386657715, -0.0017258523730561137], [0.7970044016838074, 4.040553092956543, -0.3839561641216278], [-1.3837485313415527, 4.844825267791748, 0.725816011428833], [-0.01725850999355316, 4.645467281341553, -0.0787845328450203], [2.4902968406677246, 5.183897972106934, -1.4277639389038086], [0.4716223478317261, 5.105075359344482, -0.0506548136472702], [0.650888979434967, 3.676102876663208, -0.11362805217504501], [-0.29389622807502747, 2.4829893112182617, -0.016923734918236732], [-1.3201606273651123, 4.948207378387451, -0.687322735786438], [-1.651635766029358, 5.2150959968566895, 0.20126692950725555], [-0.6076949834823608, 2.428687334060669, -0.4173581302165985], [-0.2004091739654541, 6.134603023529053, 0.0161150936037302]]"
2622,-0.4193098720805656,0.20499544698403385,-0.1048274680201414,0.06801216598835255,0.0717275154435863,0.6632884337479217,0.7418072272916272,-0.4171510335145146,0.20590456885422145,-0.10597210491120641,0.06902428893122652,0.07211529563299994,0.6628959727704288,0.7420269273807052,"[40, 75, 95, 205, 229, 254, 345, 421, 424, 429, 467, 478, 494, 505, 585, 602, 606, 656, 677, 874, 900, 963, 1024, 1061, 1158, 1168, 1217, 1344, 1503, 1547, 1556, 1585, 1629, 1729, 1787, 1896, 1950, 2030, 2057, 2185, 2229, 2276, 2463, 2512, 2541, 2659, 2665, 2702, 2731, 2750, 2781, 2846, 2855, 2938, 3141, 3182, 3232, 3249, 3332, 3342, 3432, 3525, 3549, 3566, 3740, 3748, 3804, 3983, 4007, 4091, 4092, 4100, 4107, 4136, 4138, 4216, 4255, 4400, 4418, 4420, 4515, 4828, 4838, 4848, 4875, 4955]","[[-0.45730019533012434, 5.574162006704268], [0.16293616982116146, 4.888975302760446], [0.18857134843724024, 3.8898170218364565], [0.39789010972914984, 4.397607371207849], [-0.4007948719484724, 4.452210253738758], [-0.44076511660069545, 2.3387633369630376], [-0.24599831509021505, 5.765902743034126], [-0.45814028373478105, 3.418223379442718], [0.17606011828803628, 2.9982824680755344], [0.2913467415163254, 1.9716367769396932], [0.347171092350661, 4.5843838823742304], [-0.2059604598199157, 2.973948350481359], [0.14010171842714056, 5.5459927386744825], [-0.17805326180049183, 5.509680515252017], [0.17720741293043174, 5.564723310751669], [-0.3622598749859426, 5.633416206272568], [0.08945838891760659, 5.532254811857463], [0.2230593076860404, 5.257208603179317], [-0.47752396610626924, 5.159219736438427], [0.30382086825799326, 5.726406134494209], [-0.3813322517695113, 4.821190418003318], [-0.25190008237279, 5.702149796371456], [0.015397773603032806, 2.0700606497542986], [-0.5180115680891376, 3.0854545356500926], [0.22208268700815456, 5.554526864880313], [-0.10307975476372444, 4.874075764723231], [0.36294089982018, 2.3838814634597227], [-0.1981241328848655, 4.667765188776089], [-0.3272364004611345, 5.580535932036133], [0.06530243160163203, 3.7687272001594914], [-0.2225396444103211, 5.228608802211623], [0.040647596145130756, 5.855443190747111], [-0.20910676158378563, 4.644990121198067], [0.06257833937176122, 5.975819224481891], [0.22219351873806156, 4.323994309373285], [-0.35048518885473934, 5.92814349579579], [0.37040499486540557, 5.289706324125716], [0.07665572682206462, 5.998554409433798], [0.2214790523064486, 4.442160233736991], [0.28163843134115646, 5.534591938487342], [0.002122099769956561, 4.580581175076301], [-0.2781536105816167, 4.907792291972012], [-0.17082752962436681, 5.727876291820502], [-0.18927023770875487, 5.2800738658313975], [-0.45898912112942497, 3.7651703503101], [-0.019791521375923094, 5.28454621239202], [0.2699666108140007, 5.817910062194323], [-0.08593612929730762, 4.058686882885993], [-0.20951946044630398, 5.125220136123568], [0.024742275528496307, 5.035847889567313], [-0.13418533651815057, 4.7688455695459], [-0.27851850276137274, 5.672087405422047], [-0.3843416739309351, 4.494312635810289], [-0.2758715211023059, 5.12696165712462], [0.005450709421538814, 5.962180742655995], [-0.4256819322490379, 4.529608419475212], [-0.4977942421159689, 4.282480685989455], [0.3824150158379559, 5.257980816093251], [-0.4210695986769429, 5.990388747423876], [-0.1880872646285244, 3.3520065079849144], [0.3011781588808908, 4.530819577293394], [0.04420611496082118, 5.9324474327223315], [0.16443050178953972, 4.057028618600827], [-0.23804760287772733, 3.0308470854774807], [-0.45685349443899553, 5.905922057520557], [0.18797085844979616, 3.7452509365366713], [0.43517556683475234, 5.69170598346545], [-0.2902501380707717, 3.867547459075269], [-0.20854877402251784, 5.695947983439543], [0.4815495299087191, 1.7414024387136984], [-0.42789095696769014, 5.544989960231766], [0.004179208453169353, 4.001261754643886], [0.21096346515907358, 3.8947132192715133], [-0.14220141362045502, 4.902217973036075], [-0.3461562711113473, 3.8972974566771996], [-0.2037354149819989, 4.033886306174863], [0.3452468657294175, 4.814964567201549], [0.023948571011150426, 4.460405882658004], [-0.44856464203603774, 5.917009838545306], [-0.06376504541315392, 4.982595208183142], [-0.18482425125344704, 3.6323854783964116], [0.06529165572617684, 2.2851376536272365], [0.2728079922399829, 4.866725330696275], [0.36012148366401775, 5.174076090049143], [0.1662572941877375, 2.2585346661360224], [0.07847671145147375, 5.936369506675604]]","[[2.3047897815704346, 4.8491926193237305, -1.5475404262542725], [-0.735512375831604, 5.071609973907471, -0.41982975602149963], [-0.781180739402771, 4.064624309539795, -0.38334643840789795], [-1.690869688987732, 4.409207820892334, -0.17856155335903168], [1.8264570236206055, 4.0445404052734375, 0.09593416750431061], [0.806373119354248, 2.1923611164093018, -0.25782671570777893], [1.4319427013397217, 5.578310966491699, -1.0808542966842651], [1.3069241046905518, 3.06561541557312, -0.8319397568702698], [-0.5038958191871643, 3.150254726409912, 0.4329964220523834], [-0.7704256176948547, 2.14143443107605, -0.08076226711273193], [-1.3475202322006226, 4.6160688400268555, 0.7044112086296082], [0.5631309151649475, 2.9999711513519287, 0.12128958851099014], [-0.6919013261795044, 5.709843635559082, -0.6784160733222961], [1.0075819492340088, 5.458253383636475, -0.9442963004112244], [-0.8343181610107422, 5.747586250305176, -0.31557759642601013], [1.8806500434875488, 5.145644664764404, -1.5253527164459229], [-0.42395034432411194, 5.697216510772705, -0.7365975975990295], [-1.16005277633667, 5.355739593505859, -0.8161808848381042], [2.2709784507751465, 4.476779937744141, -1.177621603012085], [-1.6339755058288574, 5.771999359130859, -0.6272463202476501], [1.6519150733947754, 4.408895492553711, -1.2341716289520264], [1.4342089891433716, 5.5105695724487305, -1.064271330833435], [-0.15580470860004425, 2.233808755874634, 0.1942511945962906], [1.311916470527649, 2.6942319869995117, -0.6828466653823853], [-1.1739826202392578, 5.660854816436768, -0.7993767261505127], [0.6671563982963562, 4.9510884284973145, 0.08018825948238373], [-0.9142951965332031, 2.4783380031585693, 0.3966814875602722], [0.9604702591896057, 4.650146961212158, -0.4360598027706146], [1.8771520853042603, 5.262132167816162, -0.6439931392669678], [-0.1251818686723709, 3.9142308235168457, 0.487517774105072], [1.155704140663147, 5.119636535644531, -0.9208241105079651], [0.14096054434776306, 5.985050201416016, 0.6319344639778137], [1.0243852138519287, 4.614221096038818, -0.3322118818759918], [-0.2232341468334198, 6.15316915512085, -0.6097013354301453], [-0.7530555725097656, 4.44417667388916, 0.6593567728996277], [2.2696025371551514, 5.486732482910156, -0.12071239203214645], [-1.8733155727386475, 5.270479202270508, -0.5131598711013794], [-0.18706348538398743, 6.19650411605835, 0.0280925165861845], [-0.9702979922294617, 4.599729061126709, -0.38003405928611755], [-1.2860043048858643, 5.646541118621826, 0.3764677941799164], [0.12379542738199234, 4.747463226318359, 0.05897322669625282], [1.2786457538604736, 4.711605072021484, -1.050066351890564], [1.2765042781829834, 5.660760879516602, 0.28941968083381653], [0.9454124569892883, 5.1928606033325195, -1.166559100151062], [1.6238069534301758, 3.367189884185791, -0.2100205272436142], [0.2728913426399231, 5.443265914916992, -0.1400608867406845], [-1.419130563735962, 5.92277193069458, -0.41253772377967834], [0.2149532288312912, 4.130335807800293, -0.9113872647285461], [1.0732896327972412, 5.052921772003174, -0.8341825008392334], [-0.09902448207139969, 5.187546253204346, -0.7424336671829224], [0.8582029342651367, 4.764886379241943, 0.44744107127189636], [1.7300890684127808, 5.448585510253906, -0.3523448407649994], [1.5730301141738892, 4.140717029571533, -0.9680286645889282], [1.4634310007095337, 4.947659015655518, -0.586247444152832], [0.11934449523687363, 6.121015548706055, -0.599793553352356], [1.8829679489135742, 4.095810890197754, -0.4020892083644867], [1.8801361322402954, 3.701002836227417, -1.0135948657989502], [-1.8537741899490356, 5.257071495056152, -0.16569417715072632], [2.5028815269470215, 5.359457969665527, -0.9903854727745056], [0.6224063634872437, 3.3841347694396973, 0.07435598969459534], [-1.132378101348877, 4.613344192504883, 0.6494982838630676], [0.1385493129491806, 6.052800178527832, 0.7136730551719666], [-0.7489219307899475, 4.207465648651123, -0.6649905443191528], [0.5894699692726135, 3.0493807792663574, -0.371214896440506], [2.503080129623413, 5.132517337799072, -1.5401722192764282], [-0.6541420221328735, 3.9293251037597656, 0.15746080875396729], [-2.3218743801116943, 5.552342891693115, -0.4737469255924225], [1.016788125038147, 3.7583773136138916, -0.6241424083709717], [1.2403390407562256, 5.591884613037109, -0.9066542387008667], [-0.9894141554832458, 1.8149076700210571, 0.20754870772361755], [2.4012160301208496, 4.959827899932861, -0.5264875888824463], [0.11874957382678986, 4.134964942932129, 0.41843512654304504], [-0.6581828594207764, 4.016554832458496, 0.644450843334198], [0.8666809797286987, 4.931448936462402, 0.09942346066236496], [1.3445065021514893, 3.680060386657715, -0.0017258523730561137], [0.7970044016838074, 4.040553092956543, -0.3839561641216278], [-1.3837485313415527, 4.844825267791748, 0.725816011428833], [-0.01725850999355316, 4.645467281341553, -0.0787845328450203], [2.4902968406677246, 5.183897972106934, -1.4277639389038086], [0.4716223478317261, 5.105075359344482, -0.0506548136472702], [0.650888979434967, 3.676102876663208, -0.11362805217504501], [-0.29389622807502747, 2.4829893112182617, -0.016923734918236732], [-1.3201606273651123, 4.948207378387451, -0.687322735786438], [-1.651635766029358, 5.2150959968566895, 0.20126692950725555], [-0.6076949834823608, 2.428687334060669, -0.4173581302165985], [-0.2004091739654541, 6.134603023529053, 0.0161150936037302]]"
2624,-0.5126573213631187,0.24776463919436081,-0.12816433034077968,0.0794173197035599,0.058956361767940106,0.6548646301050595,0.7492458561617503,-0.5122748237714645,0.2464874325520199,-0.12952801485533091,0.07897306726175142,0.06030839488600437,0.654804255522237,0.7492379722781765,"[75, 95, 205, 229, 254, 345, 421, 424, 429, 467, 478, 494, 505, 585, 606, 677, 693, 874, 900, 929, 963, 1024, 1168, 1217, 1344, 1503, 1547, 1556, 1585, 1629, 1729, 1787, 1896, 1937, 1950, 2030, 2057, 2185, 2229, 2276, 2463, 2541, 2556, 2659, 2665, 2731, 2750, 2781, 2846, 2855, 2938, 3141, 3182, 3232, 3249, 3321, 3332, 3342, 3432, 3525, 3566, 3649, 3740, 3748, 3804, 3983, 4007, 4067, 4091, 4092, 4100, 4107, 4136, 4138, 4216, 4255, 4400, 4418, 4420, 4515, 4542, 4828, 4848, 4955]","[[0.16272605206217525, 4.841430950680646], [0.18591604094333858, 3.838189124976136], [0.4001206228187172, 4.328765044645949], [-0.4018654456139969, 4.463470061190374], [-0.4636955151913125, 2.3515343174593943], [-0.24702178974562794, 5.75330908640914], [-0.47069336334964157, 3.426434633364237], [0.16407790500403244, 2.9587455083948746], [0.27089207776515634, 1.9151451286578547], [0.3513281009928153, 4.52731356609398], [-0.21832942957826754, 2.9650257987051867], [0.14130838731059236, 5.495730971084044], [-0.17742589259190508, 5.490262418796044], [0.18119927278485326, 5.515501221020736], [0.09396702016071622, 5.486172021481169], [-0.47823196655336103, 5.1685266322579295], [0.4284837456570406, 3.0189477326702874], [0.31190178388581663, 5.662858680807329], [-0.38552910151575887, 4.819318198701279], [0.021587495773136747, 5.9968530064406185], [-0.251762700747631, 5.688626187657593], [-0.009358861831815503, 2.0441596909329935], [-0.10115833859707618, 4.854160986122676], [0.3470843275800352, 2.3279741360401593], [-0.2003881048593666, 4.654540390951835], [-0.32392200514530994, 5.577897193244505], [0.06035754035258297, 3.7392598467277525], [-0.22508262579990387, 5.210720565011097], [0.04198335436214481, 5.826622847582669], [-0.20999954883410232, 4.633925906231357], [0.0656469082290077, 5.934149979478237], [0.22073381919949245, 4.279535905473125], [-0.3497118185528899, 5.931232556088564], [-0.1690010130125178, 4.357721959529641], [0.37624173703399444, 5.222870407137455], [0.08273418991226417, 5.961406106285997], [0.22133798779170374, 4.387136926468394], [0.2879882975267581, 5.47990800470059], [0.00013707285005186686, 4.549662114934935], [-0.28125386460029406, 4.898796144096023], [-0.16736978569895986, 5.7167385936773805], [-0.46300744979268954, 3.7801006144025697], [-0.04773060447363314, 3.534231745120634], [-0.016177032807254646, 5.256259682191448], [0.2755652384747957, 5.759329868403953], [-0.20935450289258625, 5.109717856253756], [0.02293282332746439, 4.996852738984637], [-0.1354602069189788, 4.755993676187696], [-0.2792207056780808, 5.667343663806236], [-0.3873507494245841, 4.495689017261399], [-0.27900659085278035, 5.117776226382511], [0.009670763564973678, 5.9259244239984366], [-0.425836896969988, 4.5414247242205175], [-0.5020837087181621, 4.293825555962176], [0.3856869768901021, 5.191551952750666], [0.3625348983597265, 2.613337866161688], [-0.4210573420909491, 5.997571391795455], [-0.1971869838035821, 3.341433991783408], [0.3012979935505521, 4.478607671110672], [0.04872801109174733, 5.9014132349967525], [-0.2511519617234025, 3.021500129100383], [0.3274330964838193, 3.234674392490847], [-0.4575780591570667, 5.911648143587123], [0.1828468026773991, 3.700327066131228], [0.44240523600612447, 5.620036767604484], [-0.2971023135201949, 3.8625117931662425], [-0.20829733969758027, 5.678425679799015], [0.1403324077079224, 5.851123577178622], [0.45859898742909516, 1.6743512172332193], [-0.42639867019988004, 5.553307377948355], [0.0011726007733550638, 3.9763730491985543], [0.20766212700827558, 3.8537525151581162], [-0.14194318120607333, 4.8896717586674585], [-0.3502053927139008, 3.903319830589954], [-0.2084971782882984, 4.01937850212711], [0.34819120716934776, 4.758953593531166], [0.02378264658252112, 4.427076443703499], [-0.4465170508685784, 5.922282631990925], [-0.06026577103065789, 4.9570546016496095], [-0.19024007307557397, 3.620376773565928], [0.388568651804036, 5.956908347126909], [0.044893922409767376, 2.2513350952693383], [0.36364917880267567, 5.110076717404094], [0.08095483266553861, 5.8977340307902875]]","[[-0.735512375831604, 5.071609973907471, -0.41982975602149963], [-0.781180739402771, 4.064624309539795, -0.38334643840789795], [-1.690869688987732, 4.409207820892334, -0.17856155335903168], [1.8264570236206055, 4.0445404052734375, 0.09593416750431061], [0.806373119354248, 2.1923611164093018, -0.25782671570777893], [1.4319427013397217, 5.578310966491699, -1.0808542966842651], [1.3069241046905518, 3.06561541557312, -0.8319397568702698], [-0.5038958191871643, 3.150254726409912, 0.4329964220523834], [-0.7704256176948547, 2.14143443107605, -0.08076226711273193], [-1.3475202322006226, 4.6160688400268555, 0.7044112086296082], [0.5631309151649475, 2.9999711513519287, 0.12128958851099014], [-0.6919013261795044, 5.709843635559082, -0.6784160733222961], [1.0075819492340088, 5.458253383636475, -0.9442963004112244], [-0.8343181610107422, 5.747586250305176, -0.31557759642601013], [-0.42395034432411194, 5.697216510772705, -0.7365975975990295], [2.2709784507751465, 4.476779937744141, -1.177621603012085], [-1.2529512643814087, 3.0691990852355957, 0.6317134499549866], [-1.6339755058288574, 5.771999359130859, -0.6272463202476501], [1.6519150733947754, 4.408895492553711, -1.2341716289520264], [0.20993180572986603, 6.1931586265563965, 0.15911541879177094], [1.4342089891433716, 5.5105695724487305, -1.064271330833435], [-0.15580470860004425, 2.233808755874634, 0.1942511945962906], [0.6671563982963562, 4.9510884284973145, 0.08018825948238373], [-0.9142951965332031, 2.4783380031585693, 0.3966814875602722], [0.9604702591896057, 4.650146961212158, -0.4360598027706146], [1.8771520853042603, 5.262132167816162, -0.6439931392669678], [-0.1251818686723709, 3.9142308235168457, 0.487517774105072], [1.155704140663147, 5.119636535644531, -0.9208241105079651], [0.14096054434776306, 5.985050201416016, 0.6319344639778137], [1.0243852138519287, 4.614221096038818, -0.3322118818759918], [-0.2232341468334198, 6.15316915512085, -0.6097013354301453], [-0.7530555725097656, 4.44417667388916, 0.6593567728996277], [2.2696025371551514, 5.486732482910156, -0.12071239203214645], [0.9093790054321289, 4.313949108123779, 0.5192649364471436], [-1.8733155727386475, 5.270479202270508, -0.5131598711013794], [-0.18706348538398743, 6.19650411605835, 0.0280925165861845], [-0.9702979922294617, 4.599729061126709, -0.38003405928611755], [-1.2860043048858643, 5.646541118621826, 0.3764677941799164], [0.12379542738199234, 4.747463226318359, 0.05897322669625282], [1.2786457538604736, 4.711605072021484, -1.050066351890564], [1.2765042781829834, 5.660760879516602, 0.28941968083381653], [1.6238069534301758, 3.367189884185791, -0.2100205272436142], [0.23832537233829498, 3.6462972164154053, 0.48138654232025146], [0.2728913426399231, 5.443265914916992, -0.1400608867406845], [-1.419130563735962, 5.92277193069458, -0.41253772377967834], [1.0732896327972412, 5.052921772003174, -0.8341825008392334], [-0.09902448207139969, 5.187546253204346, -0.7424336671829224], [0.8582029342651367, 4.764886379241943, 0.44744107127189636], [1.7300890684127808, 5.448585510253906, -0.3523448407649994], [1.5730301141738892, 4.140717029571533, -0.9680286645889282], [1.4634310007095337, 4.947659015655518, -0.586247444152832], [0.11934449523687363, 6.121015548706055, -0.599793553352356], [1.8829679489135742, 4.095810890197754, -0.4020892083644867], [1.8801361322402954, 3.701002836227417, -1.0135948657989502], [-1.8537741899490356, 5.257071495056152, -0.16569417715072632], [-0.9890633225440979, 2.737027883529663, 0.4969906806945801], [2.5028815269470215, 5.359457969665527, -0.9903854727745056], [0.6224063634872437, 3.3841347694396973, 0.07435598969459534], [-1.132378101348877, 4.613344192504883, 0.6494982838630676], [0.1385493129491806, 6.052800178527832, 0.7136730551719666], [0.5894699692726135, 3.0493807792663574, -0.371214896440506], [-0.9895907044410706, 3.3452248573303223, 0.6578116416931152], [2.503080129623413, 5.132517337799072, -1.5401722192764282], [-0.6541420221328735, 3.9293251037597656, 0.15746080875396729], [-2.3218743801116943, 5.552342891693115, -0.4737469255924225], [1.016788125038147, 3.7583773136138916, -0.6241424083709717], [1.2403390407562256, 5.591884613037109, -0.9066542387008667], [-0.3445555865764618, 5.978813171386719, 1.0294865369796753], [-0.9894141554832458, 1.8149076700210571, 0.20754870772361755], [2.4012160301208496, 4.959827899932861, -0.5264875888824463], [0.11874957382678986, 4.134964942932129, 0.41843512654304504], [-0.6581828594207764, 4.016554832458496, 0.644450843334198], [0.8666809797286987, 4.931448936462402, 0.09942346066236496], [1.3445065021514893, 3.680060386657715, -0.0017258523730561137], [0.7970044016838074, 4.040553092956543, -0.3839561641216278], [-1.3837485313415527, 4.844825267791748, 0.725816011428833], [-0.01725850999355316, 4.645467281341553, -0.0787845328450203], [2.4902968406677246, 5.183897972106934, -1.4277639389038086], [0.4716223478317261, 5.105075359344482, -0.0506548136472702], [0.650888979434967, 3.676102876663208, -0.11362805217504501], [-2.0552515983581543, 5.99753475189209, -0.12209191918373108], [-0.29389622807502747, 2.4829893112182617, -0.016923734918236732], [-1.651635766029358, 5.2150959968566895, 0.20126692950725555], [-0.2004091739654541, 6.134603023529053, 0.0161150936037302]]"
2626,-0.6048238349430256,0.2882521856016049,-0.1512059587357564,0.08238166698846028,0.04001359507381694,0.6465833953626738,0.7573256142471,-0.6062928599838887,0.28697924028768523,-0.14923941941014165,0.08196052576637783,0.040834872787790376,0.64639512027842,0.7574881740732001,"[75, 95, 205, 229, 254, 345, 382, 421, 424, 429, 467, 478, 490, 494, 505, 522, 585, 606, 669, 677, 693, 705, 929, 963, 1024, 1168, 1217, 1344, 1503, 1538, 1547, 1556, 1585, 1629, 1729, 1787, 1896, 1937, 2030, 2057, 2185, 2229, 2463, 2541, 2556, 2659, 2665, 2731, 2750, 2781, 2846, 2855, 2938, 3141, 3182, 3232, 3249, 3321, 3342, 3432, 3525, 3566, 3649, 3748, 3983, 4007, 4067, 4091, 4092, 4100, 4107, 4136, 4138, 4215, 4216, 4217, 4255, 4400, 4420, 4515, 4542, 4828, 4848, 4867, 4955]","[[0.16811089520934597, 4.795483797003646], [0.18663748945468586, 3.7925136512506974], [0.40536612179971476, 4.265462393349157], [-0.40475277484418964, 4.481600820150655], [-0.4837853090149544, 2.369180596663451], [-0.24092088509311468, 5.745977923921638], [-0.012874287910539416, 4.625629005273966], [-0.478006198569805, 3.4384654953630043], [0.1511249435367761, 2.9255743438770323], [0.24723805156702594, 1.8643330676063725], [0.3511185712637546, 4.476087669453978], [-0.2311197945747216, 2.96453009716547], [-0.4376942126934575, 4.69717301865313], [0.14941960714659064, 5.4516830580355595], [-0.17436143776968577, 5.474252531276638], [-0.200526993491932, 5.340421988361388], [0.1864376683040879, 5.467749015117994], [0.0984956297014093, 5.446351785556007], [-0.37255981395127696, 5.034063799192295], [-0.4760504552030107, 5.18219574398316], [0.41795924726364814, 2.9634694676456363], [-0.056117143363391866, 5.1741772125230705], [0.024207842378445678, 5.971637879339506], [-0.2477278693694209, 5.6807202943445185], [-0.03934795321886883, 2.02661665941492], [-0.10117775388693084, 4.839434707322142], [0.32909333748953146, 2.2804490808924602], [-0.1982208285646226, 4.6439247324541935], [-0.32058375418073964, 5.5815081379052005], [0.16014405507752952, 5.619832479780755], [0.05269700089262804, 3.7144789041517803], [-0.22103728030555733, 5.199292870798637], [0.04663265275466947, 5.800428065833232], [-0.2099427066898463, 4.625149744938368], [0.07484316847787914, 5.898244038995566], [0.2188438561823386, 4.23819823177127], [-0.3458409773736572, 5.938568763346821], [-0.17513719100702274, 4.353247344817769], [0.08587176737950891, 5.928487380156866], [0.22638873932625744, 4.334389444737412], [0.29203253280883545, 5.429546833022328], [0.001104361381116113, 4.525692671581747], [-0.16572258774966483, 5.709540960212036], [-0.46850218468916144, 3.8006680184907773], [-0.0574571833307787, 3.5185542549596507], [-0.014731595207163571, 5.229704897984533], [0.28490713671081286, 5.70299244951797], [-0.2079476486866259, 5.098511867428671], [0.028274075527844462, 4.962680480350165], [-0.13852116438663917, 4.747620392421754], [-0.27369132946358704, 5.668043906588735], [-0.388823170157243, 4.50228529019689], [-0.27742742444856466, 5.116871091334236], [0.014510410343590506, 5.897875926151067], [-0.42509920376843047, 4.555298876500747], [-0.5036508757199055, 4.307852492786476], [0.3951470505235194, 5.127887787166701], [0.34566067040063125, 2.564348919734132], [-0.2069372405104727, 3.339392107548719], [0.3013086130533528, 4.431838754050529], [0.04809631306573339, 5.877844257548407], [-0.26427111405680637, 3.015143700869938], [0.3144372269287971, 3.188780539506805], [0.17795121802923633, 3.6571656954948617], [-0.30206906671426825, 3.8590419160670484], [-0.20421225671371432, 5.6673858847348635], [0.14146089536783685, 5.8193000087008615], [0.43037407213154777, 1.6187107193184644], [-0.42379310671778786, 5.567118262070208], [-0.00608274876137375, 3.956228932409796], [0.20044387432261265, 3.8142499200032676], [-0.14075103594171412, 4.877671775459557], [-0.3549337560258919, 3.9145217691581875], [-0.08321922639562214, 4.039790091275696], [-0.21064926346375693, 4.01551410285174], [0.05268173603439986, 5.619372091703684], [0.3468222768515443, 4.707394245432538], [0.022749069203646825, 4.397792283573896], [-0.06183124639763085, 4.938015253730658], [-0.1969099833558167, 3.6136568618477165], [0.3978088857705096, 5.894129683361067], [0.02611302558848098, 2.2224478333700017], [0.36887413342655045, 5.053185074032296], [-0.14377255926012203, 2.423150276681333], [0.08836237835643435, 5.863351114144322]]","[[-0.735512375831604, 5.071609973907471, -0.41982975602149963], [-0.781180739402771, 4.064624309539795, -0.38334643840789795], [-1.690869688987732, 4.409207820892334, -0.17856155335903168], [1.8264570236206055, 4.0445404052734375, 0.09593416750431061], [0.806373119354248, 2.1923611164093018, -0.25782671570777893], [1.4319427013397217, 5.578310966491699, -1.0808542966842651], [0.30824869871139526, 4.73850679397583, 0.7172616720199585], [1.3069241046905518, 3.06561541557312, -0.8319397568702698], [-0.5038958191871643, 3.150254726409912, 0.4329964220523834], [-0.7704256176948547, 2.14143443107605, -0.08076226711273193], [-1.3475202322006226, 4.6160688400268555, 0.7044112086296082], [0.5631309151649475, 2.9999711513519287, 0.12128958851099014], [2.097599744796753, 4.09572172164917, 0.3754720985889435], [-0.6919013261795044, 5.709843635559082, -0.6784160733222961], [1.0075819492340088, 5.458253383636475, -0.9442963004112244], [1.4013367891311646, 5.146660327911377, 0.7831169962882996], [-0.8343181610107422, 5.747586250305176, -0.31557759642601013], [-0.42395034432411194, 5.697216510772705, -0.7365975975990295], [2.0338191986083984, 4.5210676193237305, 0.5370109677314758], [2.2709784507751465, 4.476779937744141, -1.177621603012085], [-1.2529512643814087, 3.0691990852355957, 0.6317134499549866], [0.6284419298171997, 5.218175411224365, 0.8114650249481201], [0.20993180572986603, 6.1931586265563965, 0.15911541879177094], [1.4342089891433716, 5.5105695724487305, -1.064271330833435], [-0.15580470860004425, 2.233808755874634, 0.1942511945962906], [0.6671563982963562, 4.9510884284973145, 0.08018825948238373], [-0.9142951965332031, 2.4783380031585693, 0.3966814875602722], [0.9604702591896057, 4.650146961212158, -0.4360598027706146], [1.8771520853042603, 5.262132167816162, -0.6439931392669678], [-0.4432789385318756, 5.759372234344482, 1.110603928565979], [-0.1251818686723709, 3.9142308235168457, 0.487517774105072], [1.155704140663147, 5.119636535644531, -0.9208241105079651], [0.14096054434776306, 5.985050201416016, 0.6319344639778137], [1.0243852138519287, 4.614221096038818, -0.3322118818759918], [-0.2232341468334198, 6.15316915512085, -0.6097013354301453], [-0.7530555725097656, 4.44417667388916, 0.6593567728996277], [2.2696025371551514, 5.486732482910156, -0.12071239203214645], [0.9093790054321289, 4.313949108123779, 0.5192649364471436], [-0.18706348538398743, 6.19650411605835, 0.0280925165861845], [-0.9702979922294617, 4.599729061126709, -0.38003405928611755], [-1.2860043048858643, 5.646541118621826, 0.3764677941799164], [0.12379542738199234, 4.747463226318359, 0.05897322669625282], [1.2765042781829834, 5.660760879516602, 0.28941968083381653], [1.6238069534301758, 3.367189884185791, -0.2100205272436142], [0.23832537233829498, 3.6462972164154053, 0.48138654232025146], [0.2728913426399231, 5.443265914916992, -0.1400608867406845], [-1.419130563735962, 5.92277193069458, -0.41253772377967834], [1.0732896327972412, 5.052921772003174, -0.8341825008392334], [-0.09902448207139969, 5.187546253204346, -0.7424336671829224], [0.8582029342651367, 4.764886379241943, 0.44744107127189636], [1.7300890684127808, 5.448585510253906, -0.3523448407649994], [1.5730301141738892, 4.140717029571533, -0.9680286645889282], [1.4634310007095337, 4.947659015655518, -0.586247444152832], [0.11934449523687363, 6.121015548706055, -0.599793553352356], [1.8829679489135742, 4.095810890197754, -0.4020892083644867], [1.8801361322402954, 3.701002836227417, -1.0135948657989502], [-1.8537741899490356, 5.257071495056152, -0.16569417715072632], [-0.9890633225440979, 2.737027883529663, 0.4969906806945801], [0.6224063634872437, 3.3841347694396973, 0.07435598969459534], [-1.132378101348877, 4.613344192504883, 0.6494982838630676], [0.1385493129491806, 6.052800178527832, 0.7136730551719666], [0.5894699692726135, 3.0493807792663574, -0.371214896440506], [-0.9895907044410706, 3.3452248573303223, 0.6578116416931152], [-0.6541420221328735, 3.9293251037597656, 0.15746080875396729], [1.016788125038147, 3.7583773136138916, -0.6241424083709717], [1.2403390407562256, 5.591884613037109, -0.9066542387008667], [-0.3445555865764618, 5.978813171386719, 1.0294865369796753], [-0.9894141554832458, 1.8149076700210571, 0.20754870772361755], [2.4012160301208496, 4.959827899932861, -0.5264875888824463], [0.11874957382678986, 4.134964942932129, 0.41843512654304504], [-0.6581828594207764, 4.016554832458496, 0.644450843334198], [0.8666809797286987, 4.931448936462402, 0.09942346066236496], [1.3445065021514893, 3.680060386657715, -0.0017258523730561137], [0.4667784869670868, 4.105175495147705, 0.6162322163581848], [0.7970044016838074, 4.040553092956543, -0.3839561641216278], [0.15165023505687714, 5.721107006072998, 1.0655454397201538], [-1.3837485313415527, 4.844825267791748, 0.725816011428833], [-0.01725850999355316, 4.645467281341553, -0.0787845328450203], [0.4716223478317261, 5.105075359344482, -0.0506548136472702], [0.650888979434967, 3.676102876663208, -0.11362805217504501], [-2.0552515983581543, 5.99753475189209, -0.12209191918373108], [-0.29389622807502747, 2.4829893112182617, -0.016923734918236732], [-1.651635766029358, 5.2150959968566895, 0.20126692950725555], [0.1801232248544693, 2.5401113033294678, 0.28212225437164307], [-0.2004091739654541, 6.134603023529053, 0.0161150936037302]]"
2628,-0.69559710194139,0.3260852394563801,-0.1738992754853475,0.07648214975911911,0.017026400198752203,0.6379134441939481,0.7661116238389223,-0.6952112678642087,0.32548664036717617,-0.17549932972620355,0.07645219094185751,0.016416410461731472,0.6384013515019541,0.765721410415185,"[75, 95, 190, 196, 205, 229, 254, 286, 382, 424, 429, 467, 478, 490, 522, 584, 585, 669, 693, 705, 929, 1024, 1168, 1217, 1344, 1503, 1538, 1547, 1585, 1629, 1729, 1787, 1896, 1937, 2030, 2057, 2158, 2185, 2229, 2463, 2541, 2556, 2659, 2665, 2731, 2781, 2846, 2938, 3141, 3182, 3249, 3321, 3342, 3432, 3506, 3525, 3546, 3566, 3649, 3748, 3791, 3983, 4007, 4067, 4091, 4092, 4100, 4107, 4136, 4138, 4215, 4216, 4217, 4255, 4400, 4420, 4515, 4542, 4828, 4848, 4867, 4955]","[[0.17680887270227597, 4.753922351986253], [0.1900462424767677, 3.746078924707478], [0.43244907859804577, 5.959932075236766], [-0.4074418888270527, 5.624526894940132], [0.41456736136167693, 4.2081580990504435], [-0.40433015098478853, 4.499698492192611], [-0.4984341912944911, 2.396056835909647], [-0.33613648643960536, 5.910498766684492], [-0.017093509036134023, 4.611100974164655], [0.13670108683047924, 2.897623873110057], [0.22415594191038646, 1.821242729863727], [0.34919173802394393, 4.4284560037782095], [-0.24509711273283424, 2.9689973074585994], [-0.4375437985416159, 4.7197800582434235], [-0.20441525365943597, 5.342526810277504], [-0.289425229845266, 5.471322098082669], [0.19726786534813043, 5.426613823020121], [-0.3739532699245883, 5.053084242898301], [0.40720326362599363, 2.9147866900817716], [-0.0588253094791872, 5.160968527614531], [0.0323632335871693, 5.947914844581731], [-0.07175517023202103, 2.016400389995194], [-0.1003808251353735, 4.828745986270888], [0.3069692513013745, 2.2387385827245025], [-0.19603150967028452, 4.638988884724055], [-0.3134523990637748, 5.58437701767196], [0.15957428005434068, 5.590910157318221], [0.0444666229193348, 3.692742537129224], [0.04621710198425448, 5.776089659787116], [-0.20750348898474413, 4.621967290505221], [0.08523645606237511, 5.86462127710177], [0.21597199233228714, 4.203025463012007], [-0.3398788636056552, 5.952521362396272], [-0.18045610603990656, 4.355641124661826], [0.09488180595819518, 5.897537468586613], [0.23337404775535017, 4.290796041644683], [-0.43389487725269704, 2.4100457554467045], [0.2967357252820188, 5.383976407824916], [0.0017344831331999086, 4.504092859852248], [-0.16099907510247188, 5.707614116467806], [-0.4711431435438799, 3.8229845451391777], [-0.06823347267977939, 3.511896440231612], [-0.00748736411458766, 5.210590806466022], [0.2983725844927714, 5.650336668734116], [-0.20050960354284172, 5.09046545943281], [-0.13943281729218704, 4.742391798693416], [-0.2676326036430572, 5.670388293962184], [-0.2693996265024394, 5.116836567088681], [0.027446897715418597, 5.869382503177439], [-0.42616941141436826, 4.57184575758554], [0.4059228415008634, 5.068248923015259], [0.3298553670836973, 2.522925869328044], [-0.21676837011587677, 3.3397253741283652], [0.2995966156312631, 4.3891680538953475], [-0.4193430461699163, 4.312162380391813], [0.05405216214592154, 5.855332716508267], [0.16826448274005007, 2.8741430098913767], [-0.2710549455209567, 3.0172467659270032], [0.3042533242490202, 3.1473591581304134], [0.17745944408171138, 3.6204864031557693], [-0.025551883651933414, 5.989647021792631], [-0.30083908144651855, 3.860699990582504], [-0.19504302989673122, 5.659430519279535], [0.14086367223189114, 5.792097933454186], [0.3977380613649101, 1.5674930892326464], [-0.4199178932210402, 5.582354867363236], [-0.010905154544336392, 3.940168256156593], [0.1924836486662614, 3.7831113492281965], [-0.13993895321316874, 4.870861279173507], [-0.3574168081050162, 3.929091005761389], [-0.09085313132014199, 4.031619307290165], [-0.20918712969497155, 4.008595509412382], [0.05425857757813038, 5.600990022644122], [0.3474458953148644, 4.661839745714517], [0.024698442327263596, 4.373497186706536], [-0.059370140615986805, 4.922603778712095], [-0.20134158554316706, 3.612402491743866], [0.40969271419050735, 5.835865250906555], [0.0032809850138730947, 2.1994337279149754], [0.37466394154728716, 4.999440926225904], [-0.16762595980346798, 2.4225037427312], [0.09506673400422672, 5.834132504994119]]","[[-0.735512375831604, 5.071609973907471, -0.41982975602149963], [-0.781180739402771, 4.064624309539795, -0.38334643840789795], [-2.0368833541870117, 5.954797744750977, 1.2460194826126099], [2.5086491107940674, 4.8439741134643555, 0.810574471950531], [-1.690869688987732, 4.409207820892334, -0.17856155335903168], [1.8264570236206055, 4.0445404052734375, 0.09593416750431061], [0.806373119354248, 2.1923611164093018, -0.25782671570777893], [2.3258464336395264, 5.314465522766113, 0.7844532132148743], [0.30824869871139526, 4.73850679397583, 0.7172616720199585], [-0.5038958191871643, 3.150254726409912, 0.4329964220523834], [-0.7704256176948547, 2.14143443107605, -0.08076226711273193], [-1.3475202322006226, 4.6160688400268555, 0.7044112086296082], [0.5631309151649475, 2.9999711513519287, 0.12128958851099014], [2.097599744796753, 4.09572172164917, 0.3754720985889435], [1.4013367891311646, 5.146660327911377, 0.7831169962882996], [1.8719948530197144, 5.052525520324707, 0.8349053263664246], [-0.8343181610107422, 5.747586250305176, -0.31557759642601013], [2.0338191986083984, 4.5210676193237305, 0.5370109677314758], [-1.2529512643814087, 3.0691990852355957, 0.6317134499549866], [0.6284419298171997, 5.218175411224365, 0.8114650249481201], [0.20993180572986603, 6.1931586265563965, 0.15911541879177094], [-0.15580470860004425, 2.233808755874634, 0.1942511945962906], [0.6671563982963562, 4.9510884284973145, 0.08018825948238373], [-0.9142951965332031, 2.4783380031585693, 0.3966814875602722], [0.9604702591896057, 4.650146961212158, -0.4360598027706146], [1.8771520853042603, 5.262132167816162, -0.6439931392669678], [-0.4432789385318756, 5.759372234344482, 1.110603928565979], [-0.1251818686723709, 3.9142308235168457, 0.487517774105072], [0.14096054434776306, 5.985050201416016, 0.6319344639778137], [1.0243852138519287, 4.614221096038818, -0.3322118818759918], [-0.2232341468334198, 6.15316915512085, -0.6097013354301453], [-0.7530555725097656, 4.44417667388916, 0.6593567728996277], [2.2696025371551514, 5.486732482910156, -0.12071239203214645], [0.9093790054321289, 4.313949108123779, 0.5192649364471436], [-0.18706348538398743, 6.19650411605835, 0.0280925165861845], [-0.9702979922294617, 4.599729061126709, -0.38003405928611755], [0.7296291589736938, 2.2370800971984863, 0.18609796464443207], [-1.2860043048858643, 5.646541118621826, 0.3764677941799164], [0.12379542738199234, 4.747463226318359, 0.05897322669625282], [1.2765042781829834, 5.660760879516602, 0.28941968083381653], [1.6238069534301758, 3.367189884185791, -0.2100205272436142], [0.23832537233829498, 3.6462972164154053, 0.48138654232025146], [0.2728913426399231, 5.443265914916992, -0.1400608867406845], [-1.419130563735962, 5.92277193069458, -0.41253772377967834], [1.0732896327972412, 5.052921772003174, -0.8341825008392334], [0.8582029342651367, 4.764886379241943, 0.44744107127189636], [1.7300890684127808, 5.448585510253906, -0.3523448407649994], [1.4634310007095337, 4.947659015655518, -0.586247444152832], [0.11934449523687363, 6.121015548706055, -0.599793553352356], [1.8829679489135742, 4.095810890197754, -0.4020892083644867], [-1.8537741899490356, 5.257071495056152, -0.16569417715072632], [-0.9890633225440979, 2.737027883529663, 0.4969906806945801], [0.6224063634872437, 3.3841347694396973, 0.07435598969459534], [-1.132378101348877, 4.613344192504883, 0.6494982838630676], [1.798193335533142, 3.787522315979004, 0.46751636266708374], [0.1385493129491806, 6.052800178527832, 0.7136730551719666], [-0.5776119232177734, 3.100867509841919, 0.564811110496521], [0.5894699692726135, 3.0493807792663574, -0.371214896440506], [-0.9895907044410706, 3.3452248573303223, 0.6578116416931152], [-0.6541420221328735, 3.9293251037597656, 0.15746080875396729], [0.5346145629882812, 6.183975696563721, 0.018084950745105743], [1.016788125038147, 3.7583773136138916, -0.6241424083709717], [1.2403390407562256, 5.591884613037109, -0.9066542387008667], [-0.3445555865764618, 5.978813171386719, 1.0294865369796753], [-0.9894141554832458, 1.8149076700210571, 0.20754870772361755], [2.4012160301208496, 4.959827899932861, -0.5264875888824463], [0.11874957382678986, 4.134964942932129, 0.41843512654304504], [-0.6581828594207764, 4.016554832458496, 0.644450843334198], [0.8666809797286987, 4.931448936462402, 0.09942346066236496], [1.3445065021514893, 3.680060386657715, -0.0017258523730561137], [0.4667784869670868, 4.105175495147705, 0.6162322163581848], [0.7970044016838074, 4.040553092956543, -0.3839561641216278], [0.15165023505687714, 5.721107006072998, 1.0655454397201538], [-1.3837485313415527, 4.844825267791748, 0.725816011428833], [-0.01725850999355316, 4.645467281341553, -0.0787845328450203], [0.4716223478317261, 5.105075359344482, -0.0506548136472702], [0.650888979434967, 3.676102876663208, -0.11362805217504501], [-2.0552515983581543, 5.99753475189209, -0.12209191918373108], [-0.29389622807502747, 2.4829893112182617, -0.016923734918236732], [-1.651635766029358, 5.2150959968566895, 0.20126692950725555], [0.1801232248544693, 2.5401113033294678, 0.28212225437164307], [-0.2004091739654541, 6.134603023529053, 0.0161150936037302]]"
2630,-0.7847680209031491,0.3609153990302294,-0.19619200522578728,0.06223739913592077,-0.007445570247901228,0.6284649803314869,0.7753082213735539,-0.7859043028985423,0.36169844021955505,-0.19823115599226365,0.06190243400514148,-0.007841084797449589,0.6288692145479862,0.7750033013137667,"[75, 95, 190, 196, 205, 229, 254, 286, 382, 424, 429, 467, 478, 490, 522, 584, 585, 625, 669, 705, 808, 929, 1024, 1168, 1195, 1217, 1344, 1503, 1538, 1547, 1585, 1629, 1729, 1787, 1896, 1937, 2030, 2057, 2158, 2185, 2229, 2463, 2541, 2556, 2659, 2665, 2781, 2846, 2938, 3141, 3182, 3224, 3228, 3249, 3321, 3342, 3432, 3504, 3506, 3525, 3546, 3566, 3649, 3748, 3791, 3804, 3983, 4067, 4091, 4092, 4100, 4107, 4136, 4138, 4215, 4216, 4217, 4255, 4400, 4420, 4515, 4542, 4703, 4828, 4848, 4867, 4955]","[[0.19099222592120635, 4.719192856064099], [0.19971231410049314, 3.7104597464489864], [0.43504067300381694, 5.913038559922363], [-0.4075977502420176, 5.6508735305301725], [0.42343007517273756, 4.153313684694543], [-0.40280653681789175, 4.523847098573313], [-0.510956422370908, 2.4266516990896383], [-0.3369094901971704, 5.929165381356675], [-0.02239511219900668, 4.603145547659003], [0.12240333123808028, 2.8742206527857834], [0.20280938267643228, 1.7855531089840315], [0.34609672709088096, 4.387676462692668], [-0.25563656312843125, 2.979058828160536], [-0.4372471601541289, 4.750668956681], [-0.2044848313994301, 5.352261998475673], [-0.2895123574151435, 5.487443466006042], [0.21404630203414007, 5.390792056377003], [-0.28358117134808397, 3.6591071436000826], [-0.3737532392455965, 5.076556957962664], [-0.0582725744634493, 5.159465109771997], [0.4475548569525346, 5.991245747110542], [0.039871143475984555, 5.928717433158589], [-0.09888000571078903, 2.0135931065237878], [-0.09689479325213166, 4.822799018817526], [-0.22768647333027098, 5.606767545645105], [0.2841295802953575, 2.203843040059556], [-0.18705748016093973, 4.637717937202922], [-0.302168868787802, 5.595186126494041], [0.16041604106004623, 5.566591476234959], [0.03667210592834054, 3.6801077031366343], [0.05311674183152899, 5.762326758247958], [-0.2023753229565621, 4.622516818283652], [0.10001461494982714, 5.834482521858343], [0.21115964719316666, 4.1744210073265995], [-0.3307823041503537, 5.965027284190608], [-0.18342673200136364, 4.359214142955272], [0.10607213108109056, 5.8721445766438585], [0.24595310119674685, 4.248941088834486], [-0.4535248259779846, 2.4387511226048795], [0.30535765602380693, 5.343391928129669], [0.0051615483040370865, 4.487554158369617], [-0.15750227404643105, 5.7058862196269144], [-0.4679178918856325, 3.8507623551843766], [-0.0783626126581259, 3.506608221435994], [6.477218138293124e-05, 5.193830633039128], [0.31572867094718277, 5.605323684894858], [-0.13774002342965436, 4.743521596598276], [-0.2603200615244277, 5.676608608622606], [-0.26036703519956395, 5.1234347661353965], [0.04094888886743199, 5.846006027647816], [-0.4198009064809458, 4.5926193765092815], [-0.33301338629670535, 4.9085109815775025], [-0.43945616761869954, 1.1763782100139517], [0.4198898313432859, 5.014238921541739], [0.30856920736005994, 2.4857315375753806], [-0.22203907469991546, 3.3434187872687473], [0.2969541369835301, 4.352092093728982], [-0.32979159748410286, 5.73967189969199], [-0.4230552759371929, 4.340425509182548], [0.05797102582672598, 5.839907918294037], [0.15236807903296118, 2.8527366686044875], [-0.2734898582974871, 3.0234008579533076], [0.2921485122988832, 3.112854861891144], [0.17529127175810225, 3.5892948679370176], [-0.013788990996564957, 5.974370472546329], [0.4912971249779614, 5.425194765914657], [-0.2940762792487689, 3.8691861925061506], [0.1433224794514682, 5.767975706476898], [0.3636936609490652, 1.5264519222787403], [-0.40915508215349317, 5.601585721343695], [-0.017468650681161924, 3.9276050773481113], [0.18743105297905868, 3.7533016035429534], [-0.1359441217281163, 4.867730734931447], [-0.3591405080478899, 3.94584247098012], [-0.09625300051409136, 4.030232463091336], [-0.20729775352248186, 4.008823993426959], [0.049862942758139545, 5.58726861716139], [0.34880795586600816, 4.620623202802927], [0.02856792501357808, 4.354956660710524], [-0.05320726234195805, 4.910428507784715], [-0.20123654599659907, 3.611475698743565], [0.4267788580879974, 5.781745319673023], [-0.1450149709558051, 4.7491166114314725], [-0.014591633543959268, 2.184563281624841], [0.3843149006878452, 4.950506209238068], [-0.18888994676169696, 2.4318327605060746], [0.10505413852905827, 5.808281734845109]]","[[-0.735512375831604, 5.071609973907471, -0.41982975602149963], [-0.781180739402771, 4.064624309539795, -0.38334643840789795], [-2.0368833541870117, 5.954797744750977, 1.2460194826126099], [2.5086491107940674, 4.8439741134643555, 0.810574471950531], [-1.690869688987732, 4.409207820892334, -0.17856155335903168], [1.8264570236206055, 4.0445404052734375, 0.09593416750431061], [0.806373119354248, 2.1923611164093018, -0.25782671570777893], [2.3258464336395264, 5.314465522766113, 0.7844532132148743], [0.30824869871139526, 4.73850679397583, 0.7172616720199585], [-0.5038958191871643, 3.150254726409912, 0.4329964220523834], [-0.7704256176948547, 2.14143443107605, -0.08076226711273193], [-1.3475202322006226, 4.6160688400268555, 0.7044112086296082], [0.5631309151649475, 2.9999711513519287, 0.12128958851099014], [2.097599744796753, 4.09572172164917, 0.3754720985889435], [1.4013367891311646, 5.146660327911377, 0.7831169962882996], [1.8719948530197144, 5.052525520324707, 0.8349053263664246], [-0.8343181610107422, 5.747586250305176, -0.31557759642601013], [0.9735420346260071, 3.477978229522705, 0.5639318823814392], [2.0338191986083984, 4.5210676193237305, 0.5370109677314758], [0.6284419298171997, 5.218175411224365, 0.8114650249481201], [-2.1508965492248535, 6.077622890472412, 0.9590714573860168], [0.20993180572986603, 6.1931586265563965, 0.15911541879177094], [-0.15580470860004425, 2.233808755874634, 0.1942511945962906], [0.6671563982963562, 4.9510884284973145, 0.08018825948238373], [1.6244605779647827, 5.264101505279541, 1.0627230405807495], [-0.9142951965332031, 2.4783380031585693, 0.3966814875602722], [0.9604702591896057, 4.650146961212158, -0.4360598027706146], [1.8771520853042603, 5.262132167816162, -0.6439931392669678], [-0.4432789385318756, 5.759372234344482, 1.110603928565979], [-0.1251818686723709, 3.9142308235168457, 0.487517774105072], [0.14096054434776306, 5.985050201416016, 0.6319344639778137], [1.0243852138519287, 4.614221096038818, -0.3322118818759918], [-0.2232341468334198, 6.15316915512085, -0.6097013354301453], [-0.7530555725097656, 4.44417667388916, 0.6593567728996277], [2.2696025371551514, 5.486732482910156, -0.12071239203214645], [0.9093790054321289, 4.313949108123779, 0.5192649364471436], [-0.18706348538398743, 6.19650411605835, 0.0280925165861845], [-0.9702979922294617, 4.599729061126709, -0.38003405928611755], [0.7296291589736938, 2.2370800971984863, 0.18609796464443207], [-1.2860043048858643, 5.646541118621826, 0.3764677941799164], [0.12379542738199234, 4.747463226318359, 0.05897322669625282], [1.2765042781829834, 5.660760879516602, 0.28941968083381653], [1.6238069534301758, 3.367189884185791, -0.2100205272436142], [0.23832537233829498, 3.6462972164154053, 0.48138654232025146], [0.2728913426399231, 5.443265914916992, -0.1400608867406845], [-1.419130563735962, 5.92277193069458, -0.41253772377967834], [0.8582029342651367, 4.764886379241943, 0.44744107127189636], [1.7300890684127808, 5.448585510253906, -0.3523448407649994], [1.4634310007095337, 4.947659015655518, -0.586247444152832], [0.11934449523687363, 6.121015548706055, -0.599793553352356], [1.8829679489135742, 4.095810890197754, -0.4020892083644867], [1.7741444110870361, 4.417745590209961, 0.8527701497077942], [-0.0657423734664917, 1.2583720684051514, 0.05360399931669235], [-1.8537741899490356, 5.257071495056152, -0.16569417715072632], [-0.9890633225440979, 2.737027883529663, 0.4969906806945801], [0.6224063634872437, 3.3841347694396973, 0.07435598969459534], [-1.132378101348877, 4.613344192504883, 0.6494982838630676], [2.1972551345825195, 5.119368076324463, 1.0068522691726685], [1.798193335533142, 3.787522315979004, 0.46751636266708374], [0.1385493129491806, 6.052800178527832, 0.7136730551719666], [-0.5776119232177734, 3.100867509841919, 0.564811110496521], [0.5894699692726135, 3.0493807792663574, -0.371214896440506], [-0.9895907044410706, 3.3452248573303223, 0.6578116416931152], [-0.6541420221328735, 3.9293251037597656, 0.15746080875396729], [0.5346145629882812, 6.183975696563721, 0.018084950745105743], [-2.3218743801116943, 5.552342891693115, -0.4737469255924225], [1.016788125038147, 3.7583773136138916, -0.6241424083709717], [-0.3445555865764618, 5.978813171386719, 1.0294865369796753], [-0.9894141554832458, 1.8149076700210571, 0.20754870772361755], [2.4012160301208496, 4.959827899932861, -0.5264875888824463], [0.11874957382678986, 4.134964942932129, 0.41843512654304504], [-0.6581828594207764, 4.016554832458496, 0.644450843334198], [0.8666809797286987, 4.931448936462402, 0.09942346066236496], [1.3445065021514893, 3.680060386657715, -0.0017258523730561137], [0.4667784869670868, 4.105175495147705, 0.6162322163581848], [0.7970044016838074, 4.040553092956543, -0.3839561641216278], [0.15165023505687714, 5.721107006072998, 1.0655454397201538], [-1.3837485313415527, 4.844825267791748, 0.725816011428833], [-0.01725850999355316, 4.645467281341553, -0.0787845328450203], [0.4716223478317261, 5.105075359344482, -0.0506548136472702], [0.650888979434967, 3.676102876663208, -0.11362805217504501], [-2.0552515983581543, 5.99753475189209, -0.12209191918373108], [0.8937721848487854, 4.650120735168457, 0.9672383666038513], [-0.29389622807502747, 2.4829893112182617, -0.016923734918236732], [-1.651635766029358, 5.2150959968566895, 0.20126692950725555], [0.1801232248544693, 2.5401113033294678, 0.28212225437164307], [-0.2004091739654541, 6.134603023529053, 0.0161150936037302]]"
2632,-0.8721311814743467,0.39242191602076876,-0.21803279536858666,0.04107549518697632,-0.030703131736004727,0.618177568937178,0.7843638279903445,-0.8732170167424731,0.3909871446793373,-0.2179325687495667,0.04054896928149084,-0.031209630793874187,0.6182515931674935,0.7843128888280333,"[75, 95, 190, 196, 205, 229, 239, 254, 286, 382, 424, 429, 467, 478, 490, 522, 584, 585, 625, 669, 705, 808, 929, 1024, 1168, 1195, 1344, 1503, 1538, 1547, 1585, 1629, 1729, 1787, 1896, 1937, 1950, 2030, 2057, 2158, 2185, 2229, 2463, 2541, 2556, 2616, 2659, 2665, 2781, 2846, 2938, 3127, 3141, 3182, 3224, 3228, 3249, 3342, 3432, 3504, 3506, 3525, 3566, 3748, 3791, 3804, 4067, 4092, 4100, 4107, 4136, 4138, 4215, 4216, 4217, 4255, 4400, 4420, 4515, 4542, 4703, 4828, 4848, 4867, 4955]","[[0.20566899913981054, 4.688362691404057], [0.21061351354656827, 3.6787626157379996], [0.43849011588315134, 5.871228885561079], [-0.40608794264592757, 5.682044821060062], [0.4363654897681111, 4.104022790118242], [-0.400727216304897, 4.551179485708308], [-0.34435582825963423, 4.608646007588873], [-0.5175969749935745, 2.4585382021801925], [-0.33359656508352353, 5.954698927698154], [-0.023373940290870945, 4.599921009488507], [0.10656247099329569, 2.858509192120092], [0.17824719647562087, 1.7575932583755463], [0.3463633904606789, 4.35184951200448], [-0.26353454862736775, 2.9943332859330076], [-0.4356693133070027, 4.782125557233949], [-0.20294092015419193, 5.36274303880159], [-0.2866449448278547, 5.508733234273772], [0.22812646447414642, 5.359000647164825], [-0.29229721548036, 3.678605360077942], [-0.3717189500211953, 5.103137843170058], [-0.0610376216603902, 5.157907902490264], [0.45372365189318675, 5.946626770946521], [0.050758388736139165, 5.9125166563990925], [-0.12790022307398421, 2.0169435105099924], [-0.08960677319238304, 4.819100645298811], [-0.22793987416068434, 5.620200959056078], [-0.17481039186197217, 4.6428675779889215], [-0.28517728225295214, 5.60737302558126], [0.15903855590372065, 5.545107678065098], [0.029577161821095686, 3.66924208154775], [0.05909438593846447, 5.746989120873462], [-0.19064445419340245, 4.62756343553626], [0.11978099714900659, 5.810652849263125], [0.20704672076051756, 4.14937156736303], [-0.3185914770442352, 5.986281325656599], [-0.18400213789355258, 4.3697108273997465], [0.43787545884840084, 4.990914419691254], [0.11890429279794626, 5.850275947659955], [0.2575613961019093, 4.213894264975767], [-0.46926890312814007, 2.4745350747916874], [0.3121291010927911, 5.305244958914068], [0.01128888705740096, 4.475676767086574], [-0.15126612379705023, 5.713285551152295], [-0.4656317520320736, 3.881265299637369], [-0.08609099362514303, 3.5082462676786093], [-0.4787818329122141, 5.669996983069638], [0.00976049078524744, 5.180535718098267], [0.33581199795881134, 5.564268818065967], [-0.13746496164128663, 4.749389067335827], [-0.2434061951171834, 5.686178586590132], [-0.246720271393635, 5.131236858597807], [-0.3989840616474434, 3.033161182067181], [0.05967471186410857, 5.827657646867683], [-0.4097262549454129, 4.617620394711484], [-0.33645086881214636, 4.9321307378914225], [-0.49590578927289514, 1.211853543053378], [0.43402982110170624, 4.964195177458996], [-0.2241747189274924, 3.3558920249299797], [0.2965500468463862, 4.319955159662049], [-0.33022298997257005, 5.7648612715921965], [-0.4229952043167333, 4.3715918803042], [0.06048068621245947, 5.826095901127146], [-0.273860162950381, 3.0352892041529986], [0.1736174759770835, 3.566115567089318], [-0.0030462256938856595, 5.964960409735953], [0.5133629845514973, 5.369813050313286], [0.14564447328329835, 5.750098360017472], [-0.3942664598316952, 5.627122195135213], [-0.018233817414900683, 3.9238577756745148], [0.17802050977661654, 3.7315354668523026], [-0.1299980429046461, 4.870795476998211], [-0.3555984750457569, 3.9698287659451403], [-0.1042245826461035, 4.034560771849785], [-0.19776174761720547, 4.014578479132171], [0.049355718509285953, 5.576299981571486], [0.34913582093912154, 4.581691604822892], [0.03637661756802222, 4.341996861973662], [-0.043557256728791426, 4.904044492230891], [-0.19922616600647794, 3.6207302127793897], [0.4448200637512268, 5.732355736807881], [-0.1469427430284841, 4.757553784440914], [-0.03270350867676512, 2.1787358278658506], [0.3961805462257275, 4.904865374719925], [-0.21102752623357457, 2.442251578214093], [0.11838457381483883, 5.7880173046314285]]","[[-0.735512375831604, 5.071609973907471, -0.41982975602149963], [-0.781180739402771, 4.064624309539795, -0.38334643840789795], [-2.0368833541870117, 5.954797744750977, 1.2460194826126099], [2.5086491107940674, 4.8439741134643555, 0.810574471950531], [-1.690869688987732, 4.409207820892334, -0.17856155335903168], [1.8264570236206055, 4.0445404052734375, 0.09593416750431061], [1.6176284551620483, 4.096442222595215, 0.938147783279419], [0.806373119354248, 2.1923611164093018, -0.25782671570777893], [2.3258464336395264, 5.314465522766113, 0.7844532132148743], [0.30824869871139526, 4.73850679397583, 0.7172616720199585], [-0.5038958191871643, 3.150254726409912, 0.4329964220523834], [-0.7704256176948547, 2.14143443107605, -0.08076226711273193], [-1.3475202322006226, 4.6160688400268555, 0.7044112086296082], [0.5631309151649475, 2.9999711513519287, 0.12128958851099014], [2.097599744796753, 4.09572172164917, 0.3754720985889435], [1.4013367891311646, 5.146660327911377, 0.7831169962882996], [1.8719948530197144, 5.052525520324707, 0.8349053263664246], [-0.8343181610107422, 5.747586250305176, -0.31557759642601013], [0.9735420346260071, 3.477978229522705, 0.5639318823814392], [2.0338191986083984, 4.5210676193237305, 0.5370109677314758], [0.6284419298171997, 5.218175411224365, 0.8114650249481201], [-2.1508965492248535, 6.077622890472412, 0.9590714573860168], [0.20993180572986603, 6.1931586265563965, 0.15911541879177094], [-0.15580470860004425, 2.233808755874634, 0.1942511945962906], [0.6671563982963562, 4.9510884284973145, 0.08018825948238373], [1.6244605779647827, 5.264101505279541, 1.0627230405807495], [0.9604702591896057, 4.650146961212158, -0.4360598027706146], [1.8771520853042603, 5.262132167816162, -0.6439931392669678], [-0.4432789385318756, 5.759372234344482, 1.110603928565979], [-0.1251818686723709, 3.9142308235168457, 0.487517774105072], [0.14096054434776306, 5.985050201416016, 0.6319344639778137], [1.0243852138519287, 4.614221096038818, -0.3322118818759918], [-0.2232341468334198, 6.15316915512085, -0.6097013354301453], [-0.7530555725097656, 4.44417667388916, 0.6593567728996277], [2.2696025371551514, 5.486732482910156, -0.12071239203214645], [0.9093790054321289, 4.313949108123779, 0.5192649364471436], [-1.8733155727386475, 5.270479202270508, -0.5131598711013794], [-0.18706348538398743, 6.19650411605835, 0.0280925165861845], [-0.9702979922294617, 4.599729061126709, -0.38003405928611755], [0.7296291589736938, 2.2370800971984863, 0.18609796464443207], [-1.2860043048858643, 5.646541118621826, 0.3764677941799164], [0.12379542738199234, 4.747463226318359, 0.05897322669625282], [1.2765042781829834, 5.660760879516602, 0.28941968083381653], [1.6238069534301758, 3.367189884185791, -0.2100205272436142], [0.23832537233829498, 3.6462972164154053, 0.48138654232025146], [2.7919070720672607, 4.504112720489502, 1.1353638172149658], [0.2728913426399231, 5.443265914916992, -0.1400608867406845], [-1.419130563735962, 5.92277193069458, -0.41253772377967834], [0.8582029342651367, 4.764886379241943, 0.44744107127189636], [1.7300890684127808, 5.448585510253906, -0.3523448407649994], [1.4634310007095337, 4.947659015655518, -0.586247444152832], [0.9084689617156982, 2.7410616874694824, 0.50437331199646], [0.11934449523687363, 6.121015548706055, -0.599793553352356], [1.8829679489135742, 4.095810890197754, -0.4020892083644867], [1.7741444110870361, 4.417745590209961, 0.8527701497077942], [-0.0657423734664917, 1.2583720684051514, 0.05360399931669235], [-1.8537741899490356, 5.257071495056152, -0.16569417715072632], [0.6224063634872437, 3.3841347694396973, 0.07435598969459534], [-1.132378101348877, 4.613344192504883, 0.6494982838630676], [2.1972551345825195, 5.119368076324463, 1.0068522691726685], [1.798193335533142, 3.787522315979004, 0.46751636266708374], [0.1385493129491806, 6.052800178527832, 0.7136730551719666], [0.5894699692726135, 3.0493807792663574, -0.371214896440506], [-0.6541420221328735, 3.9293251037597656, 0.15746080875396729], [0.5346145629882812, 6.183975696563721, 0.018084950745105743], [-2.3218743801116943, 5.552342891693115, -0.4737469255924225], [-0.3445555865764618, 5.978813171386719, 1.0294865369796753], [2.4012160301208496, 4.959827899932861, -0.5264875888824463], [0.11874957382678986, 4.134964942932129, 0.41843512654304504], [-0.6581828594207764, 4.016554832458496, 0.644450843334198], [0.8666809797286987, 4.931448936462402, 0.09942346066236496], [1.3445065021514893, 3.680060386657715, -0.0017258523730561137], [0.4667784869670868, 4.105175495147705, 0.6162322163581848], [0.7970044016838074, 4.040553092956543, -0.3839561641216278], [0.15165023505687714, 5.721107006072998, 1.0655454397201538], [-1.3837485313415527, 4.844825267791748, 0.725816011428833], [-0.01725850999355316, 4.645467281341553, -0.0787845328450203], [0.4716223478317261, 5.105075359344482, -0.0506548136472702], [0.650888979434967, 3.676102876663208, -0.11362805217504501], [-2.0552515983581543, 5.99753475189209, -0.12209191918373108], [0.8937721848487854, 4.650120735168457, 0.9672383666038513], [-0.29389622807502747, 2.4829893112182617, -0.016923734918236732], [-1.651635766029358, 5.2150959968566895, 0.20126692950725555], [0.1801232248544693, 2.5401113033294678, 0.28212225437164307], [-0.2004091739654541, 6.134603023529053, 0.0161150936037302]]"
2634,-0.9574853375767254,0.4203146492985179,-0.23937133439418135,0.015207777889040139,-0.050230345270934215,0.607374045788889,0.7926805184988951,-0.9566317604393011,0.4200129922432431,-0.23862779271046744,0.015294820809248197,-0.05021392990939108,0.6073321464964623,0.7927119864941286,"[75, 95, 196, 205, 229, 239, 254, 286, 382, 424, 429, 467, 478, 490, 494, 522, 584, 585, 625, 669, 705, 808, 874, 911, 929, 1024, 1168, 1195, 1344, 1538, 1547, 1585, 1629, 1729, 1787, 1937, 1950, 2030, 2057, 2158, 2185, 2229, 2463, 2541, 2556, 2572, 2616, 2617, 2659, 2665, 2781, 2846, 2938, 3127, 3141, 3182, 3224, 3249, 3342, 3432, 3504, 3506, 3525, 3566, 3735, 3748, 3791, 4067, 4092, 4100, 4107, 4136, 4138, 4215, 4216, 4217, 4255, 4400, 4420, 4515, 4542, 4703, 4828, 4848, 4867, 4955]","[[0.2191135593599238, 4.661571276705051], [0.21878933202871317, 3.6528784327296537], [-0.4008030948574814, 5.715381199483243], [0.44636802397211695, 4.058420514055869], [-0.39299987358404137, 4.582103222362204], [-0.3457817744972493, 4.6365562604702095], [-0.5206171811721879, 2.4980727329776404], [-0.32771993873443434, 5.979583198821072], [-0.02656766156483755, 4.601045440709422], [0.09081308345749507, 2.849123833771072], [0.1551046345797101, 1.7398696030265344], [0.34509751053798476, 4.32007683328795], [-0.26916772929069915, 3.013316123964398], [-0.42929787341434505, 4.8169535925339115], [0.2189221293915326, 5.314768731082504], [-0.201723574394272, 5.380351657518425], [-0.28684369314716535, 5.531321197799717], [0.24445854154202354, 5.329935332520928], [-0.30068096496824015, 3.704298379940164], [-0.36745981962323193, 5.133268882252152], [-0.06185723670656575, 5.161264415614381], [0.45955463545414343, 5.905052557834507], [0.39555021704516957, 5.411079893371863], [0.440705273464938, 5.964157303980027], [0.06271247930038706, 5.903384100903035], [-0.15401930431004002, 2.0295577005711793], [-0.08240487402515431, 4.823773574319559], [-0.2285483544060458, 5.639725972011786], [-0.1621025759256258, 4.647150785047074], [0.15674846167744336, 5.531902788735684], [0.02372122401671349, 3.6650181525500223], [0.06372232747165817, 5.736704761664771], [-0.17893527060845052, 4.639419798452059], [0.14084768417199836, 5.791473924903791], [0.2043627414018888, 4.127721673969751], [-0.18564387141593397, 4.383032802124022], [0.4566547783174753, 4.943397841804092], [0.13214195787625946, 5.835007677628357], [0.2724338629169222, 4.1834393776957555], [-0.48235209033832743, 2.513135016468142], [0.3192606844402347, 5.273302692962303], [0.015701061395568056, 4.469751511569853], [-0.14239139339612458, 5.7198554603736875], [-0.4565507905744958, 3.914938890785541], [-0.0963394590455587, 3.514836003933309], [-0.3608115920031864, 3.9800278636223063], [-0.47649816383514243, 5.710092053553376], [-0.27563683408228057, 3.8170065551462464], [0.024600160755787175, 5.172280785484285], [0.35090857675032117, 5.527967867340387], [-0.13387212051286992, 4.757816242980412], [-0.2257808494363173, 5.70361872838368], [-0.22795358180180378, 5.145538094876806], [-0.4119660045297138, 3.067374748411798], [0.07911407195062108, 5.812932728125054], [-0.3960076710684559, 4.645184719880505], [-0.337040813412874, 4.962961958381413], [0.4493786623689171, 4.920686392056816], [-0.2263185349871975, 3.3745292637041837], [0.2959978983317008, 4.2909017656497515], [-0.329227899149801, 5.79374095749697], [-0.4217078078782243, 4.405325892105879], [0.0668160464328636, 5.815831240498261], [-0.2694316908130507, 3.0514901570592152], [-0.42668198386824946, 2.8025250697324364], [0.17306730823426347, 3.546222395719029], [0.01003609645832445, 5.960146613306917], [0.14313134682787348, 5.736007992909794], [-0.37490561622486956, 5.654268022971989], [-0.022717801377955284, 3.9232745072011843], [0.1703745791324192, 3.7163717988928893], [-0.12317185538135515, 4.877592584811394], [-0.35165225157495594, 3.9970641638667033], [-0.10975838081725159, 4.0416852535992325], [-0.18770784627181128, 4.023271929401434], [0.05059314796857425, 5.570264907973022], [0.3458683195333332, 4.552501593591507], [0.04353098452579925, 4.330860254262728], [-0.03472459869843467, 4.901726131730221], [-0.1965823535801383, 3.6330464719686155], [0.45825210837878916, 5.687171966563035], [-0.15201575563662406, 4.771198844955475], [-0.04902203450898634, 2.178204059306723], [0.4027994471893538, 4.866046393342845], [-0.22989578979743636, 2.4594217951617243], [0.13057399671542952, 5.770404140506425]]","[[-0.735512375831604, 5.071609973907471, -0.41982975602149963], [-0.781180739402771, 4.064624309539795, -0.38334643840789795], [2.5086491107940674, 4.8439741134643555, 0.810574471950531], [-1.690869688987732, 4.409207820892334, -0.17856155335903168], [1.8264570236206055, 4.0445404052734375, 0.09593416750431061], [1.6176284551620483, 4.096442222595215, 0.938147783279419], [0.806373119354248, 2.1923611164093018, -0.25782671570777893], [2.3258464336395264, 5.314465522766113, 0.7844532132148743], [0.30824869871139526, 4.73850679397583, 0.7172616720199585], [-0.5038958191871643, 3.150254726409912, 0.4329964220523834], [-0.7704256176948547, 2.14143443107605, -0.08076226711273193], [-1.3475202322006226, 4.6160688400268555, 0.7044112086296082], [0.5631309151649475, 2.9999711513519287, 0.12128958851099014], [2.097599744796753, 4.09572172164917, 0.3754720985889435], [-0.6919013261795044, 5.709843635559082, -0.6784160733222961], [1.4013367891311646, 5.146660327911377, 0.7831169962882996], [1.8719948530197144, 5.052525520324707, 0.8349053263664246], [-0.8343181610107422, 5.747586250305176, -0.31557759642601013], [0.9735420346260071, 3.477978229522705, 0.5639318823814392], [2.0338191986083984, 4.5210676193237305, 0.5370109677314758], [0.6284419298171997, 5.218175411224365, 0.8114650249481201], [-2.1508965492248535, 6.077622890472412, 0.9590714573860168], [-1.6339755058288574, 5.771999359130859, -0.6272463202476501], [-2.0406041145324707, 6.23831844329834, 0.4831262230873108], [0.20993180572986603, 6.1931586265563965, 0.15911541879177094], [-0.15580470860004425, 2.233808755874634, 0.1942511945962906], [0.6671563982963562, 4.9510884284973145, 0.08018825948238373], [1.6244605779647827, 5.264101505279541, 1.0627230405807495], [0.9604702591896057, 4.650146961212158, -0.4360598027706146], [-0.4432789385318756, 5.759372234344482, 1.110603928565979], [-0.1251818686723709, 3.9142308235168457, 0.487517774105072], [0.14096054434776306, 5.985050201416016, 0.6319344639778137], [1.0243852138519287, 4.614221096038818, -0.3322118818759918], [-0.2232341468334198, 6.15316915512085, -0.6097013354301453], [-0.7530555725097656, 4.44417667388916, 0.6593567728996277], [0.9093790054321289, 4.313949108123779, 0.5192649364471436], [-1.8733155727386475, 5.270479202270508, -0.5131598711013794], [-0.18706348538398743, 6.19650411605835, 0.0280925165861845], [-0.9702979922294617, 4.599729061126709, -0.38003405928611755], [0.7296291589736938, 2.2370800971984863, 0.18609796464443207], [-1.2860043048858643, 5.646541118621826, 0.3764677941799164], [0.12379542738199234, 4.747463226318359, 0.05897322669625282], [1.2765042781829834, 5.660760879516602, 0.28941968083381653], [1.6238069534301758, 3.367189884185791, -0.2100205272436142], [0.23832537233829498, 3.6462972164154053, 0.48138654232025146], [1.2931238412857056, 3.53771710395813, 0.7972477078437805], [2.7919070720672607, 4.504112720489502, 1.1353638172149658], [0.9247138500213623, 3.581916570663452, 0.7817375659942627], [0.2728913426399231, 5.443265914916992, -0.1400608867406845], [-1.419130563735962, 5.92277193069458, -0.41253772377967834], [0.8582029342651367, 4.764886379241943, 0.44744107127189636], [1.7300890684127808, 5.448585510253906, -0.3523448407649994], [1.4634310007095337, 4.947659015655518, -0.586247444152832], [0.9084689617156982, 2.7410616874694824, 0.50437331199646], [0.11934449523687363, 6.121015548706055, -0.599793553352356], [1.8829679489135742, 4.095810890197754, -0.4020892083644867], [1.7741444110870361, 4.417745590209961, 0.8527701497077942], [-1.8537741899490356, 5.257071495056152, -0.16569417715072632], [0.6224063634872437, 3.3841347694396973, 0.07435598969459534], [-1.132378101348877, 4.613344192504883, 0.6494982838630676], [2.1972551345825195, 5.119368076324463, 1.0068522691726685], [1.798193335533142, 3.787522315979004, 0.46751636266708374], [0.1385493129491806, 6.052800178527832, 0.7136730551719666], [0.5894699692726135, 3.0493807792663574, -0.371214896440506], [0.7728717923164368, 2.505786895751953, 0.4832989275455475], [-0.6541420221328735, 3.9293251037597656, 0.15746080875396729], [0.5346145629882812, 6.183975696563721, 0.018084950745105743], [-0.3445555865764618, 5.978813171386719, 1.0294865369796753], [2.4012160301208496, 4.959827899932861, -0.5264875888824463], [0.11874957382678986, 4.134964942932129, 0.41843512654304504], [-0.6581828594207764, 4.016554832458496, 0.644450843334198], [0.8666809797286987, 4.931448936462402, 0.09942346066236496], [1.3445065021514893, 3.680060386657715, -0.0017258523730561137], [0.4667784869670868, 4.105175495147705, 0.6162322163581848], [0.7970044016838074, 4.040553092956543, -0.3839561641216278], [0.15165023505687714, 5.721107006072998, 1.0655454397201538], [-1.3837485313415527, 4.844825267791748, 0.725816011428833], [-0.01725850999355316, 4.645467281341553, -0.0787845328450203], [0.4716223478317261, 5.105075359344482, -0.0506548136472702], [0.650888979434967, 3.676102876663208, -0.11362805217504501], [-2.0552515983581543, 5.99753475189209, -0.12209191918373108], [0.8937721848487854, 4.650120735168457, 0.9672383666038513], [-0.29389622807502747, 2.4829893112182617, -0.016923734918236732], [-1.651635766029358, 5.2150959968566895, 0.20126692950725555], [0.1801232248544693, 2.5401113033294678, 0.28212225437164307], [-0.2004091739654541, 6.134603023529053, 0.0161150936037302]]"
2636,-1.035505356414621,0.44295312529121694,-0.25887633910365526,-0.010859473802971628,-0.06332795733061726,0.5973105135018797,0.7994321685478856,-1.0357882590810887,0.44213072168774276,-0.25828113220110466,-0.010632735910632475,-0.0630117812136841,0.5975916258802065,0.799250091669175,"[75, 95, 196, 205, 229, 239, 254, 382, 424, 429, 478, 490, 494, 522, 584, 585, 606, 625, 656, 669, 705, 808, 874, 911, 929, 1024, 1158, 1168, 1195, 1344, 1547, 1585, 1629, 1729, 1787, 1937, 1950, 1958, 2030, 2057, 2158, 2185, 2218, 2229, 2463, 2541, 2556, 2572, 2616, 2617, 2659, 2665, 2781, 2846, 2938, 3127, 3141, 3182, 3224, 3249, 3342, 3432, 3504, 3506, 3525, 3549, 3566, 3735, 3748, 3791, 4067, 4092, 4100, 4136, 4138, 4215, 4216, 4217, 4255, 4400, 4420, 4515, 4542, 4703, 4828, 4838, 4848, 4867, 4875, 4955]","[[0.23054564814840456, 4.640826240936882], [0.22480447986594032, 3.630775607787403], [-0.39744869810612105, 5.752379650143466], [0.45162923839126023, 4.021674763929976], [-0.38658949297441236, 4.613810321291772], [-0.35279696344987393, 4.672129332460152], [-0.5219757003979413, 2.5399743081116064], [-0.030988147561115436, 4.6044267007156625], [0.07273280165427577, 2.8450793027040713], [0.12657415875038108, 1.727864903420818], [-0.2766129429540997, 3.039547138035943], [-0.42574106138870865, 4.85330131672723], [0.2340881716393128, 5.294268761277717], [-0.20020052661104074, 5.3985249890984495], [-0.28556076501372735, 5.558401840279083], [0.25467255578766185, 5.308559808769828], [0.1835755743137045, 5.3113354388506675], [-0.3064988839072038, 3.731990555916088], [0.33003590555695717, 4.9460283679608565], [-0.363514799637875, 5.1657948376863825], [-0.06181380469475004, 5.169796429420334], [0.4596384514099392, 5.871443937921414], [0.40986674466008555, 5.373552186164394], [0.4461482629304777, 5.92862800551603], [0.07262702265288709, 5.897730849260263], [-0.18306062021482117, 2.0459000428687646], [0.33028955040501673, 5.245328239580159], [-0.07713090118239299, 4.831405961251227], [-0.22885928836497388, 5.6614915626684885], [-0.14905822500212196, 4.661348140187808], [0.014168763392379049, 3.6641401416357473], [0.06719310281387768, 5.735087630968321], [-0.16394370599063687, 4.6526330564636], [0.15591723270787608, 5.777619966735463], [0.1951003573359859, 4.116220450550319], [-0.18605107884629848, 4.399772140002534], [0.4677705896114646, 4.905080398015058], [0.4602397647198183, 2.581111727418281], [0.13975324080074508, 5.821290726494625], [0.2788787633421683, 4.1574815802556255], [-0.4943276141881346, 2.557064686267074], [0.3247486323996804, 5.249330649901573], [0.22615381930337233, 5.999892737551677], [0.02188515355802514, 4.468617212093324], [-0.1337947452541657, 5.735991220413855], [-0.44764914165029646, 3.9532252233745195], [-0.10437791456260664, 3.525229328828969], [-0.370712612405081, 4.016429823756216], [-0.475566568447969, 5.750516571623684], [-0.28462629648079874, 3.8445556720569494], [0.03398285511768333, 5.168955012825362], [0.36493569451737606, 5.496654189297462], [-0.13216709985120742, 4.771845392426049], [-0.21117094767009603, 5.718836118668116], [-0.21085579963809525, 5.161427215001925], [-0.42297359883130264, 3.1054344523476303], [0.09723630390138126, 5.804453653618009], [-0.38335856391220247, 4.678788914052077], [-0.3388238564249557, 4.9922202175241415], [0.4564255021597868, 4.8836358555722255], [-0.22964300435994486, 3.3925305127178684], [0.2897472468887053, 4.270190002908572], [-0.32736237087068687, 5.824000439092794], [-0.42043033291443443, 4.444873046981422], [0.06961605739301692, 5.813443591746216], [0.22788085392948024, 3.7974143020977644], [-0.2644929260772679, 3.0746277902451693], [-0.4438426779273129, 2.841037279331305], [0.17092539731738252, 3.5330614048423388], [0.020089699003012843, 5.959403782972937], [0.14252241061704102, 5.7260218091760064], [-0.3579739727808518, 5.682196159752648], [-0.02739387438211236, 3.926291198036663], [-0.11497405313048677, 4.887184477744264], [-0.3459359787500806, 4.02668774727715], [-0.11512845241816685, 4.054751358072616], [-0.17749218404769354, 4.03968302868899], [0.04627385369972388, 5.568539319050422], [0.34425702959463556, 4.5241015795636645], [0.05018887800972768, 4.327431213329582], [-0.024809243394649468, 4.904893199887551], [-0.19172041195867456, 3.650288261567522], [0.4664382437652074, 5.6497907978249495], [-0.15924181478454408, 4.788422067825658], [-0.06691600362763239, 2.1823783547028657], [0.3655992522361368, 4.534835294561162], [0.40754379456151557, 4.832292863562058], [-0.25059163744486485, 2.4840009774103113], [0.08653958815958933, 2.0374580143865533], [0.1422783326866793, 5.7590593668257295]]","[[-0.735512375831604, 5.071609973907471, -0.41982975602149963], [-0.781180739402771, 4.064624309539795, -0.38334643840789795], [2.5086491107940674, 4.8439741134643555, 0.810574471950531], [-1.690869688987732, 4.409207820892334, -0.17856155335903168], [1.8264570236206055, 4.0445404052734375, 0.09593416750431061], [1.6176284551620483, 4.096442222595215, 0.938147783279419], [0.806373119354248, 2.1923611164093018, -0.25782671570777893], [0.30824869871139526, 4.73850679397583, 0.7172616720199585], [-0.5038958191871643, 3.150254726409912, 0.4329964220523834], [-0.7704256176948547, 2.14143443107605, -0.08076226711273193], [0.5631309151649475, 2.9999711513519287, 0.12128958851099014], [2.097599744796753, 4.09572172164917, 0.3754720985889435], [-0.6919013261795044, 5.709843635559082, -0.6784160733222961], [1.4013367891311646, 5.146660327911377, 0.7831169962882996], [1.8719948530197144, 5.052525520324707, 0.8349053263664246], [-0.8343181610107422, 5.747586250305176, -0.31557759642601013], [-0.42395034432411194, 5.697216510772705, -0.7365975975990295], [0.9735420346260071, 3.477978229522705, 0.5639318823814392], [-1.16005277633667, 5.355739593505859, -0.8161808848381042], [2.0338191986083984, 4.5210676193237305, 0.5370109677314758], [0.6284419298171997, 5.218175411224365, 0.8114650249481201], [-2.1508965492248535, 6.077622890472412, 0.9590714573860168], [-1.6339755058288574, 5.771999359130859, -0.6272463202476501], [-2.0406041145324707, 6.23831844329834, 0.4831262230873108], [0.20993180572986603, 6.1931586265563965, 0.15911541879177094], [-0.15580470860004425, 2.233808755874634, 0.1942511945962906], [-1.1739826202392578, 5.660854816436768, -0.7993767261505127], [0.6671563982963562, 4.9510884284973145, 0.08018825948238373], [1.6244605779647827, 5.264101505279541, 1.0627230405807495], [0.9604702591896057, 4.650146961212158, -0.4360598027706146], [-0.1251818686723709, 3.9142308235168457, 0.487517774105072], [0.14096054434776306, 5.985050201416016, 0.6319344639778137], [1.0243852138519287, 4.614221096038818, -0.3322118818759918], [-0.2232341468334198, 6.15316915512085, -0.6097013354301453], [-0.7530555725097656, 4.44417667388916, 0.6593567728996277], [0.9093790054321289, 4.313949108123779, 0.5192649364471436], [-1.8733155727386475, 5.270479202270508, -0.5131598711013794], [-1.434418797492981, 2.976118564605713, -0.5435752868652344], [-0.18706348538398743, 6.19650411605835, 0.0280925165861845], [-0.9702979922294617, 4.599729061126709, -0.38003405928611755], [0.7296291589736938, 2.2370800971984863, 0.18609796464443207], [-1.2860043048858643, 5.646541118621826, 0.3764677941799164], [-0.6981903314590454, 6.41820764541626, 0.1618509441614151], [0.12379542738199234, 4.747463226318359, 0.05897322669625282], [1.2765042781829834, 5.660760879516602, 0.28941968083381653], [1.6238069534301758, 3.367189884185791, -0.2100205272436142], [0.23832537233829498, 3.6462972164154053, 0.48138654232025146], [1.2931238412857056, 3.53771710395813, 0.7972477078437805], [2.7919070720672607, 4.504112720489502, 1.1353638172149658], [0.9247138500213623, 3.581916570663452, 0.7817375659942627], [0.2728913426399231, 5.443265914916992, -0.1400608867406845], [-1.419130563735962, 5.92277193069458, -0.41253772377967834], [0.8582029342651367, 4.764886379241943, 0.44744107127189636], [1.7300890684127808, 5.448585510253906, -0.3523448407649994], [1.4634310007095337, 4.947659015655518, -0.586247444152832], [0.9084689617156982, 2.7410616874694824, 0.50437331199646], [0.11934449523687363, 6.121015548706055, -0.599793553352356], [1.8829679489135742, 4.095810890197754, -0.4020892083644867], [1.7741444110870361, 4.417745590209961, 0.8527701497077942], [-1.8537741899490356, 5.257071495056152, -0.16569417715072632], [0.6224063634872437, 3.3841347694396973, 0.07435598969459534], [-1.132378101348877, 4.613344192504883, 0.6494982838630676], [2.1972551345825195, 5.119368076324463, 1.0068522691726685], [1.798193335533142, 3.787522315979004, 0.46751636266708374], [0.1385493129491806, 6.052800178527832, 0.7136730551719666], [-0.7489219307899475, 4.207465648651123, -0.6649905443191528], [0.5894699692726135, 3.0493807792663574, -0.371214896440506], [0.7728717923164368, 2.505786895751953, 0.4832989275455475], [-0.6541420221328735, 3.9293251037597656, 0.15746080875396729], [0.5346145629882812, 6.183975696563721, 0.018084950745105743], [-0.3445555865764618, 5.978813171386719, 1.0294865369796753], [2.4012160301208496, 4.959827899932861, -0.5264875888824463], [0.11874957382678986, 4.134964942932129, 0.41843512654304504], [0.8666809797286987, 4.931448936462402, 0.09942346066236496], [1.3445065021514893, 3.680060386657715, -0.0017258523730561137], [0.4667784869670868, 4.105175495147705, 0.6162322163581848], [0.7970044016838074, 4.040553092956543, -0.3839561641216278], [0.15165023505687714, 5.721107006072998, 1.0655454397201538], [-1.3837485313415527, 4.844825267791748, 0.725816011428833], [-0.01725850999355316, 4.645467281341553, -0.0787845328450203], [0.4716223478317261, 5.105075359344482, -0.0506548136472702], [0.650888979434967, 3.676102876663208, -0.11362805217504501], [-2.0552515983581543, 5.99753475189209, -0.12209191918373108], [0.8937721848487854, 4.650120735168457, 0.9672383666038513], [-0.29389622807502747, 2.4829893112182617, -0.016923734918236732], [-1.3201606273651123, 4.948207378387451, -0.687322735786438], [-1.651635766029358, 5.2150959968566895, 0.20126692950725555], [0.1801232248544693, 2.5401113033294678, 0.28212225437164307], [-0.6076949834823608, 2.428687334060669, -0.4173581302165985], [-0.2004091739654541, 6.134603023529053, 0.0161150936037302]]"
2638,-1.1213852442716319,0.46426696092405245,-0.28034631106790797,-0.039324308230260306,-0.07063526883088754,0.5866845665413305,0.805770114214725,-1.1206452519224293,0.46439184513502235,-0.2819874404305469,-0.038923745786644155,-0.06870562384404912,0.5875447289681247,0.8053295416957642,"[75, 95, 196, 205, 229, 239, 254, 382, 429, 478, 490, 494, 522, 584, 585, 606, 625, 656, 669, 705, 874, 911, 929, 1024, 1158, 1168, 1195, 1344, 1503, 1547, 1585, 1629, 1729, 1937, 1950, 1958, 2030, 2057, 2158, 2185, 2218, 2229, 2463, 2541, 2556, 2572, 2616, 2617, 2659, 2665, 2750, 2781, 2846, 2938, 3127, 3141, 3182, 3224, 3249, 3342, 3504, 3506, 3525, 3549, 3566, 3735, 3748, 3791, 4092, 4100, 4136, 4138, 4215, 4216, 4400, 4420, 4515, 4542, 4703, 4809, 4828, 4838, 4848, 4867, 4875, 4955]","[[0.23370792609712362, 4.627236311553105], [0.22520222948608498, 3.6180082601529944], [-0.3940228893859074, 5.790094313289826], [0.4508811223468178, 3.988430328718412], [-0.38005858736833903, 4.650628397832861], [-0.3585721921944165, 4.706696418566278], [-0.5238512582455715, 2.58652229822209], [-0.03694676861380129, 4.61356377002505], [0.09475665453055979, 1.7240427516980332], [-0.28374536722414434, 3.0690063025172623], [-0.4195980806721886, 4.89240921761406], [0.24607197271172696, 5.278750012389031], [-0.20340340644569752, 5.422383154746773], [-0.2854393339898233, 5.58901534857234], [0.2600439559705554, 5.291537540718872], [0.19720182070580702, 5.300341246521181], [-0.3159847866925275, 3.7629868230676147], [0.3410670777998603, 4.922725800373017], [-0.3616948451324336, 5.200671481780637], [-0.06714880378847081, 5.180597843594269], [0.42014139722479604, 5.344104086298515], [0.44926299358748073, 5.898128185409593], [0.0772731255487898, 5.89490263423185], [-0.2103094943921548, 2.068760844459168], [0.33897834810984534, 5.223520404323834], [-0.07348174543013901, 4.842396040428463], [-0.23275502861934405, 5.690320550352554], [-0.13762557783164522, 4.677814975774569], [-0.233780770558585, 5.667912709443375], [0.005094184967189897, 3.670572312144932], [0.06579258722669187, 5.735087906610671], [-0.15828908112367568, 4.671517694666907], [0.16761208210706133, 5.7692398421382975], [-0.18966574389757374, 4.423620126529035], [0.47317540796288515, 4.870945235461039], [0.4546201947934557, 2.5462936047697484], [0.1466539614515563, 5.815232561679923], [0.28185739365558, 4.14082721917104], [-0.5064228956557653, 2.601426075191419], [0.3244679664653265, 5.228345219636428], [0.23210258964017397, 5.985140198979652], [0.02368046244659004, 4.474058811161916], [-0.1290342105660725, 5.750740983820934], [-0.4418074445672488, 3.9929862298930385], [-0.11428015692549727, 3.5427760241610415], [-0.37589155748693126, 4.05209813862894], [-0.4760594643650253, 5.7949483345551345], [-0.2954660773024346, 3.874601380269644], [0.03881886886614806, 5.17295361838973], [0.37070639962481394, 5.4715685975080826], [0.11741941652503654, 4.856123507531649], [-0.1352065335342229, 4.790123723168574], [-0.1992162066539469, 5.740912840654917], [-0.19733373595526774, 5.182772865936433], [-0.43545892208375825, 3.146897288509929], [0.10661906915030694, 5.798666208953879], [-0.37125997054745885, 4.711885613767356], [-0.3401554142736691, 5.026957998080183], [0.4587278179593631, 4.848957535508316], [-0.2315250436962102, 3.416233024976565], [-0.32831802046622655, 5.857329220083799], [-0.41906578432007247, 4.481354426976146], [0.07011696111575819, 5.812838519482215], [0.2299537709829137, 3.7825952183343183], [-0.26173682542818144, 3.095329052773505], [-0.4567965605906958, 2.8841617387414322], [0.16375386039701656, 3.5227939025902812], [0.027978589151360016, 5.96299314860334], [-0.34176192461394533, 5.713245065241712], [-0.034267395390121094, 3.936310923215193], [-0.1113634699080573, 4.902549100448515], [-0.3439499706877822, 4.060779667117357], [-0.12376625730585182, 4.070916209820478], [-0.16944735043587597, 4.059392388787447], [0.05192625871868111, 4.327394522378472], [-0.020042110686815166, 4.9114686063750215], [-0.19337908423650305, 3.6693760161995743], [0.4744178737802236, 5.616118465763784], [-0.16737642682948436, 4.807220516003017], [0.2358581233284137, 5.84308584492248], [-0.08777945474934445, 2.196387108326672], [0.3727114723904197, 4.5086164684227885], [0.40703712185323404, 4.805433110739894], [-0.2674622844332648, 2.511721641323772], [0.07329078607025646, 2.0353003520234285], [0.1455208980094297, 5.750859321450035]]","[[-0.735512375831604, 5.071609973907471, -0.41982975602149963], [-0.781180739402771, 4.064624309539795, -0.38334643840789795], [2.5086491107940674, 4.8439741134643555, 0.810574471950531], [-1.690869688987732, 4.409207820892334, -0.17856155335903168], [1.8264570236206055, 4.0445404052734375, 0.09593416750431061], [1.6176284551620483, 4.096442222595215, 0.938147783279419], [0.806373119354248, 2.1923611164093018, -0.25782671570777893], [0.30824869871139526, 4.73850679397583, 0.7172616720199585], [-0.7704256176948547, 2.14143443107605, -0.08076226711273193], [0.5631309151649475, 2.9999711513519287, 0.12128958851099014], [2.097599744796753, 4.09572172164917, 0.3754720985889435], [-0.6919013261795044, 5.709843635559082, -0.6784160733222961], [1.4013367891311646, 5.146660327911377, 0.7831169962882996], [1.8719948530197144, 5.052525520324707, 0.8349053263664246], [-0.8343181610107422, 5.747586250305176, -0.31557759642601013], [-0.42395034432411194, 5.697216510772705, -0.7365975975990295], [0.9735420346260071, 3.477978229522705, 0.5639318823814392], [-1.16005277633667, 5.355739593505859, -0.8161808848381042], [2.0338191986083984, 4.5210676193237305, 0.5370109677314758], [0.6284419298171997, 5.218175411224365, 0.8114650249481201], [-1.6339755058288574, 5.771999359130859, -0.6272463202476501], [-2.0406041145324707, 6.23831844329834, 0.4831262230873108], [0.20993180572986603, 6.1931586265563965, 0.15911541879177094], [-0.15580470860004425, 2.233808755874634, 0.1942511945962906], [-1.1739826202392578, 5.660854816436768, -0.7993767261505127], [0.6671563982963562, 4.9510884284973145, 0.08018825948238373], [1.6244605779647827, 5.264101505279541, 1.0627230405807495], [0.9604702591896057, 4.650146961212158, -0.4360598027706146], [1.8771520853042603, 5.262132167816162, -0.6439931392669678], [-0.1251818686723709, 3.9142308235168457, 0.487517774105072], [0.14096054434776306, 5.985050201416016, 0.6319344639778137], [1.0243852138519287, 4.614221096038818, -0.3322118818759918], [-0.2232341468334198, 6.15316915512085, -0.6097013354301453], [0.9093790054321289, 4.313949108123779, 0.5192649364471436], [-1.8733155727386475, 5.270479202270508, -0.5131598711013794], [-1.434418797492981, 2.976118564605713, -0.5435752868652344], [-0.18706348538398743, 6.19650411605835, 0.0280925165861845], [-0.9702979922294617, 4.599729061126709, -0.38003405928611755], [0.7296291589736938, 2.2370800971984863, 0.18609796464443207], [-1.2860043048858643, 5.646541118621826, 0.3764677941799164], [-0.6981903314590454, 6.41820764541626, 0.1618509441614151], [0.12379542738199234, 4.747463226318359, 0.05897322669625282], [1.2765042781829834, 5.660760879516602, 0.28941968083381653], [1.6238069534301758, 3.367189884185791, -0.2100205272436142], [0.23832537233829498, 3.6462972164154053, 0.48138654232025146], [1.2931238412857056, 3.53771710395813, 0.7972477078437805], [2.7919070720672607, 4.504112720489502, 1.1353638172149658], [0.9247138500213623, 3.581916570663452, 0.7817375659942627], [0.2728913426399231, 5.443265914916992, -0.1400608867406845], [-1.419130563735962, 5.92277193069458, -0.41253772377967834], [-0.09902448207139969, 5.187546253204346, -0.7424336671829224], [0.8582029342651367, 4.764886379241943, 0.44744107127189636], [1.7300890684127808, 5.448585510253906, -0.3523448407649994], [1.4634310007095337, 4.947659015655518, -0.586247444152832], [0.9084689617156982, 2.7410616874694824, 0.50437331199646], [0.11934449523687363, 6.121015548706055, -0.599793553352356], [1.8829679489135742, 4.095810890197754, -0.4020892083644867], [1.7741444110870361, 4.417745590209961, 0.8527701497077942], [-1.8537741899490356, 5.257071495056152, -0.16569417715072632], [0.6224063634872437, 3.3841347694396973, 0.07435598969459534], [2.1972551345825195, 5.119368076324463, 1.0068522691726685], [1.798193335533142, 3.787522315979004, 0.46751636266708374], [0.1385493129491806, 6.052800178527832, 0.7136730551719666], [-0.7489219307899475, 4.207465648651123, -0.6649905443191528], [0.5894699692726135, 3.0493807792663574, -0.371214896440506], [0.7728717923164368, 2.505786895751953, 0.4832989275455475], [-0.6541420221328735, 3.9293251037597656, 0.15746080875396729], [0.5346145629882812, 6.183975696563721, 0.018084950745105743], [2.4012160301208496, 4.959827899932861, -0.5264875888824463], [0.11874957382678986, 4.134964942932129, 0.41843512654304504], [0.8666809797286987, 4.931448936462402, 0.09942346066236496], [1.3445065021514893, 3.680060386657715, -0.0017258523730561137], [0.4667784869670868, 4.105175495147705, 0.6162322163581848], [0.7970044016838074, 4.040553092956543, -0.3839561641216278], [-0.01725850999355316, 4.645467281341553, -0.0787845328450203], [0.4716223478317261, 5.105075359344482, -0.0506548136472702], [0.650888979434967, 3.676102876663208, -0.11362805217504501], [-2.0552515983581543, 5.99753475189209, -0.12209191918373108], [0.8937721848487854, 4.650120735168457, 0.9672383666038513], [-0.557539165019989, 6.238050937652588, -0.9604814648628235], [-0.29389622807502747, 2.4829893112182617, -0.016923734918236732], [-1.3201606273651123, 4.948207378387451, -0.687322735786438], [-1.651635766029358, 5.2150959968566895, 0.20126692950725555], [0.1801232248544693, 2.5401113033294678, 0.28212225437164307], [-0.6076949834823608, 2.428687334060669, -0.4173581302165985], [-0.2004091739654541, 6.134603023529053, 0.0161150936037302]]"
2640,-1.1995534419776404,0.479921785761885,-0.2998883604944101,-0.06206422671330351,-0.06962177598478463,0.5779355174777876,0.8107350847896533,-1.1996051736492312,0.47976644262201124,-0.3000840710385849,-0.062013632778151424,-0.06931324163597453,0.5782286250313642,0.8105563774827188,"[75, 95, 196, 205, 229, 239, 255, 382, 429, 478, 490, 494, 505, 522, 584, 585, 606, 625, 656, 669, 705, 874, 929, 1024, 1158, 1168, 1195, 1344, 1442, 1503, 1547, 1585, 1629, 1632, 1729, 1937, 1950, 1958, 2004, 2030, 2057, 2158, 2185, 2218, 2229, 2463, 2541, 2556, 2572, 2616, 2659, 2665, 2731, 2750, 2781, 2846, 2938, 3127, 3141, 3182, 3224, 3249, 3342, 3504, 3506, 3525, 3549, 3566, 3735, 3748, 3791, 3983, 4007, 4092, 4100, 4136, 4138, 4215, 4216, 4322, 4400, 4420, 4515, 4542, 4662, 4809, 4828, 4838, 4848, 4867, 4875, 4955]","[[0.23525093940740144, 4.615915336096038], [0.22063556091290643, 3.6087322708880243], [-0.39278689385695537, 5.829944179444733], [0.446326890431204, 3.962448824146562], [-0.37784093388706047, 4.689441982869424], [-0.3634150480556459, 4.746680818765634], [0.44075490880704754, 5.450700706268299], [-0.04453023195042559, 4.630433711665253], [0.062211060169740366, 1.7279219505004169], [-0.29354405230460645, 3.1018241504777118], [-0.41957095855299387, 4.937980013574201], [0.24780651341233123, 5.26808334155113], [-0.05712138396642999, 5.48247455657798], [-0.20467459977275654, 5.4503817511053], [-0.2865288583627365, 5.6216599215473115], [0.2623222984037413, 5.27880478090014], [0.20214928837665547, 5.2925872367383], [-0.3235967870812754, 3.7995702778413554], [0.34352590596804533, 4.903994700698422], [-0.3611616576042494, 5.239135028646956], [-0.07038736494474801, 5.196752898844924], [0.4219996616782618, 5.322510661722201], [0.07762290133849974, 5.903067750954844], [-0.23717159762039916, 2.0983634693263737], [0.34258550200123933, 5.206897293013022], [-0.07131332966318563, 4.85940492549713], [-0.2355305312600202, 5.718530113440479], [-0.1347748509221815, 4.696688516541727], [0.37390773987711884, 3.3426063653917004], [-0.2221001476798809, 5.695685771101302], [-0.006122093446817349, 3.683281979850893], [0.06548543344545457, 5.742013346608332], [-0.15343300416078115, 4.693741733815205], [0.3885673865606771, 4.029733425936813], [0.1736267121261125, 5.763108369848355], [-0.19580585052782862, 4.449358593573603], [0.47494351128903245, 4.843687888537822], [0.4423024710786048, 2.520263166494237], [0.20162725967104028, 4.1273139374480925], [0.14766353632358814, 5.814896266310291], [0.2812269748780075, 4.1277333288653555], [-0.5158186153628123, 2.6521158342740585], [0.321703994539163, 5.211387358335194], [0.23347045116266024, 5.978484094802129], [0.01963933022037757, 4.481270562596853], [-0.1257762141137518, 5.771953042279799], [-0.43649945680568053, 4.037531779886375], [-0.12737910245016673, 3.5624297632218775], [-0.386377542796631, 4.09247193796578], [-0.478283793132249, 5.843981212602064], [0.04064158481547992, 5.179508503879511], [0.37279043303732284, 5.449105856385956], [-0.10433387512073523, 5.134008967780574], [0.11929578877600786, 4.853973767444056], [-0.13563325546735705, 4.811846536544838], [-0.19386683418591383, 5.767064953939929], [-0.18937694412100178, 5.207501093041284], [-0.44781845929117964, 3.1893497020721795], [0.11436317316009559, 5.802563749670339], [-0.3621479919910123, 4.7502543350665505], [-0.3427374123632954, 5.0660571520936335], [0.459901844022355, 4.8247383117829115], [-0.23903942552019386, 3.4454025233013046], [-0.32775003131016694, 5.895101561994017], [-0.421330543080026, 4.52697975197937], [0.06762800868446596, 5.822220612210412], [0.23043113105026963, 3.771304509118304], [-0.26549434909039366, 3.128587344289953], [-0.4709205811412816, 2.9314165503055154], [0.151789689533447, 3.5220213042082738], [0.030138982681396587, 5.971278237698584], [-0.2415173324437298, 3.969374857305617], [-0.08842720023456835, 5.69557741114244], [-0.3303456785673078, 5.750280695931367], [-0.043033437577286546, 3.950879884926699], [-0.10990325267142664, 4.921494547613304], [-0.3433215909455878, 4.096692511875422], [-0.13233853681169108, 4.093165998571122], [-0.1707895205230717, 4.080082220732316], [0.20821036161216955, 2.505835198544258], [0.049403231611985406, 4.334168094269466], [-0.020197805405052442, 4.925066958244879], [-0.19339785999753628, 3.6948703504106497], [0.47529834951290567, 5.58594198122485], [0.4602262785151364, 3.6129514033053076], [0.242762817372589, 5.83188645639848], [-0.10790172401792558, 2.2161216510408344], [0.37376710597201906, 4.486385772294567], [0.4051458255446851, 4.784710147203669], [-0.2892173859659733, 2.5448704778873945], [0.054180087347755715, 2.0406634263744374], [0.14970631096129738, 5.750724288832243]]","[[-0.735512375831604, 5.071609973907471, -0.41982975602149963], [-0.781180739402771, 4.064624309539795, -0.38334643840789795], [2.5086491107940674, 4.8439741134643555, 0.810574471950531], [-1.690869688987732, 4.409207820892334, -0.17856155335903168], [1.8264570236206055, 4.0445404052734375, 0.09593416750431061], [1.6176284551620483, 4.096442222595215, 0.938147783279419], [-1.611778736114502, 5.811644554138184, -1.3496177196502686], [0.30824869871139526, 4.73850679397583, 0.7172616720199585], [-0.7704256176948547, 2.14143443107605, -0.08076226711273193], [0.5631309151649475, 2.9999711513519287, 0.12128958851099014], [2.097599744796753, 4.09572172164917, 0.3754720985889435], [-0.6919013261795044, 5.709843635559082, -0.6784160733222961], [1.0075819492340088, 5.458253383636475, -0.9442963004112244], [1.4013367891311646, 5.146660327911377, 0.7831169962882996], [1.8719948530197144, 5.052525520324707, 0.8349053263664246], [-0.8343181610107422, 5.747586250305176, -0.31557759642601013], [-0.42395034432411194, 5.697216510772705, -0.7365975975990295], [0.9735420346260071, 3.477978229522705, 0.5639318823814392], [-1.16005277633667, 5.355739593505859, -0.8161808848381042], [2.0338191986083984, 4.5210676193237305, 0.5370109677314758], [0.6284419298171997, 5.218175411224365, 0.8114650249481201], [-1.6339755058288574, 5.771999359130859, -0.6272463202476501], [0.20993180572986603, 6.1931586265563965, 0.15911541879177094], [-0.15580470860004425, 2.233808755874634, 0.1942511945962906], [-1.1739826202392578, 5.660854816436768, -0.7993767261505127], [0.6671563982963562, 4.9510884284973145, 0.08018825948238373], [1.6244605779647827, 5.264101505279541, 1.0627230405807495], [0.9604702591896057, 4.650146961212158, -0.4360598027706146], [-1.2429896593093872, 3.776762008666992, -0.8402048349380493], [1.8771520853042603, 5.262132167816162, -0.6439931392669678], [-0.1251818686723709, 3.9142308235168457, 0.487517774105072], [0.14096054434776306, 5.985050201416016, 0.6319344639778137], [1.0243852138519287, 4.614221096038818, -0.3322118818759918], [-1.3120083808898926, 4.4540181159973145, -0.9510701298713684], [-0.2232341468334198, 6.15316915512085, -0.6097013354301453], [0.9093790054321289, 4.313949108123779, 0.5192649364471436], [-1.8733155727386475, 5.270479202270508, -0.5131598711013794], [-1.434418797492981, 2.976118564605713, -0.5435752868652344], [-0.5687529444694519, 4.522246837615967, -0.841819167137146], [-0.18706348538398743, 6.19650411605835, 0.0280925165861845], [-0.9702979922294617, 4.599729061126709, -0.38003405928611755], [0.7296291589736938, 2.2370800971984863, 0.18609796464443207], [-1.2860043048858643, 5.646541118621826, 0.3764677941799164], [-0.6981903314590454, 6.41820764541626, 0.1618509441614151], [0.12379542738199234, 4.747463226318359, 0.05897322669625282], [1.2765042781829834, 5.660760879516602, 0.28941968083381653], [1.6238069534301758, 3.367189884185791, -0.2100205272436142], [0.23832537233829498, 3.6462972164154053, 0.48138654232025146], [1.2931238412857056, 3.53771710395813, 0.7972477078437805], [2.7919070720672607, 4.504112720489502, 1.1353638172149658], [0.2728913426399231, 5.443265914916992, -0.1400608867406845], [-1.419130563735962, 5.92277193069458, -0.41253772377967834], [1.0732896327972412, 5.052921772003174, -0.8341825008392334], [-0.09902448207139969, 5.187546253204346, -0.7424336671829224], [0.8582029342651367, 4.764886379241943, 0.44744107127189636], [1.7300890684127808, 5.448585510253906, -0.3523448407649994], [1.4634310007095337, 4.947659015655518, -0.586247444152832], [0.9084689617156982, 2.7410616874694824, 0.50437331199646], [0.11934449523687363, 6.121015548706055, -0.599793553352356], [1.8829679489135742, 4.095810890197754, -0.4020892083644867], [1.7741444110870361, 4.417745590209961, 0.8527701497077942], [-1.8537741899490356, 5.257071495056152, -0.16569417715072632], [0.6224063634872437, 3.3841347694396973, 0.07435598969459534], [2.1972551345825195, 5.119368076324463, 1.0068522691726685], [1.798193335533142, 3.787522315979004, 0.46751636266708374], [0.1385493129491806, 6.052800178527832, 0.7136730551719666], [-0.7489219307899475, 4.207465648651123, -0.6649905443191528], [0.5894699692726135, 3.0493807792663574, -0.371214896440506], [0.7728717923164368, 2.505786895751953, 0.4832989275455475], [-0.6541420221328735, 3.9293251037597656, 0.15746080875396729], [0.5346145629882812, 6.183975696563721, 0.018084950745105743], [1.016788125038147, 3.7583773136138916, -0.6241424083709717], [1.2403390407562256, 5.591884613037109, -0.9066542387008667], [2.4012160301208496, 4.959827899932861, -0.5264875888824463], [0.11874957382678986, 4.134964942932129, 0.41843512654304504], [0.8666809797286987, 4.931448936462402, 0.09942346066236496], [1.3445065021514893, 3.680060386657715, -0.0017258523730561137], [0.4667784869670868, 4.105175495147705, 0.6162322163581848], [0.7970044016838074, 4.040553092956543, -0.3839561641216278], [-0.8299883008003235, 2.935978412628174, -0.6277530789375305], [-0.01725850999355316, 4.645467281341553, -0.0787845328450203], [0.4716223478317261, 5.105075359344482, -0.0506548136472702], [0.650888979434967, 3.676102876663208, -0.11362805217504501], [-2.0552515983581543, 5.99753475189209, -0.12209191918373108], [-1.5445491075515747, 4.010852336883545, -0.9767881631851196], [-0.557539165019989, 6.238050937652588, -0.9604814648628235], [-0.29389622807502747, 2.4829893112182617, -0.016923734918236732], [-1.3201606273651123, 4.948207378387451, -0.687322735786438], [-1.651635766029358, 5.2150959968566895, 0.20126692950725555], [0.1801232248544693, 2.5401113033294678, 0.28212225437164307], [-0.6076949834823608, 2.428687334060669, -0.4173581302165985], [-0.2004091739654541, 6.134603023529053, 0.0161150936037302]]"
2642,-1.2703298633869446,0.4905864881608153,-0.31758246584673616,-0.07755796504067874,-0.06193994509839793,0.5709587139680303,0.8149566566412775,-1.2700870104014634,0.49165429181627796,-0.32033037617804133,-0.0774459423949982,-0.06224963681366973,0.5705379308069628,0.8152383566992087,"[75, 95, 163, 196, 205, 229, 255, 345, 429, 456, 478, 490, 494, 505, 522, 584, 585, 606, 625, 656, 669, 874, 877, 929, 963, 1158, 1168, 1344, 1442, 1503, 1556, 1585, 1629, 1632, 1729, 1937, 1950, 1958, 2004, 2030, 2057, 2218, 2229, 2463, 2541, 2616, 2659, 2665, 2702, 2731, 2750, 2781, 2846, 2938, 3127, 3141, 3182, 3224, 3249, 3275, 3342, 3504, 3506, 3549, 3566, 3735, 3748, 3791, 3983, 4007, 4092, 4100, 4136, 4138, 4216, 4322, 4400, 4420, 4515, 4542, 4662, 4809, 4828, 4838, 4867, 4875, 4955]","[[0.23526503191277714, 4.612652825347641], [0.21475949650021814, 3.610222765093524], [0.41254964778560327, 5.216806626685978], [-0.3940815592998059, 5.874315194818712], [0.4427334234002426, 3.942432716422879], [-0.3746249933807743, 4.732273095200219], [0.44183316323755645, 5.431914887856228], [-0.11105661407381077, 5.81286959409788], [0.02971559510301555, 1.7407184066101649], [0.015421586898605613, 2.8397665907735874], [-0.30285353295489054, 3.137678298230639], [-0.42041331615839544, 4.981551922855571], [0.24750095762731522, 5.264648559602009], [-0.05576349777044769, 5.500485501000197], [-0.20708658756695947, 5.479632460445047], [-0.2869481797299722, 5.659631006289223], [0.2609306889029942, 5.275909534408008], [0.2003237769725965, 5.291200407790262], [-0.3313545913112186, 3.839404786017188], [0.3411980335180655, 4.8921083799449745], [-0.35895023110756513, 5.281356008935135], [0.4228006180937838, 5.303188544844605], [-0.22891389710565763, 1.182874963093535], [0.07845916586882917, 5.9118440071723946], [-0.11575123596796054, 5.751604752489986], [0.34214021172229164, 5.193896221066571], [-0.07395580462218253, 4.879918840544631], [-0.13400504268104385, 4.72074894086622], [0.3649713221673059, 3.3288632049611264], [-0.21722995528201072, 5.724733663593686], [-0.10561502334203263, 5.262566935165017], [0.06236970354671686, 5.751969735745778], [-0.15418668781421954, 4.719384445616541], [0.3851635449262592, 4.01427936059279], [0.17346992724393204, 5.767703137331397], [-0.2017754256612843, 4.479969465487324], [0.47314995279142186, 4.823995976599142], [0.4267290036358555, 2.502198571678359], [0.20009536561596733, 4.127302618931815], [0.14605781000169124, 5.817236897188718], [0.27400793323490186, 4.120163387861724], [0.23250162351543174, 5.972596379042336], [0.016108569661013022, 4.49402200180013], [-0.12755322271868086, 5.796649256401514], [-0.4359696816219394, 4.082915019551844], [-0.4781762147857323, 5.89521049929548], [0.0411043008772861, 5.188280691380243], [0.37380864483064014, 5.436732866835133], [-0.007021748593056741, 3.9761955642678743], [-0.10269419583343158, 5.1548191356697135], [0.11997797549298174, 4.858593475047358], [-0.14203555956108702, 4.837355413503625], [-0.18940944870558263, 5.794485392571068], [-0.1881322391764321, 5.235477840760634], [-0.45687846867113296, 3.2401768841039513], [0.1157348641868057, 5.806221256041143], [-0.35883429622614194, 4.79124012165367], [-0.347134392536326, 5.104352788388781], [0.4549669880770497, 4.803690248593802], [0.32581723315504174, 5.221322818549083], [-0.24649622426637416, 3.479255094025378], [-0.3288174750187971, 5.933424132570508], [-0.4209180749728321, 4.570849751106085], [0.2236882477150828, 3.768726568608348], [-0.2713544706105909, 3.16390692269146], [-0.4832109376939658, 2.978761295415536], [0.14310606079859675, 3.5266776216621203], [0.03051883153032902, 5.981669419155559], [-0.24149305311797337, 4.001606655317371], [-0.08597212899050742, 5.71631688601269], [-0.32580693580490844, 5.787718749685143], [-0.05178622750108679, 3.9696584388097054], [-0.112671869829765, 4.945557147018057], [-0.34409591970244024, 4.137776894612615], [-0.1715919532866285, 4.108128998493876], [0.19233713071955472, 2.504937852198773], [0.04564387239824795, 4.345364241718405], [-0.021672753692158993, 4.939792943584384], [-0.2009589326947131, 3.7270773730500655], [0.475333840454953, 5.56753200327171], [0.4536805208110661, 3.5907369149561554], [0.24311615471841522, 5.826349812081727], [-0.1309633746660971, 2.237945666139291], [0.3690940651865696, 4.472292758015155], [-0.3055083888886645, 2.582324761422738], [0.032327476664426, 2.0504850513601602], [0.1476112213940543, 5.754632613634575]]","[[-0.735512375831604, 5.071609973907471, -0.41982975602149963], [-0.781180739402771, 4.064624309539795, -0.38334643840789795], [-1.4044524431228638, 5.5760698318481445, -1.468826174736023], [2.5086491107940674, 4.8439741134643555, 0.810574471950531], [-1.690869688987732, 4.409207820892334, -0.17856155335903168], [1.8264570236206055, 4.0445404052734375, 0.09593416750431061], [-1.611778736114502, 5.811644554138184, -1.3496177196502686], [1.4319427013397217, 5.578310966491699, -1.0808542966842651], [-0.7704256176948547, 2.14143443107605, -0.08076226711273193], [-0.2747912108898163, 3.1189844608306885, -0.7235056161880493], [0.5631309151649475, 2.9999711513519287, 0.12128958851099014], [2.097599744796753, 4.09572172164917, 0.3754720985889435], [-0.6919013261795044, 5.709843635559082, -0.6784160733222961], [1.0075819492340088, 5.458253383636475, -0.9442963004112244], [1.4013367891311646, 5.146660327911377, 0.7831169962882996], [1.8719948530197144, 5.052525520324707, 0.8349053263664246], [-0.8343181610107422, 5.747586250305176, -0.31557759642601013], [-0.42395034432411194, 5.697216510772705, -0.7365975975990295], [0.9735420346260071, 3.477978229522705, 0.5639318823814392], [-1.16005277633667, 5.355739593505859, -0.8161808848381042], [2.0338191986083984, 4.5210676193237305, 0.5370109677314758], [-1.6339755058288574, 5.771999359130859, -0.6272463202476501], [-0.6045415997505188, 1.4616477489471436, -0.4349193871021271], [0.20993180572986603, 6.1931586265563965, 0.15911541879177094], [1.4342089891433716, 5.5105695724487305, -1.064271330833435], [-1.1739826202392578, 5.660854816436768, -0.7993767261505127], [0.6671563982963562, 4.9510884284973145, 0.08018825948238373], [0.9604702591896057, 4.650146961212158, -0.4360598027706146], [-1.2429896593093872, 3.776762008666992, -0.8402048349380493], [1.8771520853042603, 5.262132167816162, -0.6439931392669678], [1.155704140663147, 5.119636535644531, -0.9208241105079651], [0.14096054434776306, 5.985050201416016, 0.6319344639778137], [1.0243852138519287, 4.614221096038818, -0.3322118818759918], [-1.3120083808898926, 4.4540181159973145, -0.9510701298713684], [-0.2232341468334198, 6.15316915512085, -0.6097013354301453], [0.9093790054321289, 4.313949108123779, 0.5192649364471436], [-1.8733155727386475, 5.270479202270508, -0.5131598711013794], [-1.434418797492981, 2.976118564605713, -0.5435752868652344], [-0.5687529444694519, 4.522246837615967, -0.841819167137146], [-0.18706348538398743, 6.19650411605835, 0.0280925165861845], [-0.9702979922294617, 4.599729061126709, -0.38003405928611755], [-0.6981903314590454, 6.41820764541626, 0.1618509441614151], [0.12379542738199234, 4.747463226318359, 0.05897322669625282], [1.2765042781829834, 5.660760879516602, 0.28941968083381653], [1.6238069534301758, 3.367189884185791, -0.2100205272436142], [2.7919070720672607, 4.504112720489502, 1.1353638172149658], [0.2728913426399231, 5.443265914916992, -0.1400608867406845], [-1.419130563735962, 5.92277193069458, -0.41253772377967834], [0.2149532288312912, 4.130335807800293, -0.9113872647285461], [1.0732896327972412, 5.052921772003174, -0.8341825008392334], [-0.09902448207139969, 5.187546253204346, -0.7424336671829224], [0.8582029342651367, 4.764886379241943, 0.44744107127189636], [1.7300890684127808, 5.448585510253906, -0.3523448407649994], [1.4634310007095337, 4.947659015655518, -0.586247444152832], [0.9084689617156982, 2.7410616874694824, 0.50437331199646], [0.11934449523687363, 6.121015548706055, -0.599793553352356], [1.8829679489135742, 4.095810890197754, -0.4020892083644867], [1.7741444110870361, 4.417745590209961, 0.8527701497077942], [-1.8537741899490356, 5.257071495056152, -0.16569417715072632], [-0.9858658909797668, 5.608870983123779, -1.3120163679122925], [0.6224063634872437, 3.3841347694396973, 0.07435598969459534], [2.1972551345825195, 5.119368076324463, 1.0068522691726685], [1.798193335533142, 3.787522315979004, 0.46751636266708374], [-0.7489219307899475, 4.207465648651123, -0.6649905443191528], [0.5894699692726135, 3.0493807792663574, -0.371214896440506], [0.7728717923164368, 2.505786895751953, 0.4832989275455475], [-0.6541420221328735, 3.9293251037597656, 0.15746080875396729], [0.5346145629882812, 6.183975696563721, 0.018084950745105743], [1.016788125038147, 3.7583773136138916, -0.6241424083709717], [1.2403390407562256, 5.591884613037109, -0.9066542387008667], [2.4012160301208496, 4.959827899932861, -0.5264875888824463], [0.11874957382678986, 4.134964942932129, 0.41843512654304504], [0.8666809797286987, 4.931448936462402, 0.09942346066236496], [1.3445065021514893, 3.680060386657715, -0.0017258523730561137], [0.7970044016838074, 4.040553092956543, -0.3839561641216278], [-0.8299883008003235, 2.935978412628174, -0.6277530789375305], [-0.01725850999355316, 4.645467281341553, -0.0787845328450203], [0.4716223478317261, 5.105075359344482, -0.0506548136472702], [0.650888979434967, 3.676102876663208, -0.11362805217504501], [-2.0552515983581543, 5.99753475189209, -0.12209191918373108], [-1.5445491075515747, 4.010852336883545, -0.9767881631851196], [-0.557539165019989, 6.238050937652588, -0.9604814648628235], [-0.29389622807502747, 2.4829893112182617, -0.016923734918236732], [-1.3201606273651123, 4.948207378387451, -0.687322735786438], [0.1801232248544693, 2.5401113033294678, 0.28212225437164307], [-0.6076949834823608, 2.428687334060669, -0.4173581302165985], [-0.2004091739654541, 6.134603023529053, 0.0161150936037302]]"
2644,-1.3429864019495685,0.4975836575609057,-0.33574660048739213,-0.08617855147696367,-0.04750646895590808,0.5645912373490067,0.8194834515604271,-1.3436384694033894,0.4968775901274489,-0.3355717203076525,-0.08619227867014277,-0.047216498021215476,0.5637980385040849,0.8200446726802189,"[75, 95, 163, 196, 205, 229, 255, 345, 429, 456, 478, 490, 494, 505, 584, 585, 589, 606, 656, 669, 748, 874, 877, 929, 963, 1066, 1158, 1168, 1344, 1442, 1503, 1556, 1629, 1632, 1729, 1757, 1937, 1950, 1958, 2004, 2030, 2057, 2218, 2229, 2276, 2463, 2512, 2541, 2659, 2665, 2702, 2731, 2750, 2781, 2846, 2855, 2856, 2938, 3141, 3182, 3249, 3275, 3342, 3506, 3549, 3566, 3586, 3791, 3983, 4007, 4092, 4136, 4138, 4216, 4322, 4400, 4420, 4515, 4542, 4662, 4809, 4828, 4838, 4875, 4955]","[[0.2302316699064377, 4.614443939619355], [0.20500911670762328, 3.610766484410605], [0.40697460885868547, 5.201574156589329], [-0.39152143831485264, 5.9186788324528266], [0.43742274913925827, 3.9293081588374204], [-0.3768858819528564, 4.7763740380076865], [0.4379023928762504, 5.416857178819329], [-0.10956489469327373, 5.835841991142237], [-0.0024202124322497544, 1.7605511529379052], [0.0024682335645142906, 2.856589538787286], [-0.3098153804463643, 3.1799366496163572], [-0.41976725872570847, 5.0288844651090265], [0.2451115556249912, 5.26349894100234], [-0.05702951200480814, 5.522914814600478], [-0.2876636006276195, 5.695088894768304], [0.25971621812348117, 5.274370591801523], [0.4903624898322405, 5.982084274304883], [0.19778861921693563, 5.296091583130872], [0.3361371515716544, 4.883760302145573], [-0.36249763986472366, 5.3257818608021115], [-0.00973191031376018, 5.316669561267664], [0.418651981612073, 5.290488957687926], [-0.2690914504486127, 1.2185578630389309], [0.07805870562759801, 5.9248512362534695], [-0.11538341389209586, 5.775351395545203], [0.3955908329655388, 5.985876350938464], [0.33923585677985985, 5.188137631700966], [-0.0766362263139775, 4.904593192811646], [-0.13737688082620905, 4.749487261324322], [0.3540005175550062, 3.319884957198686], [-0.21885520224294133, 5.760268689241274], [-0.10972781000691878, 5.285922276875856], [-0.15647482896423712, 4.749193406347022], [0.3748277443220425, 4.00531023411071], [0.17222886610724208, 5.772188697294417], [0.4364492052151895, 5.327942415766816], [-0.20628553942904637, 4.512668778555144], [0.47284574100373167, 4.806187713133984], [0.40573839376835213, 2.489066098915507], [0.19313051562839692, 4.130249391626024], [0.14689558261296745, 5.82614655103364], [0.2705274884638837, 4.120914474506507], [0.23493378083600033, 5.976477432791019], [0.01267326304670699, 4.513833719623632], [-0.1629441641297482, 5.015106984479984], [-0.1280721157174601, 5.8237033373352975], [-0.058325305967167944, 5.289609422942811], [-0.4371422529631454, 4.128915811884231], [0.03848686164972355, 5.206855196274862], [0.374769463699678, 5.4235440562282164], [-0.015166227472530951, 3.9944085989873432], [-0.1030709307436187, 5.181033017750354], [0.11530818171023531, 4.869805173246734], [-0.14356846121906458, 4.8648642098276405], [-0.18986976325794636, 5.828124457990287], [-0.2800037510051177, 4.7092931191941405], [0.4961053184523848, 1.821577826105822], [-0.18689703805509567, 5.267424483534549], [0.11574480990453893, 5.817649564011343], [-0.3597979893837885, 4.830789429662226], [0.45539057040684094, 4.789514062471084], [0.31920810389201015, 5.215714712746886], [-0.25591207303134844, 3.517026210221088], [-0.42603093082502247, 4.619100601082993], [0.21601411962508846, 3.771930458281641], [-0.27891806806404607, 3.2003521472150904], [-0.05053461938176453, 4.270207516288929], [0.032173155608125566, 5.9993216076581835], [-0.24570800695896097, 4.035100685631131], [-0.08551528728825109, 5.74009111304929], [-0.3221613228311775, 5.828194717327596], [-0.1154269136235754, 4.972409034460103], [-0.3478399339321329, 4.178570516068631], [-0.17548223071668925, 4.139694855654565], [0.17459493112464233, 2.507901899694824], [0.039973977825101856, 4.362291615610962], [-0.022946452724346644, 4.961503862287477], [-0.20365970254246868, 3.7572774853939386], [0.47773207194887146, 5.549040812564289], [0.4429235907668791, 3.5756435509768014], [0.2417137780239149, 5.828078675872241], [-0.14898290623003005, 2.2682057995346327], [0.3644725240309067, 4.465546103164769], [0.006667128436792843, 2.0673319262922667], [0.14806980523482546, 5.762617153323196]]","[[-0.735512375831604, 5.071609973907471, -0.41982975602149963], [-0.781180739402771, 4.064624309539795, -0.38334643840789795], [-1.4044524431228638, 5.5760698318481445, -1.468826174736023], [2.5086491107940674, 4.8439741134643555, 0.810574471950531], [-1.690869688987732, 4.409207820892334, -0.17856155335903168], [1.8264570236206055, 4.0445404052734375, 0.09593416750431061], [-1.611778736114502, 5.811644554138184, -1.3496177196502686], [1.4319427013397217, 5.578310966491699, -1.0808542966842651], [-0.7704256176948547, 2.14143443107605, -0.08076226711273193], [-0.2747912108898163, 3.1189844608306885, -0.7235056161880493], [0.5631309151649475, 2.9999711513519287, 0.12128958851099014], [2.097599744796753, 4.09572172164917, 0.3754720985889435], [-0.6919013261795044, 5.709843635559082, -0.6784160733222961], [1.0075819492340088, 5.458253383636475, -0.9442963004112244], [1.8719948530197144, 5.052525520324707, 0.8349053263664246], [-0.8343181610107422, 5.747586250305176, -0.31557759642601013], [-1.97857666015625, 6.366255283355713, -1.3116436004638672], [-0.42395034432411194, 5.697216510772705, -0.7365975975990295], [-1.16005277633667, 5.355739593505859, -0.8161808848381042], [2.0338191986083984, 4.5210676193237305, 0.5370109677314758], [0.7337834239006042, 5.300148963928223, -1.2826670408248901], [-1.6339755058288574, 5.771999359130859, -0.6272463202476501], [-0.6045415997505188, 1.4616477489471436, -0.4349193871021271], [0.20993180572986603, 6.1931586265563965, 0.15911541879177094], [1.4342089891433716, 5.5105695724487305, -1.064271330833435], [-1.31717050075531, 6.310490608215332, -1.7575656175613403], [-1.1739826202392578, 5.660854816436768, -0.7993767261505127], [0.6671563982963562, 4.9510884284973145, 0.08018825948238373], [0.9604702591896057, 4.650146961212158, -0.4360598027706146], [-1.2429896593093872, 3.776762008666992, -0.8402048349380493], [1.8771520853042603, 5.262132167816162, -0.6439931392669678], [1.155704140663147, 5.119636535644531, -0.9208241105079651], [1.0243852138519287, 4.614221096038818, -0.3322118818759918], [-1.3120083808898926, 4.4540181159973145, -0.9510701298713684], [-0.2232341468334198, 6.15316915512085, -0.6097013354301453], [-1.5183141231536865, 5.649988651275635, -1.6828495264053345], [0.9093790054321289, 4.313949108123779, 0.5192649364471436], [-1.8733155727386475, 5.270479202270508, -0.5131598711013794], [-1.434418797492981, 2.976118564605713, -0.5435752868652344], [-0.5687529444694519, 4.522246837615967, -0.841819167137146], [-0.18706348538398743, 6.19650411605835, 0.0280925165861845], [-0.9702979922294617, 4.599729061126709, -0.38003405928611755], [-0.6981903314590454, 6.41820764541626, 0.1618509441614151], [0.12379542738199234, 4.747463226318359, 0.05897322669625282], [1.2786457538604736, 4.711605072021484, -1.050066351890564], [1.2765042781829834, 5.660760879516602, 0.28941968083381653], [0.9454124569892883, 5.1928606033325195, -1.166559100151062], [1.6238069534301758, 3.367189884185791, -0.2100205272436142], [0.2728913426399231, 5.443265914916992, -0.1400608867406845], [-1.419130563735962, 5.92277193069458, -0.41253772377967834], [0.2149532288312912, 4.130335807800293, -0.9113872647285461], [1.0732896327972412, 5.052921772003174, -0.8341825008392334], [-0.09902448207139969, 5.187546253204346, -0.7424336671829224], [0.8582029342651367, 4.764886379241943, 0.44744107127189636], [1.7300890684127808, 5.448585510253906, -0.3523448407649994], [1.5730301141738892, 4.140717029571533, -0.9680286645889282], [-1.5191881656646729, 2.258197784423828, -0.7668908834457397], [1.4634310007095337, 4.947659015655518, -0.586247444152832], [0.11934449523687363, 6.121015548706055, -0.599793553352356], [1.8829679489135742, 4.095810890197754, -0.4020892083644867], [-1.8537741899490356, 5.257071495056152, -0.16569417715072632], [-0.9858658909797668, 5.608870983123779, -1.3120163679122925], [0.6224063634872437, 3.3841347694396973, 0.07435598969459534], [1.798193335533142, 3.787522315979004, 0.46751636266708374], [-0.7489219307899475, 4.207465648651123, -0.6649905443191528], [0.5894699692726135, 3.0493807792663574, -0.371214896440506], [0.48165133595466614, 4.282543182373047, -1.097767949104309], [0.5346145629882812, 6.183975696563721, 0.018084950745105743], [1.016788125038147, 3.7583773136138916, -0.6241424083709717], [1.2403390407562256, 5.591884613037109, -0.9066542387008667], [2.4012160301208496, 4.959827899932861, -0.5264875888824463], [0.8666809797286987, 4.931448936462402, 0.09942346066236496], [1.3445065021514893, 3.680060386657715, -0.0017258523730561137], [0.7970044016838074, 4.040553092956543, -0.3839561641216278], [-0.8299883008003235, 2.935978412628174, -0.6277530789375305], [-0.01725850999355316, 4.645467281341553, -0.0787845328450203], [0.4716223478317261, 5.105075359344482, -0.0506548136472702], [0.650888979434967, 3.676102876663208, -0.11362805217504501], [-2.0552515983581543, 5.99753475189209, -0.12209191918373108], [-1.5445491075515747, 4.010852336883545, -0.9767881631851196], [-0.557539165019989, 6.238050937652588, -0.9604814648628235], [-0.29389622807502747, 2.4829893112182617, -0.016923734918236732], [-1.3201606273651123, 4.948207378387451, -0.687322735786438], [-0.6076949834823608, 2.428687334060669, -0.4173581302165985], [-0.2004091739654541, 6.134603023529053, 0.0161150936037302]]"
2646,-1.412549293890685,0.49999861673258217,-0.35313732347267124,-0.08573739529898317,-0.028220948266368152,0.5588412694476433,0.8243476891994295,-1.4109104696332875,0.500716608608976,-0.35172439227929264,-0.08613048919376355,-0.02794263087181011,0.5583959152903183,0.824617941836274,"[75, 95, 163, 205, 229, 255, 345, 421, 456, 478, 490, 494, 505, 585, 589, 606, 656, 669, 677, 748, 874, 877, 900, 929, 963, 1061, 1066, 1138, 1158, 1168, 1344, 1442, 1500, 1503, 1556, 1578, 1629, 1632, 1729, 1757, 1950, 1958, 2004, 2030, 2057, 2099, 2229, 2276, 2416, 2463, 2512, 2541, 2659, 2665, 2702, 2731, 2750, 2846, 2855, 2856, 2938, 3141, 3182, 3232, 3249, 3275, 3342, 3506, 3549, 3566, 3586, 3762, 3865, 3983, 4007, 4092, 4136, 4138, 4216, 4322, 4400, 4420, 4515, 4542, 4662, 4809, 4828, 4838, 4875, 4955]","[[0.227070536415747, 4.62215649499715], [0.19813093724030525, 3.621845351500952], [0.39894315786130463, 5.196999654716912], [0.435899865419483, 3.921962003339073], [-0.377702657739414, 4.82231963797957], [0.43712041300899934, 5.407227226555959], [-0.11255071966962717, 5.866407711978121], [-0.40836149049105525, 3.7694712895850238], [-0.014053452458616271, 2.8794213123384336], [-0.3145561941479317, 3.220755954487271], [-0.41681573211136835, 5.077120296206587], [0.24300123910811205, 5.2676983694834645], [-0.05843463627475162, 5.549410424690966], [0.2631584735656625, 5.280056301937138], [0.48936176166165357, 5.97104945624319], [0.1963270496472545, 5.30334601170948], [0.33411549344940483, 4.883427182567428], [-0.3587264104329068, 5.368599082559482], [-0.340615256666766, 5.4810437270841685], [-0.013779334717079617, 5.339849790536718], [0.42117833283913636, 5.284451181196671], [-0.30786989717511015, 1.259507592782416], [-0.2525146787568801, 5.043261817854055], [0.0832985045049397, 5.943179073007437], [-0.1181230884602485, 5.8058610965065265], [-0.49429150629392177, 3.5158659647968595], [0.3891512365493013, 5.978657312259318], [-0.0583590684036368, 2.7208070487421883], [0.3375970369952316, 5.1839963165105525], [-0.07774607506162239, 4.932834755707341], [-0.13911471351296412, 4.781735113246314], [0.34252284134096206, 3.3170396458260445], [-0.019052131966614448, 4.599813900307819], [-0.216429317100737, 5.795111187263929], [-0.11045957872399356, 5.316684643699122], [-0.1530289347529568, 3.4520476531577677], [-0.15741343381205186, 4.78225583969721], [0.3683573135918162, 4.000431984726612], [0.1757667456270828, 5.781473366923255], [0.4265339464996633, 5.31968308089801], [0.47292082613493325, 4.795254325375142], [0.39151617260051086, 2.4837857799394882], [0.18364830075169006, 4.137657068779111], [0.15040165244010062, 5.839931779209642], [0.2648338936533697, 4.123992087627298], [-0.01676211841081983, 4.819650761371394], [0.009635999343505999, 4.5349508502822875], [-0.16487774817284379, 5.044458337617969], [0.17261343852082736, 4.27401066907153], [-0.12173313593580391, 5.855265320181777], [-0.06227989963596397, 5.315655705968292], [-0.44014743247866, 4.178906374470385], [0.038555298010200675, 5.224630601971469], [0.37456770230893077, 5.421773929843788], [-0.021679522240768592, 4.015916331709357], [-0.10465166245178738, 5.209753196539284], [0.11354197434435086, 4.884659245177528], [-0.1874710594773196, 5.8622233078205745], [-0.2844449635990567, 4.74884215001269], [0.46297036713612233, 1.810563070298635], [-0.1891402448667487, 5.302934484917285], [0.1157196105056054, 5.831600002492337], [-0.36042085033317245, 4.8793039771141595], [-0.39234795186417487, 4.639525222537518], [0.4582847410483363, 4.781069290790097], [0.31479738310531347, 5.216300652286468], [-0.25967979570383093, 3.556451068670469], [-0.4251910818872737, 4.668265040719264], [0.20807989052679038, 3.7794892465213246], [-0.28577654896541804, 3.240908807525003], [-0.05737963761511289, 4.296087440843509], [0.19684955957157438, 5.664041853300671], [-0.4604671862324429, 4.693443134938072], [-0.2486051015650708, 4.072913484033914], [-0.08730885957028303, 5.766126847149466], [-0.3227217917491903, 5.870125393142646], [-0.11627773277228501, 5.002296107660296], [-0.3483855920203591, 4.2242420684299855], [-0.17953269248327958, 4.17501689747359], [0.15805043289169668, 2.5198197619163722], [0.03919919503052136, 4.383574295614289], [-0.02209364538384788, 4.984836620964052], [-0.20920139217844788, 3.7968914936157323], [0.4830864912329258, 5.540044186431729], [0.4324128129994189, 3.566555432721906], [0.23982984317207234, 5.833998870931562], [-0.16126339534553755, 2.3018679968239533], [0.3620799654062634, 4.461224539956429], [-0.01556505886067228, 2.0918309336929037], [0.1499509520262069, 5.776353393508664]]","[[-0.735512375831604, 5.071609973907471, -0.41982975602149963], [-0.781180739402771, 4.064624309539795, -0.38334643840789795], [-1.4044524431228638, 5.5760698318481445, -1.468826174736023], [-1.690869688987732, 4.409207820892334, -0.17856155335903168], [1.8264570236206055, 4.0445404052734375, 0.09593416750431061], [-1.611778736114502, 5.811644554138184, -1.3496177196502686], [1.4319427013397217, 5.578310966491699, -1.0808542966842651], [1.3069241046905518, 3.06561541557312, -0.8319397568702698], [-0.2747912108898163, 3.1189844608306885, -0.7235056161880493], [0.5631309151649475, 2.9999711513519287, 0.12128958851099014], [2.097599744796753, 4.09572172164917, 0.3754720985889435], [-0.6919013261795044, 5.709843635559082, -0.6784160733222961], [1.0075819492340088, 5.458253383636475, -0.9442963004112244], [-0.8343181610107422, 5.747586250305176, -0.31557759642601013], [-1.97857666015625, 6.366255283355713, -1.3116436004638672], [-0.42395034432411194, 5.697216510772705, -0.7365975975990295], [-1.16005277633667, 5.355739593505859, -0.8161808848381042], [2.0338191986083984, 4.5210676193237305, 0.5370109677314758], [2.2709784507751465, 4.476779937744141, -1.177621603012085], [0.7337834239006042, 5.300148963928223, -1.2826670408248901], [-1.6339755058288574, 5.771999359130859, -0.6272463202476501], [-0.6045415997505188, 1.4616477489471436, -0.4349193871021271], [1.6519150733947754, 4.408895492553711, -1.2341716289520264], [0.20993180572986603, 6.1931586265563965, 0.15911541879177094], [1.4342089891433716, 5.5105695724487305, -1.064271330833435], [1.311916470527649, 2.6942319869995117, -0.6828466653823853], [-1.31717050075531, 6.310490608215332, -1.7575656175613403], [-0.21181979775428772, 2.891218423843384, -0.8401235938072205], [-1.1739826202392578, 5.660854816436768, -0.7993767261505127], [0.6671563982963562, 4.9510884284973145, 0.08018825948238373], [0.9604702591896057, 4.650146961212158, -0.4360598027706146], [-1.2429896593093872, 3.776762008666992, -0.8402048349380493], [0.4597528278827667, 4.608142852783203, -1.2361524105072021], [1.8771520853042603, 5.262132167816162, -0.6439931392669678], [1.155704140663147, 5.119636535644531, -0.9208241105079651], [0.40122923254966736, 3.3697142601013184, -0.9827103018760681], [1.0243852138519287, 4.614221096038818, -0.3322118818759918], [-1.3120083808898926, 4.4540181159973145, -0.9510701298713684], [-0.2232341468334198, 6.15316915512085, -0.6097013354301453], [-1.5183141231536865, 5.649988651275635, -1.6828495264053345], [-1.8733155727386475, 5.270479202270508, -0.5131598711013794], [-1.434418797492981, 2.976118564605713, -0.5435752868652344], [-0.5687529444694519, 4.522246837615967, -0.841819167137146], [-0.18706348538398743, 6.19650411605835, 0.0280925165861845], [-0.9702979922294617, 4.599729061126709, -0.38003405928611755], [0.5550751686096191, 4.775750160217285, -1.3936768770217896], [0.12379542738199234, 4.747463226318359, 0.05897322669625282], [1.2786457538604736, 4.711605072021484, -1.050066351890564], [-0.4248057007789612, 4.54000997543335, -1.3461369276046753], [1.2765042781829834, 5.660760879516602, 0.28941968083381653], [0.9454124569892883, 5.1928606033325195, -1.166559100151062], [1.6238069534301758, 3.367189884185791, -0.2100205272436142], [0.2728913426399231, 5.443265914916992, -0.1400608867406845], [-1.419130563735962, 5.92277193069458, -0.41253772377967834], [0.2149532288312912, 4.130335807800293, -0.9113872647285461], [1.0732896327972412, 5.052921772003174, -0.8341825008392334], [-0.09902448207139969, 5.187546253204346, -0.7424336671829224], [1.7300890684127808, 5.448585510253906, -0.3523448407649994], [1.5730301141738892, 4.140717029571533, -0.9680286645889282], [-1.5191881656646729, 2.258197784423828, -0.7668908834457397], [1.4634310007095337, 4.947659015655518, -0.586247444152832], [0.11934449523687363, 6.121015548706055, -0.599793553352356], [1.8829679489135742, 4.095810890197754, -0.4020892083644867], [1.8801361322402954, 3.701002836227417, -1.0135948657989502], [-1.8537741899490356, 5.257071495056152, -0.16569417715072632], [-0.9858658909797668, 5.608870983123779, -1.3120163679122925], [0.6224063634872437, 3.3841347694396973, 0.07435598969459534], [1.798193335533142, 3.787522315979004, 0.46751636266708374], [-0.7489219307899475, 4.207465648651123, -0.6649905443191528], [0.5894699692726135, 3.0493807792663574, -0.371214896440506], [0.48165133595466614, 4.282543182373047, -1.097767949104309], [-0.22765102982521057, 5.856792449951172, -1.7665822505950928], [2.132655143737793, 3.5374584197998047, -0.8258293867111206], [1.016788125038147, 3.7583773136138916, -0.6241424083709717], [1.2403390407562256, 5.591884613037109, -0.9066542387008667], [2.4012160301208496, 4.959827899932861, -0.5264875888824463], [0.8666809797286987, 4.931448936462402, 0.09942346066236496], [1.3445065021514893, 3.680060386657715, -0.0017258523730561137], [0.7970044016838074, 4.040553092956543, -0.3839561641216278], [-0.8299883008003235, 2.935978412628174, -0.6277530789375305], [-0.01725850999355316, 4.645467281341553, -0.0787845328450203], [0.4716223478317261, 5.105075359344482, -0.0506548136472702], [0.650888979434967, 3.676102876663208, -0.11362805217504501], [-2.0552515983581543, 5.99753475189209, -0.12209191918373108], [-1.5445491075515747, 4.010852336883545, -0.9767881631851196], [-0.557539165019989, 6.238050937652588, -0.9604814648628235], [-0.29389622807502747, 2.4829893112182617, -0.016923734918236732], [-1.3201606273651123, 4.948207378387451, -0.687322735786438], [-0.6076949834823608, 2.428687334060669, -0.4173581302165985], [-0.2004091739654541, 6.134603023529053, 0.0161150936037302]]"
2648,-1.482891042458121,0.49751963485122547,-0.37072276061453024,-0.0753809233370831,-0.004763815356203224,0.5528048289020548,0.8298806200910288,-1.4830839022843385,0.4988463464334221,-0.37042582506590127,-0.07533314199597688,-0.004320045793760411,0.5531780550495472,0.8296386528681953,"[40, 75, 95, 163, 205, 229, 255, 345, 421, 456, 490, 494, 505, 585, 589, 602, 606, 656, 677, 748, 874, 877, 900, 963, 1061, 1066, 1138, 1158, 1168, 1344, 1415, 1442, 1500, 1503, 1556, 1578, 1629, 1632, 1729, 1757, 1950, 1958, 2004, 2020, 2030, 2057, 2099, 2229, 2276, 2332, 2416, 2463, 2512, 2541, 2659, 2665, 2702, 2731, 2750, 2846, 2855, 2856, 2938, 3141, 3182, 3232, 3248, 3249, 3275, 3342, 3549, 3566, 3586, 3755, 3762, 3865, 3983, 4007, 4092, 4136, 4138, 4216, 4306, 4322, 4400, 4420, 4515, 4542, 4662, 4809, 4838, 4875, 4955]","[[-0.29083291298131236, 5.888149553833875], [0.2288032107097729, 4.634648891231476], [0.19596963665841297, 3.6358932034826497], [0.39485098062524226, 5.1953800004379005], [0.4386212190216447, 3.9231126458398093], [-0.37168492031297096, 4.870172184203615], [0.42956342750554877, 5.404921629601531], [-0.11224227495212115, 5.899708493613471], [-0.4136659195750484, 3.81803938570147], [-0.024639752302174647, 2.9050836956388575], [-0.40957663617890294, 5.1266027471711], [0.24594857230947448, 5.279275103542898], [-0.059293025740420814, 5.58005823900001], [0.26469540410630193, 5.28961311580626], [0.4878071715321906, 5.964108653815036], [-0.2036157460445625, 5.8501316876514515], [0.19651145019421415, 5.317372938183987], [0.33330734114046917, 4.89057214491091], [-0.3401169721105664, 5.527822887214274], [-0.019142679764036025, 5.368614477165185], [0.41928195814477576, 5.281426022120886], [-0.33715873617634406, 1.3039149597090427], [-0.25566355951947867, 5.08521749432201], [-0.12014224127082448, 5.83631240849904], [-0.49602740572299725, 3.566026053126505], [0.3830040573299444, 5.978510404611219], [-0.07239068630224677, 2.74788834696288], [0.33847059688711456, 5.189451461072597], [-0.07086057452523815, 4.964908406649075], [-0.13812886541081315, 4.814633382874891], [-0.13751329196163944, 4.426628289051525], [0.3299912961164343, 3.3220759600699044], [-0.025565606882668925, 4.6269376119475245], [-0.21456100256954494, 5.832728393012573], [-0.11296788868301788, 5.349251151467398], [-0.16300750415030824, 3.485737334227302], [-0.15622689188384403, 4.820159850319328], [0.36254655946994435, 4.002982771291271], [0.1756199729861879, 5.797931055253382], [0.4207204593629856, 5.316580159634601], [0.47389090400007494, 4.790247567868921], [0.3758066781175484, 2.485151125093093], [0.17903641002592371, 4.152107140450657], [-0.12209753384550702, 2.54031661290277], [0.15951700336921384, 5.855408612917161], [0.26502484272873283, 4.135150695167251], [-0.025564709150379242, 4.84678359990611], [0.01538480627917304, 4.561103986903453], [-0.16785432229294706, 5.082251813618687], [0.10860306915227617, 2.9235932397642412], [0.16156061250507023, 4.290508839082801], [-0.11531302097171464, 5.887738381190044], [-0.06730355184706747, 5.343619491557079], [-0.4374396079516271, 4.229202025862452], [0.044447992155238175, 5.252098741645128], [0.37677264446840186, 5.426801811973984], [-0.02852477494516813, 4.045076782063429], [-0.10847982655762718, 5.240159681603139], [0.11142854110674998, 4.900651206566], [-0.1833425951717095, 5.899765156595115], [-0.286236070045397, 4.791330967369567], [0.43028364931403706, 1.806402042960157], [-0.18660523046841831, 5.337156923293376], [0.11816501117955999, 5.85072922356117], [-0.356246461714094, 4.923353613741215], [-0.3942025960153873, 4.68580048804058], [-0.4234521247676388, 4.480526355791233], [0.46513345917789406, 4.779206982301152], [0.3118371677209286, 5.22165728464737], [-0.255668749587406, 3.5982804067681826], [0.2052026148816391, 3.792644655319855], [-0.28937015712825703, 3.2864838923252013], [-0.0644722588933599, 4.324279143533499], [-0.0762988485657551, 4.001549112584562], [0.18978683959070622, 5.676562542988059], [-0.46259351174131186, 4.743161288489862], [-0.2531000163878969, 4.114134735685675], [-0.08687455233123428, 5.801116633440764], [-0.318386083482234, 5.91513181523888], [-0.10998849475536208, 5.037543047126709], [-0.3465583460076026, 4.2701172298705306], [-0.1789758208837485, 4.210915305281769], [0.08993860689118248, 2.6352700710521213], [0.14206237658638507, 2.5362981183953877], [0.04269877133378853, 4.407051096993317], [-0.019339850024670893, 5.014244033620444], [-0.2077606092726448, 3.8325774878040635], [0.49046492250008067, 5.534091586867299], [0.4246133363332558, 3.565483529018773], [0.24211760230531876, 5.844109129091978], [0.36081706215198367, 4.464831261400611], [-0.029390064280493136, 2.1199563878858854], [0.1582154505958765, 5.792716879772855]]","[[2.3047897815704346, 4.8491926193237305, -1.5475404262542725], [-0.735512375831604, 5.071609973907471, -0.41982975602149963], [-0.781180739402771, 4.064624309539795, -0.38334643840789795], [-1.4044524431228638, 5.5760698318481445, -1.468826174736023], [-1.690869688987732, 4.409207820892334, -0.17856155335903168], [1.8264570236206055, 4.0445404052734375, 0.09593416750431061], [-1.611778736114502, 5.811644554138184, -1.3496177196502686], [1.4319427013397217, 5.578310966491699, -1.0808542966842651], [1.3069241046905518, 3.06561541557312, -0.8319397568702698], [-0.2747912108898163, 3.1189844608306885, -0.7235056161880493], [2.097599744796753, 4.09572172164917, 0.3754720985889435], [-0.6919013261795044, 5.709843635559082, -0.6784160733222961], [1.0075819492340088, 5.458253383636475, -0.9442963004112244], [-0.8343181610107422, 5.747586250305176, -0.31557759642601013], [-1.97857666015625, 6.366255283355713, -1.3116436004638672], [1.8806500434875488, 5.145644664764404, -1.5253527164459229], [-0.42395034432411194, 5.697216510772705, -0.7365975975990295], [-1.16005277633667, 5.355739593505859, -0.8161808848381042], [2.2709784507751465, 4.476779937744141, -1.177621603012085], [0.7337834239006042, 5.300148963928223, -1.2826670408248901], [-1.6339755058288574, 5.771999359130859, -0.6272463202476501], [-0.6045415997505188, 1.4616477489471436, -0.4349193871021271], [1.6519150733947754, 4.408895492553711, -1.2341716289520264], [1.4342089891433716, 5.5105695724487305, -1.064271330833435], [1.311916470527649, 2.6942319869995117, -0.6828466653823853], [-1.31717050075531, 6.310490608215332, -1.7575656175613403], [-0.21181979775428772, 2.891218423843384, -0.8401235938072205], [-1.1739826202392578, 5.660854816436768, -0.7993767261505127], [0.6671563982963562, 4.9510884284973145, 0.08018825948238373], [0.9604702591896057, 4.650146961212158, -0.4360598027706146], [0.8209261894226074, 4.1502685546875, -1.36021888256073], [-1.2429896593093872, 3.776762008666992, -0.8402048349380493], [0.4597528278827667, 4.608142852783203, -1.2361524105072021], [1.8771520853042603, 5.262132167816162, -0.6439931392669678], [1.155704140663147, 5.119636535644531, -0.9208241105079651], [0.40122923254966736, 3.3697142601013184, -0.9827103018760681], [1.0243852138519287, 4.614221096038818, -0.3322118818759918], [-1.3120083808898926, 4.4540181159973145, -0.9510701298713684], [-0.2232341468334198, 6.15316915512085, -0.6097013354301453], [-1.5183141231536865, 5.649988651275635, -1.6828495264053345], [-1.8733155727386475, 5.270479202270508, -0.5131598711013794], [-1.434418797492981, 2.976118564605713, -0.5435752868652344], [-0.5687529444694519, 4.522246837615967, -0.841819167137146], [-0.19513651728630066, 2.6252171993255615, -0.8968864679336548], [-0.18706348538398743, 6.19650411605835, 0.0280925165861845], [-0.9702979922294617, 4.599729061126709, -0.38003405928611755], [0.5550751686096191, 4.775750160217285, -1.3936768770217896], [0.12379542738199234, 4.747463226318359, 0.05897322669625282], [1.2786457538604736, 4.711605072021484, -1.050066351890564], [-0.6075542569160461, 3.1967666149139404, -1.0807746648788452], [-0.4248057007789612, 4.54000997543335, -1.3461369276046753], [1.2765042781829834, 5.660760879516602, 0.28941968083381653], [0.9454124569892883, 5.1928606033325195, -1.166559100151062], [1.6238069534301758, 3.367189884185791, -0.2100205272436142], [0.2728913426399231, 5.443265914916992, -0.1400608867406845], [-1.419130563735962, 5.92277193069458, -0.41253772377967834], [0.2149532288312912, 4.130335807800293, -0.9113872647285461], [1.0732896327972412, 5.052921772003174, -0.8341825008392334], [-0.09902448207139969, 5.187546253204346, -0.7424336671829224], [1.7300890684127808, 5.448585510253906, -0.3523448407649994], [1.5730301141738892, 4.140717029571533, -0.9680286645889282], [-1.5191881656646729, 2.258197784423828, -0.7668908834457397], [1.4634310007095337, 4.947659015655518, -0.586247444152832], [0.11934449523687363, 6.121015548706055, -0.599793553352356], [1.8829679489135742, 4.095810890197754, -0.4020892083644867], [1.8801361322402954, 3.701002836227417, -1.0135948657989502], [1.8178768157958984, 3.4164793491363525, -1.193558692932129], [-1.8537741899490356, 5.257071495056152, -0.16569417715072632], [-0.9858658909797668, 5.608870983123779, -1.3120163679122925], [0.6224063634872437, 3.3841347694396973, 0.07435598969459534], [-0.7489219307899475, 4.207465648651123, -0.6649905443191528], [0.5894699692726135, 3.0493807792663574, -0.371214896440506], [0.48165133595466614, 4.282543182373047, -1.097767949104309], [0.38478806614875793, 3.9414212703704834, -1.201413631439209], [-0.22765102982521057, 5.856792449951172, -1.7665822505950928], [2.132655143737793, 3.5374584197998047, -0.8258293867111206], [1.016788125038147, 3.7583773136138916, -0.6241424083709717], [1.2403390407562256, 5.591884613037109, -0.9066542387008667], [2.4012160301208496, 4.959827899932861, -0.5264875888824463], [0.8666809797286987, 4.931448936462402, 0.09942346066236496], [1.3445065021514893, 3.680060386657715, -0.0017258523730561137], [0.7970044016838074, 4.040553092956543, -0.3839561641216278], [-0.6508451700210571, 2.9181060791015625, -1.0006744861602783], [-0.8299883008003235, 2.935978412628174, -0.6277530789375305], [-0.01725850999355316, 4.645467281341553, -0.0787845328450203], [0.4716223478317261, 5.105075359344482, -0.0506548136472702], [0.650888979434967, 3.676102876663208, -0.11362805217504501], [-2.0552515983581543, 5.99753475189209, -0.12209191918373108], [-1.5445491075515747, 4.010852336883545, -0.9767881631851196], [-0.557539165019989, 6.238050937652588, -0.9604814648628235], [-1.3201606273651123, 4.948207378387451, -0.687322735786438], [-0.6076949834823608, 2.428687334060669, -0.4173581302165985], [-0.2004091739654541, 6.134603023529053, 0.0161150936037302]]"
2650,-1.5455756012115367,0.490460975573689,-0.3863939003028842,-0.05737617396704207,0.0176129438497344,0.5468342278546906,0.8350868733948669,-1.5450996576023817,0.4902626099135692,-0.3868553757581868,-0.05759624220767416,0.017018998143230817,0.547380581877524,0.8347260180257823,"[40, 75, 95, 163, 205, 229, 255, 345, 421, 456, 494, 505, 585, 589, 602, 606, 656, 677, 748, 874, 877, 900, 963, 1020, 1061, 1066, 1138, 1158, 1344, 1415, 1442, 1500, 1503, 1556, 1578, 1580, 1617, 1629, 1632, 1729, 1757, 1950, 1958, 2004, 2020, 2057, 2099, 2276, 2332, 2416, 2512, 2541, 2659, 2665, 2702, 2731, 2750, 2846, 2855, 2856, 2875, 2938, 3141, 3182, 3232, 3248, 3249, 3275, 3549, 3566, 3586, 3755, 3762, 3865, 3983, 4007, 4026, 4092, 4132, 4138, 4216, 4259, 4306, 4322, 4400, 4420, 4515, 4542, 4662, 4809, 4838, 4875, 4955]","[[-0.29382007892611767, 5.927275918890294], [0.23443409545562308, 4.65160545948346], [0.19760258797636043, 3.655423991691253], [0.38996818801235417, 5.2029325348633755], [0.4469636568484736, 3.925774461039397], [-0.3618984882831006, 4.920212273961323], [0.428161432011801, 5.407723890397818], [-0.1091234958388813, 5.933022041776901], [-0.41481036077582606, 3.86506378987484], [-0.033482553111161675, 2.9376342605390198], [0.2488070642954689, 5.294170631591348], [-0.05824792811480286, 5.612619106577386], [0.2719612574084732, 5.302022995371898], [0.48739929157985834, 5.964707058300957], [-0.20653637456692428, 5.890022014635314], [0.20017417384084474, 5.336620409091166], [0.332363386095286, 4.900953585929291], [-0.34102311210901265, 5.572368492098241], [-0.020448174630920295, 5.3953260989377245], [0.4279556305786578, 5.287062770635293], [-0.3555086327494838, 1.350653050366284], [-0.262138550460506, 5.125856017201866], [-0.11711768300212526, 5.875912524457584], [-0.24270488176477284, 4.985531210400088], [-0.49781836810547453, 3.6154950506115777], [0.37958486948331444, 5.982520520486164], [-0.08404608572523582, 2.7811160180263506], [0.3410535054293373, 5.200368542735648], [-0.1332486270761345, 4.853691666544679], [-0.14587274405697745, 4.46349621185928], [0.3241741500934757, 3.3312123044788406], [-0.029879341242783086, 4.65687099419557], [-0.21198092839448232, 5.873350400165289], [-0.1113200700869985, 5.3842111830890715], [-0.16970737643502673, 3.525413478200847], [-0.2837061959159705, 5.4079990627780825], [-0.49709635732041635, 1.4929345926929578], [-0.15135373486060957, 4.857371057893967], [0.35543736369636225, 4.0088288420022025], [0.1795709994744135, 5.819331504068258], [0.4116454275263041, 5.319194839808975], [0.4775332626120753, 4.793712178326866], [0.36706418669283936, 2.4921398288841075], [0.17690361568359725, 4.171536676644794], [-0.13822941658186996, 2.574203292558651], [0.2673577960770782, 4.149509384300974], [-0.030699986945636762, 4.875108208845464], [-0.1705931896847711, 5.1197656808060135], [0.09330100589890018, 2.9461223932580576], [0.15244862401558634, 4.308915056554176], [-0.06636040923334673, 5.376843161434299], [-0.42936930243010385, 4.279005965700816], [0.05113550934314576, 5.281262061183608], [0.3862328764297339, 5.434050887319256], [-0.03399114965114658, 4.075698714492202], [-0.10381097623306819, 5.277538453719028], [0.11494652243378052, 4.9263694625255345], [-0.17850079393498763, 5.941399562757396], [-0.2887681609448683, 4.833073445723944], [0.40371897456314193, 1.806701342323166], [0.4993875316481198, 1.0419717992057482], [-0.18192892707217379, 5.3777412420059845], [0.12184718354779603, 5.873646269361995], [-0.35073631596777355, 4.973179279239142], [-0.39520058679637293, 4.733906362121847], [-0.4251506582605417, 4.529484535288351], [0.47279274308505603, 4.78124435120373], [0.3074176702572775, 5.228839647877028], [0.20303037446454988, 3.8086651923049066], [-0.288294002767446, 3.330391999150388], [-0.06963664230129503, 4.355101354846882], [-0.08398087176177317, 4.036053690617582], [0.18345993251818318, 5.694252487015392], [-0.4611743331554733, 4.793034952457989], [-0.2507719090768479, 4.157243935449576], [-0.08540105682319532, 5.833028367906082], [0.2573855463028753, 5.097416656499494], [-0.3140805923035261, 5.961721109790449], [-0.5234705870913496, 5.699950031486494], [-0.33973793917230816, 4.319564949265361], [-0.17619500619475897, 4.2513817569790655], [-0.30676727004082344, 2.686906439650772], [0.073146308757042, 2.658220029197195], [0.12925478821597497, 2.5579959234547087], [0.04932296369846006, 4.4376274804324245], [-0.009070515755833161, 5.044951774271357], [-0.2035613060394581, 3.8754563455471756], [0.5006485376781378, 5.537440652692247], [0.4152248769977174, 3.569536240588669], [0.24364117489182757, 5.862207283711469], [0.3617506181573587, 4.473091476719828], [-0.04019466337197686, 2.150798502505092], [0.17020237058051477, 5.815642189166551]]","[[2.3047897815704346, 4.8491926193237305, -1.5475404262542725], [-0.735512375831604, 5.071609973907471, -0.41982975602149963], [-0.781180739402771, 4.064624309539795, -0.38334643840789795], [-1.4044524431228638, 5.5760698318481445, -1.468826174736023], [-1.690869688987732, 4.409207820892334, -0.17856155335903168], [1.8264570236206055, 4.0445404052734375, 0.09593416750431061], [-1.611778736114502, 5.811644554138184, -1.3496177196502686], [1.4319427013397217, 5.578310966491699, -1.0808542966842651], [1.3069241046905518, 3.06561541557312, -0.8319397568702698], [-0.2747912108898163, 3.1189844608306885, -0.7235056161880493], [-0.6919013261795044, 5.709843635559082, -0.6784160733222961], [1.0075819492340088, 5.458253383636475, -0.9442963004112244], [-0.8343181610107422, 5.747586250305176, -0.31557759642601013], [-1.97857666015625, 6.366255283355713, -1.3116436004638672], [1.8806500434875488, 5.145644664764404, -1.5253527164459229], [-0.42395034432411194, 5.697216510772705, -0.7365975975990295], [-1.16005277633667, 5.355739593505859, -0.8161808848381042], [2.2709784507751465, 4.476779937744141, -1.177621603012085], [0.7337834239006042, 5.300148963928223, -1.2826670408248901], [-1.6339755058288574, 5.771999359130859, -0.6272463202476501], [-0.6045415997505188, 1.4616477489471436, -0.4349193871021271], [1.6519150733947754, 4.408895492553711, -1.2341716289520264], [1.4342089891433716, 5.5105695724487305, -1.064271330833435], [1.4922736883163452, 4.299439907073975, -1.4589314460754395], [1.311916470527649, 2.6942319869995117, -0.6828466653823853], [-1.31717050075531, 6.310490608215332, -1.7575656175613403], [-0.21181979775428772, 2.891218423843384, -0.8401235938072205], [-1.1739826202392578, 5.660854816436768, -0.7993767261505127], [0.9604702591896057, 4.650146961212158, -0.4360598027706146], [0.8209261894226074, 4.1502685546875, -1.36021888256073], [-1.2429896593093872, 3.776762008666992, -0.8402048349380493], [0.4597528278827667, 4.608142852783203, -1.2361524105072021], [1.8771520853042603, 5.262132167816162, -0.6439931392669678], [1.155704140663147, 5.119636535644531, -0.9208241105079651], [0.40122923254966736, 3.3697142601013184, -0.9827103018760681], [1.920730471611023, 4.470715522766113, -1.574533224105835], [-0.36840492486953735, 1.3738999366760254, -0.6539188623428345], [1.0243852138519287, 4.614221096038818, -0.3322118818759918], [-1.3120083808898926, 4.4540181159973145, -0.9510701298713684], [-0.2232341468334198, 6.15316915512085, -0.6097013354301453], [-1.5183141231536865, 5.649988651275635, -1.6828495264053345], [-1.8733155727386475, 5.270479202270508, -0.5131598711013794], [-1.434418797492981, 2.976118564605713, -0.5435752868652344], [-0.5687529444694519, 4.522246837615967, -0.841819167137146], [-0.19513651728630066, 2.6252171993255615, -0.8968864679336548], [-0.9702979922294617, 4.599729061126709, -0.38003405928611755], [0.5550751686096191, 4.775750160217285, -1.3936768770217896], [1.2786457538604736, 4.711605072021484, -1.050066351890564], [-0.6075542569160461, 3.1967666149139404, -1.0807746648788452], [-0.4248057007789612, 4.54000997543335, -1.3461369276046753], [0.9454124569892883, 5.1928606033325195, -1.166559100151062], [1.6238069534301758, 3.367189884185791, -0.2100205272436142], [0.2728913426399231, 5.443265914916992, -0.1400608867406845], [-1.419130563735962, 5.92277193069458, -0.41253772377967834], [0.2149532288312912, 4.130335807800293, -0.9113872647285461], [1.0732896327972412, 5.052921772003174, -0.8341825008392334], [-0.09902448207139969, 5.187546253204346, -0.7424336671829224], [1.7300890684127808, 5.448585510253906, -0.3523448407649994], [1.5730301141738892, 4.140717029571533, -0.9680286645889282], [-1.5191881656646729, 2.258197784423828, -0.7668908834457397], [-1.636739730834961, 1.527811884880066, -0.4118267893791199], [1.4634310007095337, 4.947659015655518, -0.586247444152832], [0.11934449523687363, 6.121015548706055, -0.599793553352356], [1.8829679489135742, 4.095810890197754, -0.4020892083644867], [1.8801361322402954, 3.701002836227417, -1.0135948657989502], [1.8178768157958984, 3.4164793491363525, -1.193558692932129], [-1.8537741899490356, 5.257071495056152, -0.16569417715072632], [-0.9858658909797668, 5.608870983123779, -1.3120163679122925], [-0.7489219307899475, 4.207465648651123, -0.6649905443191528], [0.5894699692726135, 3.0493807792663574, -0.371214896440506], [0.48165133595466614, 4.282543182373047, -1.097767949104309], [0.38478806614875793, 3.9414212703704834, -1.201413631439209], [-0.22765102982521057, 5.856792449951172, -1.7665822505950928], [2.132655143737793, 3.5374584197998047, -0.8258293867111206], [1.016788125038147, 3.7583773136138916, -0.6241424083709717], [1.2403390407562256, 5.591884613037109, -0.9066542387008667], [-0.7360708713531494, 5.328308582305908, -1.7845897674560547], [2.4012160301208496, 4.959827899932861, -0.5264875888824463], [3.047957420349121, 3.843928575515747, -0.819316565990448], [1.3445065021514893, 3.680060386657715, -0.0017258523730561137], [0.7970044016838074, 4.040553092956543, -0.3839561641216278], [0.22393612563610077, 2.443875789642334, -0.9251155853271484], [-0.6508451700210571, 2.9181060791015625, -1.0006744861602783], [-0.8299883008003235, 2.935978412628174, -0.6277530789375305], [-0.01725850999355316, 4.645467281341553, -0.0787845328450203], [0.4716223478317261, 5.105075359344482, -0.0506548136472702], [0.650888979434967, 3.676102876663208, -0.11362805217504501], [-2.0552515983581543, 5.99753475189209, -0.12209191918373108], [-1.5445491075515747, 4.010852336883545, -0.9767881631851196], [-0.557539165019989, 6.238050937652588, -0.9604814648628235], [-1.3201606273651123, 4.948207378387451, -0.687322735786438], [-0.6076949834823608, 2.428687334060669, -0.4173581302165985], [-0.2004091739654541, 6.134603023529053, 0.0161150936037302]]"
2652,-1.601111498117559,0.47973966556703934,-0.40027787452938973,-0.03489906053867054,0.03670286413638347,0.5409897284625316,0.8395028701771905,-1.6010993948371228,0.4803139800455062,-0.4010008524512494,-0.035433102168197346,0.036082278578831666,0.5411310363000282,0.8394163245947479,"[40, 75, 95, 163, 205, 255, 345, 421, 456, 494, 505, 585, 589, 602, 606, 656, 677, 748, 874, 877, 900, 963, 1020, 1061, 1066, 1138, 1158, 1245, 1344, 1415, 1442, 1500, 1503, 1556, 1578, 1580, 1617, 1629, 1632, 1708, 1729, 1757, 1950, 1958, 2004, 2005, 2020, 2030, 2057, 2099, 2276, 2288, 2332, 2416, 2512, 2541, 2659, 2665, 2702, 2731, 2750, 2846, 2855, 2856, 2875, 2938, 3118, 3141, 3182, 3232, 3248, 3249, 3275, 3485, 3549, 3566, 3586, 3755, 3762, 3865, 3983, 4007, 4026, 4068, 4132, 4216, 4259, 4306, 4322, 4400, 4420, 4515, 4542, 4660, 4662, 4809, 4838, 4875, 4906, 4955]","[[-0.29643644235348166, 5.970621995859034], [0.23842606688405402, 4.671576730460389], [0.20172663909072916, 3.676014508405523], [0.38446337861430097, 5.210960123076427], [0.4503178866337311, 3.937149916884462], [0.42420843784235507, 5.414815182551833], [-0.10918567872606244, 5.971196349344612], [-0.4159649404713253, 3.9162929394459423], [-0.03802273010719748, 2.9727511153609854], [0.25270168380145464, 5.315304291855259], [-0.05652552034399007, 5.645340562908413], [0.282463265303709, 5.322255258717419], [0.484224922658996, 5.9686073246681595], [-0.20829342535853235, 5.9305249775647555], [0.20394265555727958, 5.357421484790582], [0.33537587977942174, 4.9128749503345395], [-0.3378602072222232, 5.617571703648218], [-0.022367296336074538, 5.430276931040555], [0.43325309006923296, 5.299259448600838], [-0.3677218948058555, 1.4012338812656024], [-0.25862726009584847, 5.170130193591746], [-0.11359440492380732, 5.912683714284522], [-0.24677044935655512, 5.026220769659187], [-0.49228747782815513, 3.6694270399381153], [0.3746116106714053, 5.993566519955136], [-0.0936865949225591, 2.817735595270328], [0.3428790729833394, 5.21257199126005], [-0.5157924170734892, 5.607176189093025], [-0.12528479185470356, 4.895677796035068], [-0.15151972734170424, 4.5010211965114495], [0.3164363996819043, 3.3455428488415855], [-0.035528247581641144, 4.689032716127168], [-0.2022341616371268, 5.9181340875028345], [-0.10858814867772858, 5.423819576345509], [-0.1749569883642271, 3.564148562057661], [-0.2898159677797833, 5.451642394992572], [-0.5081192298865113, 1.544322744903967], [-0.14303580029211585, 4.897795859668154], [0.3515786396642222, 4.0219811526267595], [-0.32671718712200165, 4.029876528996089], [0.18799429066722004, 5.842592907038133], [0.40498346211573444, 5.326174263353387], [0.4828390816138936, 4.800410716954394], [0.3601412270928877, 2.505178935582446], [0.17599207172648942, 4.19524280103154], [-0.1601167841796744, 4.465593572885846], [-0.147869921960177, 2.611636432353936], [0.1830753614375305, 5.904643284911052], [0.2739015726138818, 4.1680950469336615], [-0.036190289287099865, 4.907003633049976], [-0.1708868440057542, 5.159057739649161], [-0.019590360401998724, 5.39430054254769], [0.07829044714171121, 2.972105950085122], [0.14342185446850952, 4.331593850338388], [-0.06859846432881575, 5.411177119837516], [-0.42135895819889113, 4.332497831472046], [0.06267269857052077, 5.312692717858248], [0.3927509316594279, 5.447765766472193], [-0.03488305523896428, 4.109706359159991], [-0.10314205562017911, 5.315831110548864], [0.11886075507015745, 4.953704129602507], [-0.165693876833633, 5.982136736241375], [-0.28516069585758014, 4.877975164979925], [0.37872463567615766, 1.818571138491777], [0.46061877801614814, 1.049669488852673], [-0.17695719275873403, 5.4213342157485], [-0.35003329959254936, 0.9388759942485165], [0.13018804456509434, 5.900643130356176], [-0.34402849580121053, 5.019942623774389], [-0.3929045863552518, 4.782416063311939], [-0.42552670188233377, 4.575503252034097], [0.4808097335242586, 4.790313182885379], [0.3061948290841082, 5.246333644229787], [-0.5148216852630709, 0.9669860780136392], [0.20129774002354434, 3.8328773729184538], [-0.28471168652026685, 3.3777525353163873], [-0.07172316942563603, 4.390425327636469], [-0.09131286230863503, 4.0704625630777524], [0.17613538343303684, 5.715252282371985], [-0.45685932743279656, 4.844472605957131], [-0.2464026807444161, 4.202130975969932], [-0.08080803453925126, 5.8703737543729], [0.24983247682371754, 5.1154203430980845], [-0.43777093129144895, 5.8727937161342565], [-0.5175049350110535, 5.75526896336173], [-0.1677869486264714, 4.2928946553488885], [-0.3147176550307894, 2.7300428893122555], [0.055840778912911115, 2.6838751905198595], [0.12258068867783395, 2.58543645502083], [0.06247255817281876, 4.469289848398828], [0.0012445892805376592, 5.080273596414967], [-0.18954979555849946, 3.9203096251048843], [0.5103611418436632, 5.542423471486556], [-0.21001561552187203, 5.0831313648063166], [0.40646867171650447, 3.5795929205732233], [0.24618144871886213, 5.878277142100871], [0.3612236141519433, 4.485115977052236], [-0.04654743505460842, 2.186975158478011], [-0.34987929749603575, 4.741542273177839], [0.18349244354616057, 5.8392907298521886]]","[[2.3047897815704346, 4.8491926193237305, -1.5475404262542725], [-0.735512375831604, 5.071609973907471, -0.41982975602149963], [-0.781180739402771, 4.064624309539795, -0.38334643840789795], [-1.4044524431228638, 5.5760698318481445, -1.468826174736023], [-1.690869688987732, 4.409207820892334, -0.17856155335903168], [-1.611778736114502, 5.811644554138184, -1.3496177196502686], [1.4319427013397217, 5.578310966491699, -1.0808542966842651], [1.3069241046905518, 3.06561541557312, -0.8319397568702698], [-0.2747912108898163, 3.1189844608306885, -0.7235056161880493], [-0.6919013261795044, 5.709843635559082, -0.6784160733222961], [1.0075819492340088, 5.458253383636475, -0.9442963004112244], [-0.8343181610107422, 5.747586250305176, -0.31557759642601013], [-1.97857666015625, 6.366255283355713, -1.3116436004638672], [1.8806500434875488, 5.145644664764404, -1.5253527164459229], [-0.42395034432411194, 5.697216510772705, -0.7365975975990295], [-1.16005277633667, 5.355739593505859, -0.8161808848381042], [2.2709784507751465, 4.476779937744141, -1.177621603012085], [0.7337834239006042, 5.300148963928223, -1.2826670408248901], [-1.6339755058288574, 5.771999359130859, -0.6272463202476501], [-0.6045415997505188, 1.4616477489471436, -0.4349193871021271], [1.6519150733947754, 4.408895492553711, -1.2341716289520264], [1.4342089891433716, 5.5105695724487305, -1.064271330833435], [1.4922736883163452, 4.299439907073975, -1.4589314460754395], [1.311916470527649, 2.6942319869995117, -0.6828466653823853], [-1.31717050075531, 6.310490608215332, -1.7575656175613403], [-0.21181979775428772, 2.891218423843384, -0.8401235938072205], [-1.1739826202392578, 5.660854816436768, -0.7993767261505127], [2.9315404891967773, 3.770655632019043, -0.6837735772132874], [0.9604702591896057, 4.650146961212158, -0.4360598027706146], [0.8209261894226074, 4.1502685546875, -1.36021888256073], [-1.2429896593093872, 3.776762008666992, -0.8402048349380493], [0.4597528278827667, 4.608142852783203, -1.2361524105072021], [1.8771520853042603, 5.262132167816162, -0.6439931392669678], [1.155704140663147, 5.119636535644531, -0.9208241105079651], [0.40122923254966736, 3.3697142601013184, -0.9827103018760681], [1.920730471611023, 4.470715522766113, -1.574533224105835], [-0.36840492486953735, 1.3738999366760254, -0.6539188623428345], [1.0243852138519287, 4.614221096038818, -0.3322118818759918], [-1.3120083808898926, 4.4540181159973145, -0.9510701298713684], [1.099855661392212, 3.303272247314453, -1.3775815963745117], [-0.2232341468334198, 6.15316915512085, -0.6097013354301453], [-1.5183141231536865, 5.649988651275635, -1.6828495264053345], [-1.8733155727386475, 5.270479202270508, -0.5131598711013794], [-1.434418797492981, 2.976118564605713, -0.5435752868652344], [-0.5687529444694519, 4.522246837615967, -0.841819167137146], [0.819017231464386, 4.064770698547363, -1.5039151906967163], [-0.19513651728630066, 2.6252171993255615, -0.8968864679336548], [-0.18706348538398743, 6.19650411605835, 0.0280925165861845], [-0.9702979922294617, 4.599729061126709, -0.38003405928611755], [0.5550751686096191, 4.775750160217285, -1.3936768770217896], [1.2786457538604736, 4.711605072021484, -1.050066351890564], [0.6578892469406128, 5.157711505889893, -1.8528870344161987], [-0.6075542569160461, 3.1967666149139404, -1.0807746648788452], [-0.4248057007789612, 4.54000997543335, -1.3461369276046753], [0.9454124569892883, 5.1928606033325195, -1.166559100151062], [1.6238069534301758, 3.367189884185791, -0.2100205272436142], [0.2728913426399231, 5.443265914916992, -0.1400608867406845], [-1.419130563735962, 5.92277193069458, -0.41253772377967834], [0.2149532288312912, 4.130335807800293, -0.9113872647285461], [1.0732896327972412, 5.052921772003174, -0.8341825008392334], [-0.09902448207139969, 5.187546253204346, -0.7424336671829224], [1.7300890684127808, 5.448585510253906, -0.3523448407649994], [1.5730301141738892, 4.140717029571533, -0.9680286645889282], [-1.5191881656646729, 2.258197784423828, -0.7668908834457397], [-1.636739730834961, 1.527811884880066, -0.4118267893791199], [1.4634310007095337, 4.947659015655518, -0.586247444152832], [-0.9530563354492188, 1.1261926889419556, -0.6123627424240112], [0.11934449523687363, 6.121015548706055, -0.599793553352356], [1.8829679489135742, 4.095810890197754, -0.4020892083644867], [1.8801361322402954, 3.701002836227417, -1.0135948657989502], [1.8178768157958984, 3.4164793491363525, -1.193558692932129], [-1.8537741899490356, 5.257071495056152, -0.16569417715072632], [-0.9858658909797668, 5.608870983123779, -1.3120163679122925], [-0.8347647786140442, 1.0228068828582764, -0.6408416628837585], [-0.7489219307899475, 4.207465648651123, -0.6649905443191528], [0.5894699692726135, 3.0493807792663574, -0.371214896440506], [0.48165133595466614, 4.282543182373047, -1.097767949104309], [0.38478806614875793, 3.9414212703704834, -1.201413631439209], [-0.22765102982521057, 5.856792449951172, -1.7665822505950928], [2.132655143737793, 3.5374584197998047, -0.8258293867111206], [1.016788125038147, 3.7583773136138916, -0.6241424083709717], [1.2403390407562256, 5.591884613037109, -0.9066542387008667], [-0.7360708713531494, 5.328308582305908, -1.7845897674560547], [2.777895212173462, 4.1318182945251465, -1.8050693273544312], [3.047957420349121, 3.843928575515747, -0.819316565990448], [0.7970044016838074, 4.040553092956543, -0.3839561641216278], [0.22393612563610077, 2.443875789642334, -0.9251155853271484], [-0.6508451700210571, 2.9181060791015625, -1.0006744861602783], [-0.8299883008003235, 2.935978412628174, -0.6277530789375305], [-0.01725850999355316, 4.645467281341553, -0.0787845328450203], [0.4716223478317261, 5.105075359344482, -0.0506548136472702], [0.650888979434967, 3.676102876663208, -0.11362805217504501], [-2.0552515983581543, 5.99753475189209, -0.12209191918373108], [1.3589365482330322, 4.401618003845215, -1.7009316682815552], [-1.5445491075515747, 4.010852336883545, -0.9767881631851196], [-0.557539165019989, 6.238050937652588, -0.9604814648628235], [-1.3201606273651123, 4.948207378387451, -0.687322735786438], [-0.6076949834823608, 2.428687334060669, -0.4173581302165985], [1.65182626247406, 3.7263150215148926, -1.5654360055923462], [-0.2004091739654541, 6.134603023529053, 0.0161150936037302]]"
2654,-1.6601275550572252,0.4629003989027129,-0.4150318887643063,-0.005550093015338244,0.05390350169604685,0.5344668806769568,0.8434505097703534,-1.6600249826880207,0.46326349943510675,-0.4165221574319336,-0.00545508548239154,0.05377870412101393,0.5343863291750717,0.8435101328473987,"[75, 95, 163, 205, 254, 255, 421, 456, 494, 505, 585, 589, 602, 606, 656, 677, 748, 874, 877, 900, 963, 1020, 1039, 1061, 1138, 1158, 1245, 1344, 1415, 1442, 1500, 1503, 1556, 1578, 1580, 1617, 1629, 1632, 1708, 1729, 1757, 1950, 1958, 1966, 2001, 2004, 2005, 2020, 2030, 2057, 2071, 2099, 2276, 2288, 2332, 2416, 2512, 2541, 2659, 2665, 2702, 2731, 2750, 2855, 2856, 2875, 2938, 3118, 3141, 3182, 3232, 3248, 3249, 3275, 3414, 3549, 3566, 3586, 3755, 3762, 3865, 3983, 4007, 4068, 4132, 4216, 4259, 4306, 4322, 4400, 4420, 4542, 4660, 4662, 4809, 4838, 4875, 4906, 4955]","[[0.2466158164357998, 4.6994555327604735], [0.20419293958507656, 3.704705860790005], [0.37691606394385463, 5.224046677705474], [0.45776741281389527, 3.952328097456788], [-0.5221804837590146, 3.0124632331923022], [0.41991217672199566, 5.43024663981151], [-0.4103687282481494, 3.966440042740462], [-0.042778675367820936, 3.0069076162070885], [0.2587445312943392, 5.339499055171496], [-0.05074402664480474, 5.685708219344506], [0.29071043656592527, 5.348035337731337], [0.4848551414376141, 5.978292979697347], [-0.21037510816123794, 5.971515164286274], [0.2082773191774774, 5.384070704725096], [0.33629616795523914, 4.931869705605327], [-0.33626022856336124, 5.668023176284286], [-0.025107201754827915, 5.464239963582972], [0.434278929008037, 5.312818262983058], [-0.37060752881617487, 1.451077655003273], [-0.26000097133001804, 5.214090514205974], [-0.11008315773802473, 5.954909483528875], [-0.2508043044131425, 5.069323355997225], [-0.37734518914913245, 1.4463181637651064], [-0.48720196183518943, 3.722523794962866], [-0.10059714404137692, 2.8556307557381833], [0.3442621696531195, 5.232158446070717], [-0.5060154031287153, 5.661389230525934], [-0.11757952287126534, 4.935936567956715], [-0.1551919448378958, 4.541509323796361], [0.3082393778471655, 3.3659164278085254], [-0.03621580029281754, 4.72540893882096], [-0.1927826347344279, 5.963766421410899], [-0.10497999217557309, 5.462243679710736], [-0.17892065447680303, 3.6052528435803404], [-0.2907725148840258, 5.496232392079222], [-0.5141784454732984, 1.5955786333327755], [-0.13160180463059576, 4.940469851891168], [0.345279204889193, 4.039942284941855], [-0.33174636510215916, 4.070756827371724], [0.19417091833882594, 5.8674555900670216], [0.39620733339747877, 5.34329072616166], [0.48565648577690873, 4.8129102573241935], [0.3505818257144858, 2.5225921712873864], [-0.2988123830184805, 4.183259784911126], [-0.24615783636461583, 4.834239092419672], [0.17356784694569408, 4.224451372890214], [-0.16757333619323442, 4.503141315813805], [-0.15835066225761424, 2.653873497418908], [0.19666889287031314, 5.933878636530301], [0.27834492499256863, 4.190802826879132], [-0.49947986234513797, 5.605371752766319], [-0.04039702626447797, 4.943121093390202], [-0.16642122635672688, 5.200139053066798], [-0.025877981425126723, 5.427722610565352], [0.06480975778725759, 3.0024208068422995], [0.13848779311758042, 4.358287000351877], [-0.06692550029428239, 5.450035553024628], [-0.40661348117382345, 4.383969906952314], [0.07368195081912002, 5.347545214522087], [0.40091719092803635, 5.465080549531798], [-0.03424111586854664, 4.147474352271822], [-0.09909803127846738, 5.356774564325396], [0.11895917506150867, 4.984649697823203], [-0.28349269608167776, 4.9240184476533635], [0.3527439122551218, 1.8346408015668019], [0.4256948009715451, 1.064437504493514], [-0.16695905681043322, 5.464738122619734], [-0.3753958408844605, 0.9875877754789717], [0.1365697139872695, 5.932432567372057], [-0.33110394049135006, 5.069883794698377], [-0.38945199772474115, 4.831467937810651], [-0.4276975365772264, 4.62569377191132], [0.48737375840724745, 4.804396275655506], [0.30133583111874385, 5.2648524412844875], [-0.4682734580574558, 1.7389669474520695], [0.20233530602302707, 3.8595414022839636], [-0.2724383772854411, 3.4254535748822588], [-0.07601213080994706, 4.430915684744523], [-0.094495877601625, 4.110050325196151], [0.1696926436690782, 5.741783746683931], [-0.44902111124861205, 4.895397262662688], [-0.2419723425285869, 4.247774981220562], [-0.0743564365103033, 5.910092686591531], [-0.4404829706152383, 5.920964788296051], [-0.5072656395956208, 5.8063600611061625], [-0.15979204333099292, 4.33684313777683], [-0.3223383838845742, 2.778874023278619], [0.04322147347770253, 2.715080030128813], [0.11390553877692844, 2.6132064911907142], [0.0736355257762616, 4.503520410057486], [0.01667245580019659, 5.117234832179091], [0.5195590971020408, 5.556114474796782], [-0.21699635317512897, 5.1225018920125285], [0.39943375172505924, 3.591296239586116], [0.24960011847636923, 5.9042533144348175], [0.3633460213598239, 4.505149184127795], [-0.04758567709859385, 2.2268089053836397], [-0.3544950311513793, 4.787533607929742], [0.1954903545377973, 5.868393712767808]]","[[-0.735512375831604, 5.071609973907471, -0.41982975602149963], [-0.781180739402771, 4.064624309539795, -0.38334643840789795], [-1.4044524431228638, 5.5760698318481445, -1.468826174736023], [-1.690869688987732, 4.409207820892334, -0.17856155335903168], [0.806373119354248, 2.1923611164093018, -0.25782671570777893], [-1.611778736114502, 5.811644554138184, -1.3496177196502686], [1.3069241046905518, 3.06561541557312, -0.8319397568702698], [-0.2747912108898163, 3.1189844608306885, -0.7235056161880493], [-0.6919013261795044, 5.709843635559082, -0.6784160733222961], [1.0075819492340088, 5.458253383636475, -0.9442963004112244], [-0.8343181610107422, 5.747586250305176, -0.31557759642601013], [-1.97857666015625, 6.366255283355713, -1.3116436004638672], [1.8806500434875488, 5.145644664764404, -1.5253527164459229], [-0.42395034432411194, 5.697216510772705, -0.7365975975990295], [-1.16005277633667, 5.355739593505859, -0.8161808848381042], [2.2709784507751465, 4.476779937744141, -1.177621603012085], [0.7337834239006042, 5.300148963928223, -1.2826670408248901], [-1.6339755058288574, 5.771999359130859, -0.6272463202476501], [-0.6045415997505188, 1.4616477489471436, -0.4349193871021271], [1.6519150733947754, 4.408895492553711, -1.2341716289520264], [1.4342089891433716, 5.5105695724487305, -1.064271330833435], [1.4922736883163452, 4.299439907073975, -1.4589314460754395], [-0.6341307163238525, 1.4254730939865112, -0.7663598656654358], [1.311916470527649, 2.6942319869995117, -0.6828466653823853], [-0.21181979775428772, 2.891218423843384, -0.8401235938072205], [-1.1739826202392578, 5.660854816436768, -0.7993767261505127], [2.9315404891967773, 3.770655632019043, -0.6837735772132874], [0.9604702591896057, 4.650146961212158, -0.4360598027706146], [0.8209261894226074, 4.1502685546875, -1.36021888256073], [-1.2429896593093872, 3.776762008666992, -0.8402048349380493], [0.4597528278827667, 4.608142852783203, -1.2361524105072021], [1.8771520853042603, 5.262132167816162, -0.6439931392669678], [1.155704140663147, 5.119636535644531, -0.9208241105079651], [0.40122923254966736, 3.3697142601013184, -0.9827103018760681], [1.920730471611023, 4.470715522766113, -1.574533224105835], [-0.36840492486953735, 1.3738999366760254, -0.6539188623428345], [1.0243852138519287, 4.614221096038818, -0.3322118818759918], [-1.3120083808898926, 4.4540181159973145, -0.9510701298713684], [1.099855661392212, 3.303272247314453, -1.3775815963745117], [-0.2232341468334198, 6.15316915512085, -0.6097013354301453], [-1.5183141231536865, 5.649988651275635, -1.6828495264053345], [-1.8733155727386475, 5.270479202270508, -0.5131598711013794], [-1.434418797492981, 2.976118564605713, -0.5435752868652344], [1.0511250495910645, 3.4517409801483154, -1.5352225303649902], [1.273290753364563, 4.082516670227051, -1.7135673761367798], [-0.5687529444694519, 4.522246837615967, -0.841819167137146], [0.819017231464386, 4.064770698547363, -1.5039151906967163], [-0.19513651728630066, 2.6252171993255615, -0.8968864679336548], [-0.18706348538398743, 6.19650411605835, 0.0280925165861845], [-0.9702979922294617, 4.599729061126709, -0.38003405928611755], [2.7179672718048096, 3.6571919918060303, -1.8541436195373535], [0.5550751686096191, 4.775750160217285, -1.3936768770217896], [1.2786457538604736, 4.711605072021484, -1.050066351890564], [0.6578892469406128, 5.157711505889893, -1.8528870344161987], [-0.6075542569160461, 3.1967666149139404, -1.0807746648788452], [-0.4248057007789612, 4.54000997543335, -1.3461369276046753], [0.9454124569892883, 5.1928606033325195, -1.166559100151062], [1.6238069534301758, 3.367189884185791, -0.2100205272436142], [0.2728913426399231, 5.443265914916992, -0.1400608867406845], [-1.419130563735962, 5.92277193069458, -0.41253772377967834], [0.2149532288312912, 4.130335807800293, -0.9113872647285461], [1.0732896327972412, 5.052921772003174, -0.8341825008392334], [-0.09902448207139969, 5.187546253204346, -0.7424336671829224], [1.5730301141738892, 4.140717029571533, -0.9680286645889282], [-1.5191881656646729, 2.258197784423828, -0.7668908834457397], [-1.636739730834961, 1.527811884880066, -0.4118267893791199], [1.4634310007095337, 4.947659015655518, -0.586247444152832], [-0.9530563354492188, 1.1261926889419556, -0.6123627424240112], [0.11934449523687363, 6.121015548706055, -0.599793553352356], [1.8829679489135742, 4.095810890197754, -0.4020892083644867], [1.8801361322402954, 3.701002836227417, -1.0135948657989502], [1.8178768157958984, 3.4164793491363525, -1.193558692932129], [-1.8537741899490356, 5.257071495056152, -0.16569417715072632], [-0.9858658909797668, 5.608870983123779, -1.3120163679122925], [-0.3241429328918457, 1.4978622198104858, -0.8369688987731934], [-0.7489219307899475, 4.207465648651123, -0.6649905443191528], [0.5894699692726135, 3.0493807792663574, -0.371214896440506], [0.48165133595466614, 4.282543182373047, -1.097767949104309], [0.38478806614875793, 3.9414212703704834, -1.201413631439209], [-0.22765102982521057, 5.856792449951172, -1.7665822505950928], [2.132655143737793, 3.5374584197998047, -0.8258293867111206], [1.016788125038147, 3.7583773136138916, -0.6241424083709717], [1.2403390407562256, 5.591884613037109, -0.9066542387008667], [2.777895212173462, 4.1318182945251465, -1.8050693273544312], [3.047957420349121, 3.843928575515747, -0.819316565990448], [0.7970044016838074, 4.040553092956543, -0.3839561641216278], [0.22393612563610077, 2.443875789642334, -0.9251155853271484], [-0.6508451700210571, 2.9181060791015625, -1.0006744861602783], [-0.8299883008003235, 2.935978412628174, -0.6277530789375305], [-0.01725850999355316, 4.645467281341553, -0.0787845328450203], [0.4716223478317261, 5.105075359344482, -0.0506548136472702], [-2.0552515983581543, 5.99753475189209, -0.12209191918373108], [1.3589365482330322, 4.401618003845215, -1.7009316682815552], [-1.5445491075515747, 4.010852336883545, -0.9767881631851196], [-0.557539165019989, 6.238050937652588, -0.9604814648628235], [-1.3201606273651123, 4.948207378387451, -0.687322735786438], [-0.6076949834823608, 2.428687334060669, -0.4173581302165985], [1.65182626247406, 3.7263150215148926, -1.5654360055923462], [-0.2004091739654541, 6.134603023529053, 0.0161150936037302]]"
2656,-1.7117310731180646,0.44265228477311386,-0.42793276827951615,0.022830832841936332,0.0641444695829272,0.5290180594827855,0.8458747737311574,-1.7122474047886092,0.4430475038699604,-0.42763023842646875,0.021951739090206483,0.0651669766193333,0.5286185994599174,0.8460695967910951,"[75, 95, 163, 205, 255, 421, 456, 494, 505, 585, 589, 606, 656, 677, 748, 874, 877, 900, 963, 1020, 1039, 1061, 1138, 1158, 1245, 1344, 1415, 1442, 1500, 1556, 1578, 1580, 1617, 1629, 1632, 1708, 1729, 1950, 1958, 1966, 2001, 2004, 2005, 2020, 2030, 2057, 2071, 2099, 2276, 2332, 2416, 2512, 2541, 2659, 2665, 2702, 2731, 2750, 2855, 2856, 2875, 2938, 3118, 3141, 3182, 3232, 3248, 3249, 3275, 3414, 3549, 3566, 3586, 3755, 3762, 3865, 3983, 4007, 4068, 4132, 4191, 4216, 4259, 4306, 4322, 4400, 4420, 4542, 4660, 4662, 4809, 4838, 4848, 4875, 4906, 4955]","[[0.24801874643192504, 4.72902105903249], [0.20706753769524164, 3.738460704013802], [0.37033177585807664, 5.245986785950332], [0.4591508700129662, 3.971946361778474], [0.41368096401260684, 5.447054732288367], [-0.40392683037160015, 4.015855801162697], [-0.04345052056759539, 3.0488803163754934], [0.2592753169891989, 5.3704673844634145], [-0.048169159837669784, 5.728229142909748], [0.2957665451927762, 5.374862242524621], [0.4801109878975972, 5.993287243005116], [0.20857039543787925, 5.415719580118311], [0.3333792445442773, 4.957549025805912], [-0.3320572897355086, 5.7154951016404985], [-0.02463214609658759, 5.5050588295777265], [0.4362040726346117, 5.331678499666904], [-0.37111210479851736, 1.501836413909977], [-0.2573581656160858, 5.260472207611421], [-0.10951995858584507, 5.995559017469019], [-0.25341058765043717, 5.114063778399974], [-0.3908649643777999, 1.4945057209701256], [-0.47886177889231224, 3.773748582773875], [-0.10701878271959622, 2.8988701483329384], [0.3440499513458435, 5.256976214846339], [-0.4950087250043433, 5.715603990262423], [-0.10816553153555185, 4.9811055951217185], [-0.15965717343055097, 4.581762992489418], [0.30133711190203377, 3.3880579686499064], [-0.04112215445485286, 4.7625108678123365], [-0.10121508358301907, 5.5054330564599665], [-0.18013652054575785, 3.6485942929895545], [-0.29200870197803847, 5.540393675002745], [-0.5153608198192766, 1.6451443744811773], [-0.12201998065337649, 4.98637793229819], [0.3406560936324195, 4.061271783069429], [-0.33695151997125433, 4.120181960493064], [0.1997633130857616, 5.901921389144968], [0.48600827695107196, 4.830174518950828], [0.34166908395388956, 2.549322979117783], [-0.305384158751675, 4.228771559848631], [-0.25152953202937006, 4.8770112820349425], [0.17398216767179422, 4.255956625407088], [-0.17359110411142809, 4.544480868539123], [-0.1673269258941861, 2.696040215455542], [0.2066783899868319, 5.968581993331958], [0.28141254673007743, 4.220022094657524], [-0.49903121035731124, 5.654506663626036], [-0.045773029574137925, 4.984003205735882], [-0.1637734655346465, 5.246356519544303], [0.05236410840918245, 3.0358444976418753], [0.12839943034779597, 4.388526407442011], [-0.06654369882369733, 5.490460283132078], [-0.3906312031689051, 4.438405511349014], [0.08474965468786845, 5.385183191954244], [0.4046764899478191, 5.485483683520506], [-0.03543283354469726, 4.187087749406076], [-0.09225456446465877, 5.397450912799863], [0.12381556513587948, 5.01933351943061], [-0.27929953031829613, 4.972377242897521], [0.3258642576407023, 1.8552525222903342], [0.39159276459306147, 1.0874082598769674], [-0.1606033033629583, 5.509652672335563], [-0.3924927912906144, 1.034485629311334], [0.14134691832067334, 5.966288159334034], [-0.3212617179169036, 5.122115120008924], [-0.3848980703020284, 4.883240676475313], [-0.4243889377708492, 4.674246239948147], [0.49066269369705484, 4.823275703504438], [0.29598321191261784, 5.290124012698607], [-0.4762132564946623, 1.7855153448148573], [0.1983096768601301, 3.892570667718508], [-0.26472934628002615, 3.4743892379475834], [-0.07609370222713038, 4.469306889245983], [-0.10044035985289071, 4.149541710137382], [0.15920527608753968, 5.769425091336563], [-0.44161437784391894, 4.948292458327382], [-0.23360164267373784, 4.296544393066615], [-0.07030976506961735, 5.951720618942912], [-0.4395237797313588, 5.9688766391850985], [-0.4991387245059225, 5.859113222570348], [0.51753164795697, 2.2335546499937524], [-0.15234886323027547, 4.383201465424331], [-0.3250292727921149, 2.8260757529977596], [0.02829044172800223, 2.750745694492071], [0.10888497772799671, 2.649241626081059], [0.08316534386104321, 4.542951876124081], [0.025969018052117026, 5.1601986581069355], [0.5223124121634156, 5.573769270229373], [-0.22486577125306914, 5.1659289533346415], [0.39082476099775404, 3.611574543780944], [0.24868832460768178, 5.931427978044405], [0.36421259729627437, 4.529155369020892], [0.4600758110547709, 4.812614253193051], [-0.04721046248149957, 2.2699781830511654], [-0.3568445003116348, 4.835235820844816], [0.20540286750181447, 5.902228219461523]]","[[-0.735512375831604, 5.071609973907471, -0.41982975602149963], [-0.781180739402771, 4.064624309539795, -0.38334643840789795], [-1.4044524431228638, 5.5760698318481445, -1.468826174736023], [-1.690869688987732, 4.409207820892334, -0.17856155335903168], [-1.611778736114502, 5.811644554138184, -1.3496177196502686], [1.3069241046905518, 3.06561541557312, -0.8319397568702698], [-0.2747912108898163, 3.1189844608306885, -0.7235056161880493], [-0.6919013261795044, 5.709843635559082, -0.6784160733222961], [1.0075819492340088, 5.458253383636475, -0.9442963004112244], [-0.8343181610107422, 5.747586250305176, -0.31557759642601013], [-1.97857666015625, 6.366255283355713, -1.3116436004638672], [-0.42395034432411194, 5.697216510772705, -0.7365975975990295], [-1.16005277633667, 5.355739593505859, -0.8161808848381042], [2.2709784507751465, 4.476779937744141, -1.177621603012085], [0.7337834239006042, 5.300148963928223, -1.2826670408248901], [-1.6339755058288574, 5.771999359130859, -0.6272463202476501], [-0.6045415997505188, 1.4616477489471436, -0.4349193871021271], [1.6519150733947754, 4.408895492553711, -1.2341716289520264], [1.4342089891433716, 5.5105695724487305, -1.064271330833435], [1.4922736883163452, 4.299439907073975, -1.4589314460754395], [-0.6341307163238525, 1.4254730939865112, -0.7663598656654358], [1.311916470527649, 2.6942319869995117, -0.6828466653823853], [-0.21181979775428772, 2.891218423843384, -0.8401235938072205], [-1.1739826202392578, 5.660854816436768, -0.7993767261505127], [2.9315404891967773, 3.770655632019043, -0.6837735772132874], [0.9604702591896057, 4.650146961212158, -0.4360598027706146], [0.8209261894226074, 4.1502685546875, -1.36021888256073], [-1.2429896593093872, 3.776762008666992, -0.8402048349380493], [0.4597528278827667, 4.608142852783203, -1.2361524105072021], [1.155704140663147, 5.119636535644531, -0.9208241105079651], [0.40122923254966736, 3.3697142601013184, -0.9827103018760681], [1.920730471611023, 4.470715522766113, -1.574533224105835], [-0.36840492486953735, 1.3738999366760254, -0.6539188623428345], [1.0243852138519287, 4.614221096038818, -0.3322118818759918], [-1.3120083808898926, 4.4540181159973145, -0.9510701298713684], [1.099855661392212, 3.303272247314453, -1.3775815963745117], [-0.2232341468334198, 6.15316915512085, -0.6097013354301453], [-1.8733155727386475, 5.270479202270508, -0.5131598711013794], [-1.434418797492981, 2.976118564605713, -0.5435752868652344], [1.0511250495910645, 3.4517409801483154, -1.5352225303649902], [1.273290753364563, 4.082516670227051, -1.7135673761367798], [-0.5687529444694519, 4.522246837615967, -0.841819167137146], [0.819017231464386, 4.064770698547363, -1.5039151906967163], [-0.19513651728630066, 2.6252171993255615, -0.8968864679336548], [-0.18706348538398743, 6.19650411605835, 0.0280925165861845], [-0.9702979922294617, 4.599729061126709, -0.38003405928611755], [2.7179672718048096, 3.6571919918060303, -1.8541436195373535], [0.5550751686096191, 4.775750160217285, -1.3936768770217896], [1.2786457538604736, 4.711605072021484, -1.050066351890564], [-0.6075542569160461, 3.1967666149139404, -1.0807746648788452], [-0.4248057007789612, 4.54000997543335, -1.3461369276046753], [0.9454124569892883, 5.1928606033325195, -1.166559100151062], [1.6238069534301758, 3.367189884185791, -0.2100205272436142], [0.2728913426399231, 5.443265914916992, -0.1400608867406845], [-1.419130563735962, 5.92277193069458, -0.41253772377967834], [0.2149532288312912, 4.130335807800293, -0.9113872647285461], [1.0732896327972412, 5.052921772003174, -0.8341825008392334], [-0.09902448207139969, 5.187546253204346, -0.7424336671829224], [1.5730301141738892, 4.140717029571533, -0.9680286645889282], [-1.5191881656646729, 2.258197784423828, -0.7668908834457397], [-1.636739730834961, 1.527811884880066, -0.4118267893791199], [1.4634310007095337, 4.947659015655518, -0.586247444152832], [-0.9530563354492188, 1.1261926889419556, -0.6123627424240112], [0.11934449523687363, 6.121015548706055, -0.599793553352356], [1.8829679489135742, 4.095810890197754, -0.4020892083644867], [1.8801361322402954, 3.701002836227417, -1.0135948657989502], [1.8178768157958984, 3.4164793491363525, -1.193558692932129], [-1.8537741899490356, 5.257071495056152, -0.16569417715072632], [-0.9858658909797668, 5.608870983123779, -1.3120163679122925], [-0.3241429328918457, 1.4978622198104858, -0.8369688987731934], [-0.7489219307899475, 4.207465648651123, -0.6649905443191528], [0.5894699692726135, 3.0493807792663574, -0.371214896440506], [0.48165133595466614, 4.282543182373047, -1.097767949104309], [0.38478806614875793, 3.9414212703704834, -1.201413631439209], [-0.22765102982521057, 5.856792449951172, -1.7665822505950928], [2.132655143737793, 3.5374584197998047, -0.8258293867111206], [1.016788125038147, 3.7583773136138916, -0.6241424083709717], [1.2403390407562256, 5.591884613037109, -0.9066542387008667], [2.777895212173462, 4.1318182945251465, -1.8050693273544312], [3.047957420349121, 3.843928575515747, -0.819316565990448], [-1.8155769109725952, 2.661280870437622, -0.19078916311264038], [0.7970044016838074, 4.040553092956543, -0.3839561641216278], [0.22393612563610077, 2.443875789642334, -0.9251155853271484], [-0.6508451700210571, 2.9181060791015625, -1.0006744861602783], [-0.8299883008003235, 2.935978412628174, -0.6277530789375305], [-0.01725850999355316, 4.645467281341553, -0.0787845328450203], [0.4716223478317261, 5.105075359344482, -0.0506548136472702], [-2.0552515983581543, 5.99753475189209, -0.12209191918373108], [1.3589365482330322, 4.401618003845215, -1.7009316682815552], [-1.5445491075515747, 4.010852336883545, -0.9767881631851196], [-0.557539165019989, 6.238050937652588, -0.9604814648628235], [-1.3201606273651123, 4.948207378387451, -0.687322735786438], [-1.651635766029358, 5.2150959968566895, 0.20126692950725555], [-0.6076949834823608, 2.428687334060669, -0.4173581302165985], [1.65182626247406, 3.7263150215148926, -1.5654360055923462], [-0.2004091739654541, 6.134603023529053, 0.0161150936037302]]"
2658,-1.7593915199433399,0.4183278192680279,-0.43984787998583497,0.04889913885144442,0.06764917097623095,0.5248011716930157,0.8471223017223982,-1.7586140926040958,0.4178581928316903,-0.4407151431197388,0.05000511601577213,0.06842982172222352,0.5254292512719562,0.8466055455636382,"[75, 95, 205, 255, 421, 456, 494, 505, 585, 606, 656, 677, 748, 874, 877, 900, 1020, 1039, 1061, 1138, 1158, 1168, 1245, 1344, 1415, 1442, 1500, 1556, 1578, 1580, 1617, 1629, 1632, 1708, 1729, 1950, 1958, 1966, 2001, 2004, 2005, 2020, 2057, 2071, 2099, 2185, 2229, 2276, 2332, 2416, 2512, 2541, 2659, 2665, 2702, 2731, 2750, 2855, 2856, 2875, 2938, 3118, 3182, 3232, 3248, 3249, 3275, 3414, 3549, 3566, 3586, 3755, 3865, 3983, 4007, 4132, 4191, 4216, 4259, 4306, 4322, 4400, 4420, 4515, 4542, 4660, 4662, 4809, 4838, 4848, 4875, 4906, 4955]","[[0.24712752328045592, 4.763038049509501], [0.20368740188797727, 3.7740288611064994], [0.45584485938471747, 3.997682316266532], [0.40538577572503764, 5.46862008279205], [-0.3999359303069543, 4.064991531832952], [-0.05034424286135791, 3.092404945790893], [0.2570625053545648, 5.4007272074379875], [-0.047546635022806615, 5.769429098802105], [0.2961520630373809, 5.408435315783904], [0.20757496965282066, 5.451720973471956], [0.3309269148536305, 4.987003736599527], [-0.3296705340353708, 5.763787743127441], [-0.027502633819045323, 5.543304515641885], [0.4312700238022144, 5.356901257471209], [-0.36850836848574425, 1.5515761799931187], [-0.2597144674578836, 5.306085973622492], [-0.2570600080955404, 5.162466447662132], [-0.3974221341841744, 1.5408536419988776], [-0.4723174789082184, 3.828675848510461], [-0.11265538269183696, 2.9418544980548416], [0.3398032714772906, 5.286322023119062], [-0.008855466235401567, 5.165559270651778], [-0.48743277925123324, 5.768381345003994], [-0.10374741645916741, 5.026941876104928], [-0.1668200581055011, 4.625041290136371], [0.2914889454575804, 3.418224000439882], [-0.04432215254789957, 4.805672775300313], [-0.10122610535783187, 5.549239503226603], [-0.18635541962932098, 3.694176836410217], [-0.29621353995125904, 5.58933911028336], [-0.5150854599681421, 1.6976548696528346], [-0.1157252483422096, 5.034018758560814], [0.3321441143418512, 4.088442976263285], [-0.34165311365172374, 4.1648011436937065], [0.19854774713755083, 5.935524748131926], [0.4799836504510087, 4.852151448439999], [0.33089634796609063, 2.580384333127936], [-0.311938314388629, 4.27563577980654], [-0.25733095146565005, 4.920918350686787], [0.16762004167525654, 4.290349828805564], [-0.17876730887271208, 4.589375951348776], [-0.17193652423098185, 2.7389076170442275], [0.2805976241664691, 4.25502622327807], [-0.5023341803032082, 5.701204119869451], [-0.05009437965406756, 5.021853700987869], [0.39766203748464324, 5.311774935780292], [0.07084601156738375, 4.745793730354332], [-0.16519490309019672, 5.29139202261721], [0.0396592257782121, 3.0733852045629853], [0.11995044780043505, 4.423846657417007], [-0.06771615115561333, 5.533193113991597], [-0.3814575986418792, 4.490446380986961], [0.09026474941063715, 5.426075782742057], [0.40044156092233985, 5.514160154922239], [-0.038523770073288346, 4.2287401409704035], [-0.09119681746417962, 5.442204010338699], [0.12287723032455443, 5.0581238317623445], [-0.27721071832157274, 5.0220720852355125], [0.3045604002382208, 1.8817183250059113], [0.3586623072693674, 1.116315525245479], [-0.15558687906900764, 5.556538541561032], [-0.4001407214106246, 1.082172216421803], [-0.3121655710958904, 5.174152960856562], [-0.3833086592830373, 4.931881332786289], [-0.4246761245514002, 4.725194385281248], [0.48859762213922314, 4.845622558560195], [0.2878669498855406, 5.317902490124686], [-0.48072292359025176, 1.8360464140293775], [0.19416966397608884, 3.9278202933088484], [-0.2571732412701444, 3.5247197470029783], [-0.08073209059163977, 4.511364133576657], [-0.10564432750229917, 4.19148416409593], [-0.43565482874797096, 4.998653785750169], [-0.23223978821600977, 4.3430857010135195], [-0.07190380086479126, 5.993961402217793], [-0.48982102268992594, 5.911436603558404], [0.5043603113344224, 2.256319259791128], [-0.1474683075097644, 4.431917681268362], [-0.32679906029418015, 2.871765277894164], [0.016681980382056403, 2.7908393258335735], [0.10152716660365939, 2.68647507233468], [0.08559697318965345, 4.584650505771493], [0.03230167828464678, 5.203010333255613], [-0.15864036090479453, 4.0619023778299574], [0.5228957885853677, 5.593452928448956], [-0.2293058481993904, 5.211793534598295], [0.3767024275877897, 3.6364948768331384], [0.2458862728495028, 5.962141648868898], [0.35556782717642066, 4.555759221679166], [0.460036166074344, 4.839910503663836], [-0.05072466828187275, 2.314059661273359], [-0.3605693758310488, 4.878917863387942], [0.20957761818190973, 5.940240983645327]]","[[-0.735512375831604, 5.071609973907471, -0.41982975602149963], [-0.781180739402771, 4.064624309539795, -0.38334643840789795], [-1.690869688987732, 4.409207820892334, -0.17856155335903168], [-1.611778736114502, 5.811644554138184, -1.3496177196502686], [1.3069241046905518, 3.06561541557312, -0.8319397568702698], [-0.2747912108898163, 3.1189844608306885, -0.7235056161880493], [-0.6919013261795044, 5.709843635559082, -0.6784160733222961], [1.0075819492340088, 5.458253383636475, -0.9442963004112244], [-0.8343181610107422, 5.747586250305176, -0.31557759642601013], [-0.42395034432411194, 5.697216510772705, -0.7365975975990295], [-1.16005277633667, 5.355739593505859, -0.8161808848381042], [2.2709784507751465, 4.476779937744141, -1.177621603012085], [0.7337834239006042, 5.300148963928223, -1.2826670408248901], [-1.6339755058288574, 5.771999359130859, -0.6272463202476501], [-0.6045415997505188, 1.4616477489471436, -0.4349193871021271], [1.6519150733947754, 4.408895492553711, -1.2341716289520264], [1.4922736883163452, 4.299439907073975, -1.4589314460754395], [-0.6341307163238525, 1.4254730939865112, -0.7663598656654358], [1.311916470527649, 2.6942319869995117, -0.6828466653823853], [-0.21181979775428772, 2.891218423843384, -0.8401235938072205], [-1.1739826202392578, 5.660854816436768, -0.7993767261505127], [0.6671563982963562, 4.9510884284973145, 0.08018825948238373], [2.9315404891967773, 3.770655632019043, -0.6837735772132874], [0.9604702591896057, 4.650146961212158, -0.4360598027706146], [0.8209261894226074, 4.1502685546875, -1.36021888256073], [-1.2429896593093872, 3.776762008666992, -0.8402048349380493], [0.4597528278827667, 4.608142852783203, -1.2361524105072021], [1.155704140663147, 5.119636535644531, -0.9208241105079651], [0.40122923254966736, 3.3697142601013184, -0.9827103018760681], [1.920730471611023, 4.470715522766113, -1.574533224105835], [-0.36840492486953735, 1.3738999366760254, -0.6539188623428345], [1.0243852138519287, 4.614221096038818, -0.3322118818759918], [-1.3120083808898926, 4.4540181159973145, -0.9510701298713684], [1.099855661392212, 3.303272247314453, -1.3775815963745117], [-0.2232341468334198, 6.15316915512085, -0.6097013354301453], [-1.8733155727386475, 5.270479202270508, -0.5131598711013794], [-1.434418797492981, 2.976118564605713, -0.5435752868652344], [1.0511250495910645, 3.4517409801483154, -1.5352225303649902], [1.273290753364563, 4.082516670227051, -1.7135673761367798], [-0.5687529444694519, 4.522246837615967, -0.841819167137146], [0.819017231464386, 4.064770698547363, -1.5039151906967163], [-0.19513651728630066, 2.6252171993255615, -0.8968864679336548], [-0.9702979922294617, 4.599729061126709, -0.38003405928611755], [2.7179672718048096, 3.6571919918060303, -1.8541436195373535], [0.5550751686096191, 4.775750160217285, -1.3936768770217896], [-1.2860043048858643, 5.646541118621826, 0.3764677941799164], [0.12379542738199234, 4.747463226318359, 0.05897322669625282], [1.2786457538604736, 4.711605072021484, -1.050066351890564], [-0.6075542569160461, 3.1967666149139404, -1.0807746648788452], [-0.4248057007789612, 4.54000997543335, -1.3461369276046753], [0.9454124569892883, 5.1928606033325195, -1.166559100151062], [1.6238069534301758, 3.367189884185791, -0.2100205272436142], [0.2728913426399231, 5.443265914916992, -0.1400608867406845], [-1.419130563735962, 5.92277193069458, -0.41253772377967834], [0.2149532288312912, 4.130335807800293, -0.9113872647285461], [1.0732896327972412, 5.052921772003174, -0.8341825008392334], [-0.09902448207139969, 5.187546253204346, -0.7424336671829224], [1.5730301141738892, 4.140717029571533, -0.9680286645889282], [-1.5191881656646729, 2.258197784423828, -0.7668908834457397], [-1.636739730834961, 1.527811884880066, -0.4118267893791199], [1.4634310007095337, 4.947659015655518, -0.586247444152832], [-0.9530563354492188, 1.1261926889419556, -0.6123627424240112], [1.8829679489135742, 4.095810890197754, -0.4020892083644867], [1.8801361322402954, 3.701002836227417, -1.0135948657989502], [1.8178768157958984, 3.4164793491363525, -1.193558692932129], [-1.8537741899490356, 5.257071495056152, -0.16569417715072632], [-0.9858658909797668, 5.608870983123779, -1.3120163679122925], [-0.3241429328918457, 1.4978622198104858, -0.8369688987731934], [-0.7489219307899475, 4.207465648651123, -0.6649905443191528], [0.5894699692726135, 3.0493807792663574, -0.371214896440506], [0.48165133595466614, 4.282543182373047, -1.097767949104309], [0.38478806614875793, 3.9414212703704834, -1.201413631439209], [2.132655143737793, 3.5374584197998047, -0.8258293867111206], [1.016788125038147, 3.7583773136138916, -0.6241424083709717], [1.2403390407562256, 5.591884613037109, -0.9066542387008667], [3.047957420349121, 3.843928575515747, -0.819316565990448], [-1.8155769109725952, 2.661280870437622, -0.19078916311264038], [0.7970044016838074, 4.040553092956543, -0.3839561641216278], [0.22393612563610077, 2.443875789642334, -0.9251155853271484], [-0.6508451700210571, 2.9181060791015625, -1.0006744861602783], [-0.8299883008003235, 2.935978412628174, -0.6277530789375305], [-0.01725850999355316, 4.645467281341553, -0.0787845328450203], [0.4716223478317261, 5.105075359344482, -0.0506548136472702], [0.650888979434967, 3.676102876663208, -0.11362805217504501], [-2.0552515983581543, 5.99753475189209, -0.12209191918373108], [1.3589365482330322, 4.401618003845215, -1.7009316682815552], [-1.5445491075515747, 4.010852336883545, -0.9767881631851196], [-0.557539165019989, 6.238050937652588, -0.9604814648628235], [-1.3201606273651123, 4.948207378387451, -0.687322735786438], [-1.651635766029358, 5.2150959968566895, 0.20126692950725555], [-0.6076949834823608, 2.428687334060669, -0.4173581302165985], [1.65182626247406, 3.7263150215148926, -1.5654360055923462], [-0.2004091739654541, 6.134603023529053, 0.0161150936037302]]"
2660,-1.8003943171655223,0.39202017926381155,-0.4500985792913806,0.06880962314025765,0.06459415462314579,0.5222409643946547,0.8475595590045326,-1.7994173824250077,0.3922512275208217,-0.44979141271512957,0.06834023844424048,0.06438524787392405,0.5227907399735171,0.8472744501420659,"[75, 95, 205, 421, 456, 494, 505, 585, 606, 656, 677, 748, 874, 877, 900, 1020, 1039, 1061, 1138, 1158, 1168, 1245, 1344, 1415, 1442, 1500, 1556, 1578, 1580, 1617, 1629, 1632, 1708, 1729, 1950, 1958, 1966, 2004, 2005, 2020, 2057, 2071, 2099, 2185, 2229, 2276, 2512, 2541, 2659, 2665, 2702, 2731, 2750, 2855, 2875, 2938, 3118, 3182, 3232, 3248, 3249, 3414, 3549, 3566, 3586, 3748, 3755, 3865, 3983, 4132, 4136, 4191, 4216, 4259, 4306, 4322, 4400, 4420, 4515, 4542, 4660, 4809, 4838, 4848, 4875, 4906, 4955]","[[0.24128904855883473, 4.799956553355299], [0.19667228624382646, 3.8125967328271475], [0.4474982412847097, 4.0281629075932], [-0.40052564914498684, 4.117851991151316], [-0.055833703592386964, 3.1388109989456483], [0.2520340564272913, 5.4354937385679145], [-0.05112606141446908, 5.81266356758956], [0.29026855589885575, 5.443598767437428], [0.2001976636215614, 5.489597780432813], [0.3227078070885567, 5.0189257410100385], [-0.32938035754388006, 5.812536316390967], [-0.033046258629556735, 5.5870962506606645], [0.4254477517573499, 5.383295840487171], [-0.3651202188824257, 1.6040283747295785], [-0.2620757946377863, 5.354287024955979], [-0.2613483889056714, 5.208767204102098], [-0.4037596557866135, 1.5890234700171146], [-0.46671585122019393, 3.8780110594365222], [-0.11688643845293864, 2.986521913807206], [0.3336313488833554, 5.3184839962402455], [-0.005754412497668732, 5.21136807739724], [-0.4803330884766675, 5.816110752038012], [-0.10272806548099384, 5.0756596058886325], [-0.17155638681082885, 4.672475695875502], [0.2806129262781726, 3.453410029882394], [-0.05132803075347559, 4.847821725829843], [-0.10055194739690693, 5.595383599145796], [-0.18871198409086162, 3.74143363939022], [-0.30062459840473676, 5.636517688384377], [-0.5099343103623741, 1.7476628396787008], [-0.11464883137411765, 5.080594492602818], [0.3213214410683972, 4.1214207593623], [-0.34549512473227134, 4.211782625522174], [0.19533365144601184, 5.973067799088114], [0.47573336105959824, 4.879850858372898], [0.31682407277393926, 2.6094535259690677], [-0.31893063175302355, 4.321802852442408], [0.15771898973852347, 4.328229673314914], [-0.1881126681532674, 4.633569632480622], [-0.1794775238753489, 2.786858894252772], [0.2723448354680631, 4.290398636437316], [-0.5039304938917748, 5.748523681757596], [-0.05718239677334888, 5.064847234625748], [0.3949386023906415, 5.343240644583594], [0.07201929058529948, 4.788982380750998], [-0.16688029313994843, 5.338911055539068], [-0.07026366340509453, 5.577361567184389], [-0.3702886924586492, 4.542752260583482], [0.08960346036707391, 5.468901176185109], [0.39419608434811026, 5.544676686402001], [-0.042691393566329214, 4.270596833439958], [-0.09343253629411546, 5.487468272943294], [0.11420285192800861, 5.097821058470497], [-0.2749421815786102, 5.070962413583086], [0.32668907142386633, 1.1483374187669462], [-0.15300263173746875, 5.60723035925286], [-0.40404130824471884, 1.1335142504378348], [-0.30734347796986167, 5.224669220169945], [-0.3809794139188213, 4.979743311492229], [-0.4245302750224319, 4.774895082055432], [0.48251616368913547, 4.873593214182345], [-0.4822829050653625, 1.8846878446702369], [0.1865037083872104, 3.9656295602604588], [-0.2569853088480107, 3.5755675603772454], [-0.08589451336360682, 4.55672017443754], [0.18625429659786308, 3.7674977768285873], [-0.11169382285630106, 4.235452272104339], [-0.4338229449940614, 5.04713163222804], [-0.22668538894621051, 4.392184216407038], [-0.486435170801129, 5.961745429055621], [-0.042059699300785694, 5.293866798018874], [0.49005659850502503, 2.2840490336839876], [-0.14355324900210142, 4.478394388059982], [-0.3319747637818566, 2.9220852308848553], [0.005772521981838561, 2.8314510479537147], [0.09159060570040832, 2.728461908497328], [0.08666668212658245, 4.6268139073150785], [0.03462006854810881, 5.246134866167837], [-0.15506172366946877, 4.11211375429427], [0.5179176461914228, 5.621401318802049], [-0.23640883698629275, 5.257640552126076], [0.2386807555889822, 5.998645780417593], [0.34890606556701964, 4.58735870573348], [0.4573332452064068, 4.869097340186972], [-0.05689880591167647, 2.359033394466818], [-0.3656071206854954, 4.927972608928719], [0.20963241304349917, 5.979434180401506]]","[[-0.735512375831604, 5.071609973907471, -0.41982975602149963], [-0.781180739402771, 4.064624309539795, -0.38334643840789795], [-1.690869688987732, 4.409207820892334, -0.17856155335903168], [1.3069241046905518, 3.06561541557312, -0.8319397568702698], [-0.2747912108898163, 3.1189844608306885, -0.7235056161880493], [-0.6919013261795044, 5.709843635559082, -0.6784160733222961], [1.0075819492340088, 5.458253383636475, -0.9442963004112244], [-0.8343181610107422, 5.747586250305176, -0.31557759642601013], [-0.42395034432411194, 5.697216510772705, -0.7365975975990295], [-1.16005277633667, 5.355739593505859, -0.8161808848381042], [2.2709784507751465, 4.476779937744141, -1.177621603012085], [0.7337834239006042, 5.300148963928223, -1.2826670408248901], [-1.6339755058288574, 5.771999359130859, -0.6272463202476501], [-0.6045415997505188, 1.4616477489471436, -0.4349193871021271], [1.6519150733947754, 4.408895492553711, -1.2341716289520264], [1.4922736883163452, 4.299439907073975, -1.4589314460754395], [-0.6341307163238525, 1.4254730939865112, -0.7663598656654358], [1.311916470527649, 2.6942319869995117, -0.6828466653823853], [-0.21181979775428772, 2.891218423843384, -0.8401235938072205], [-1.1739826202392578, 5.660854816436768, -0.7993767261505127], [0.6671563982963562, 4.9510884284973145, 0.08018825948238373], [2.9315404891967773, 3.770655632019043, -0.6837735772132874], [0.9604702591896057, 4.650146961212158, -0.4360598027706146], [0.8209261894226074, 4.1502685546875, -1.36021888256073], [-1.2429896593093872, 3.776762008666992, -0.8402048349380493], [0.4597528278827667, 4.608142852783203, -1.2361524105072021], [1.155704140663147, 5.119636535644531, -0.9208241105079651], [0.40122923254966736, 3.3697142601013184, -0.9827103018760681], [1.920730471611023, 4.470715522766113, -1.574533224105835], [-0.36840492486953735, 1.3738999366760254, -0.6539188623428345], [1.0243852138519287, 4.614221096038818, -0.3322118818759918], [-1.3120083808898926, 4.4540181159973145, -0.9510701298713684], [1.099855661392212, 3.303272247314453, -1.3775815963745117], [-0.2232341468334198, 6.15316915512085, -0.6097013354301453], [-1.8733155727386475, 5.270479202270508, -0.5131598711013794], [-1.434418797492981, 2.976118564605713, -0.5435752868652344], [1.0511250495910645, 3.4517409801483154, -1.5352225303649902], [-0.5687529444694519, 4.522246837615967, -0.841819167137146], [0.819017231464386, 4.064770698547363, -1.5039151906967163], [-0.19513651728630066, 2.6252171993255615, -0.8968864679336548], [-0.9702979922294617, 4.599729061126709, -0.38003405928611755], [2.7179672718048096, 3.6571919918060303, -1.8541436195373535], [0.5550751686096191, 4.775750160217285, -1.3936768770217896], [-1.2860043048858643, 5.646541118621826, 0.3764677941799164], [0.12379542738199234, 4.747463226318359, 0.05897322669625282], [1.2786457538604736, 4.711605072021484, -1.050066351890564], [0.9454124569892883, 5.1928606033325195, -1.166559100151062], [1.6238069534301758, 3.367189884185791, -0.2100205272436142], [0.2728913426399231, 5.443265914916992, -0.1400608867406845], [-1.419130563735962, 5.92277193069458, -0.41253772377967834], [0.2149532288312912, 4.130335807800293, -0.9113872647285461], [1.0732896327972412, 5.052921772003174, -0.8341825008392334], [-0.09902448207139969, 5.187546253204346, -0.7424336671829224], [1.5730301141738892, 4.140717029571533, -0.9680286645889282], [-1.636739730834961, 1.527811884880066, -0.4118267893791199], [1.4634310007095337, 4.947659015655518, -0.586247444152832], [-0.9530563354492188, 1.1261926889419556, -0.6123627424240112], [1.8829679489135742, 4.095810890197754, -0.4020892083644867], [1.8801361322402954, 3.701002836227417, -1.0135948657989502], [1.8178768157958984, 3.4164793491363525, -1.193558692932129], [-1.8537741899490356, 5.257071495056152, -0.16569417715072632], [-0.3241429328918457, 1.4978622198104858, -0.8369688987731934], [-0.7489219307899475, 4.207465648651123, -0.6649905443191528], [0.5894699692726135, 3.0493807792663574, -0.371214896440506], [0.48165133595466614, 4.282543182373047, -1.097767949104309], [-0.6541420221328735, 3.9293251037597656, 0.15746080875396729], [0.38478806614875793, 3.9414212703704834, -1.201413631439209], [2.132655143737793, 3.5374584197998047, -0.8258293867111206], [1.016788125038147, 3.7583773136138916, -0.6241424083709717], [3.047957420349121, 3.843928575515747, -0.819316565990448], [0.8666809797286987, 4.931448936462402, 0.09942346066236496], [-1.8155769109725952, 2.661280870437622, -0.19078916311264038], [0.7970044016838074, 4.040553092956543, -0.3839561641216278], [0.22393612563610077, 2.443875789642334, -0.9251155853271484], [-0.6508451700210571, 2.9181060791015625, -1.0006744861602783], [-0.8299883008003235, 2.935978412628174, -0.6277530789375305], [-0.01725850999355316, 4.645467281341553, -0.0787845328450203], [0.4716223478317261, 5.105075359344482, -0.0506548136472702], [0.650888979434967, 3.676102876663208, -0.11362805217504501], [-2.0552515983581543, 5.99753475189209, -0.12209191918373108], [1.3589365482330322, 4.401618003845215, -1.7009316682815552], [-0.557539165019989, 6.238050937652588, -0.9604814648628235], [-1.3201606273651123, 4.948207378387451, -0.687322735786438], [-1.651635766029358, 5.2150959968566895, 0.20126692950725555], [-0.6076949834823608, 2.428687334060669, -0.4173581302165985], [1.65182626247406, 3.7263150215148926, -1.5654360055923462], [-0.2004091739654541, 6.134603023529053, 0.0161150936037302]]"
2662,-1.8401109368006723,0.3604668070667758,-0.46002773420016807,0.08314168820514004,0.054970752960043404,0.520944461965465,0.847751463312755,-1.8390318645925552,0.35981963311637155,-0.4627485796932834,0.08340810284028573,0.0536271853418839,0.5206408797464926,0.8479978111467563,"[75, 95, 205, 229, 254, 421, 456, 494, 505, 585, 606, 656, 677, 748, 874, 877, 900, 911, 1020, 1039, 1061, 1138, 1158, 1168, 1245, 1344, 1415, 1442, 1500, 1556, 1578, 1580, 1617, 1629, 1708, 1950, 1958, 2004, 2020, 2057, 2071, 2099, 2185, 2229, 2276, 2512, 2541, 2659, 2665, 2702, 2731, 2750, 2855, 2875, 2938, 3118, 3182, 3232, 3248, 3249, 3414, 3549, 3566, 3586, 3748, 3755, 3865, 3983, 4136, 4138, 4191, 4216, 4259, 4322, 4400, 4420, 4515, 4542, 4838, 4848, 4875, 4906]","[[0.23549856006421235, 4.837847796154971], [0.19015594086656862, 3.8540927225288932], [0.43836500182379756, 4.06222558504895], [-0.28694321112086907, 5.228219867974401], [-0.4761642323770245, 3.22563505768083], [-0.4003087515547096, 4.166662998326126], [-0.062038377163442696, 3.181883811072208], [0.2452634150795985, 5.478489156855377], [-0.05594428283290606, 5.860419759585674], [0.2853637474741958, 5.482015723954927], [0.1959437907381734, 5.526922101509024], [0.31375958105530943, 5.052744948351308], [-0.33245574544750084, 5.860985669418349], [-0.04067925973371738, 5.628579247785618], [0.41813940255599125, 5.418695737906295], [-0.3649895828354591, 1.6557152206783998], [-0.2642718226897311, 5.401248589830248], [0.523559741716892, 5.955670086027628], [-0.26670091419593217, 5.254243068229526], [-0.4048108850524049, 1.637771222015277], [-0.4669172487973491, 3.92670668909186], [-0.12439567772164471, 3.0326791535638695], [0.32590333400064003, 5.352435823917913], [-0.009303271723329915, 5.258293105591879], [-0.47980491865025726, 5.869317892582376], [-0.10707263888107699, 5.121722933938621], [-0.1779840561471981, 4.717665710063492], [0.2680567484491285, 3.488259937386258], [-0.057456932036241665, 4.892717947373672], [-0.10507694407512605, 5.643538961060991], [-0.1945228133937895, 3.7889209420538625], [-0.30344739230876605, 5.680630620998298], [-0.5080644914035186, 1.7959389044636491], [-0.11483201326721441, 5.1289773456718315], [-0.35024222502949326, 4.260189964745971], [0.46683004915403303, 4.909706956316813], [0.30251312000608205, 2.6477528885681276], [0.15249516208128458, 4.3686638725941505], [-0.18526980489633751, 2.833308879097178], [0.26682465019950863, 4.3290510072457025], [-0.5099574516270621, 5.794752399577382], [-0.06476298550071598, 5.109310658869843], [0.38793081588530715, 5.382274049023089], [0.06898206991893747, 4.833873442005015], [-0.16904735310646027, 5.386585418213106], [-0.07909600815051016, 5.621523641248776], [-0.36925757302634094, 4.591738719849175], [0.08769728114297576, 5.515705530687516], [0.3890538264138138, 5.579100020828467], [-0.04990568437151549, 4.31803608332991], [-0.09914662283662973, 5.537814085340745], [0.10983412508859935, 5.139924033472087], [-0.279661306659916, 5.117169595083283], [0.2996793313513558, 1.1862564086034653], [-0.15606360457309537, 5.6538699874562655], [-0.4044650116191677, 1.1812641514414146], [-0.305519916955763, 5.274274712491496], [-0.3828900072947607, 5.030151843550484], [-0.42610305622509553, 4.822168717417522], [0.4741408883624939, 4.905457946956052], [-0.48583452647509184, 1.9329585290020108], [0.18032295417071548, 4.004943262490551], [-0.2561497802293658, 3.6244403157667695], [-0.09170137749313684, 4.602713043379021], [0.17957297450852047, 3.8098969384851835], [-0.11828427326487896, 4.279607199007627], [-0.4315511618182521, 5.099346911335165], [-0.23239372044470907, 4.4410203508156245], [-0.04268279060512849, 5.339936886847306], [-0.2721481770411714, 4.624260549105638], [0.47089985715287547, 2.3172481122934006], [-0.14542447260644686, 4.527832091171326], [-0.33675389731640887, 2.968814197531198], [0.08242605140273722, 2.770056569443911], [0.08249352219084036, 4.672161384747474], [0.03257247319942254, 5.293406739743835], [-0.15424233286243855, 4.162278275395354], [0.5104301361407038, 5.651181581655039], [0.3414287060210957, 4.623483449394243], [0.44626926318707055, 4.904718837028197], [-0.06311424373130002, 2.4073102674983278], [-0.36981653551868143, 4.974631235068995]]","[[-0.735512375831604, 5.071609973907471, -0.41982975602149963], [-0.781180739402771, 4.064624309539795, -0.38334643840789795], [-1.690869688987732, 4.409207820892334, -0.17856155335903168], [1.8264570236206055, 4.0445404052734375, 0.09593416750431061], [0.806373119354248, 2.1923611164093018, -0.25782671570777893], [1.3069241046905518, 3.06561541557312, -0.8319397568702698], [-0.2747912108898163, 3.1189844608306885, -0.7235056161880493], [-0.6919013261795044, 5.709843635559082, -0.6784160733222961], [1.0075819492340088, 5.458253383636475, -0.9442963004112244], [-0.8343181610107422, 5.747586250305176, -0.31557759642601013], [-0.42395034432411194, 5.697216510772705, -0.7365975975990295], [-1.16005277633667, 5.355739593505859, -0.8161808848381042], [2.2709784507751465, 4.476779937744141, -1.177621603012085], [0.7337834239006042, 5.300148963928223, -1.2826670408248901], [-1.6339755058288574, 5.771999359130859, -0.6272463202476501], [-0.6045415997505188, 1.4616477489471436, -0.4349193871021271], [1.6519150733947754, 4.408895492553711, -1.2341716289520264], [-2.0406041145324707, 6.23831844329834, 0.4831262230873108], [1.4922736883163452, 4.299439907073975, -1.4589314460754395], [-0.6341307163238525, 1.4254730939865112, -0.7663598656654358], [1.311916470527649, 2.6942319869995117, -0.6828466653823853], [-0.21181979775428772, 2.891218423843384, -0.8401235938072205], [-1.1739826202392578, 5.660854816436768, -0.7993767261505127], [0.6671563982963562, 4.9510884284973145, 0.08018825948238373], [2.9315404891967773, 3.770655632019043, -0.6837735772132874], [0.9604702591896057, 4.650146961212158, -0.4360598027706146], [0.8209261894226074, 4.1502685546875, -1.36021888256073], [-1.2429896593093872, 3.776762008666992, -0.8402048349380493], [0.4597528278827667, 4.608142852783203, -1.2361524105072021], [1.155704140663147, 5.119636535644531, -0.9208241105079651], [0.40122923254966736, 3.3697142601013184, -0.9827103018760681], [1.920730471611023, 4.470715522766113, -1.574533224105835], [-0.36840492486953735, 1.3738999366760254, -0.6539188623428345], [1.0243852138519287, 4.614221096038818, -0.3322118818759918], [1.099855661392212, 3.303272247314453, -1.3775815963745117], [-1.8733155727386475, 5.270479202270508, -0.5131598711013794], [-1.434418797492981, 2.976118564605713, -0.5435752868652344], [-0.5687529444694519, 4.522246837615967, -0.841819167137146], [-0.19513651728630066, 2.6252171993255615, -0.8968864679336548], [-0.9702979922294617, 4.599729061126709, -0.38003405928611755], [2.7179672718048096, 3.6571919918060303, -1.8541436195373535], [0.5550751686096191, 4.775750160217285, -1.3936768770217896], [-1.2860043048858643, 5.646541118621826, 0.3764677941799164], [0.12379542738199234, 4.747463226318359, 0.05897322669625282], [1.2786457538604736, 4.711605072021484, -1.050066351890564], [0.9454124569892883, 5.1928606033325195, -1.166559100151062], [1.6238069534301758, 3.367189884185791, -0.2100205272436142], [0.2728913426399231, 5.443265914916992, -0.1400608867406845], [-1.419130563735962, 5.92277193069458, -0.41253772377967834], [0.2149532288312912, 4.130335807800293, -0.9113872647285461], [1.0732896327972412, 5.052921772003174, -0.8341825008392334], [-0.09902448207139969, 5.187546253204346, -0.7424336671829224], [1.5730301141738892, 4.140717029571533, -0.9680286645889282], [-1.636739730834961, 1.527811884880066, -0.4118267893791199], [1.4634310007095337, 4.947659015655518, -0.586247444152832], [-0.9530563354492188, 1.1261926889419556, -0.6123627424240112], [1.8829679489135742, 4.095810890197754, -0.4020892083644867], [1.8801361322402954, 3.701002836227417, -1.0135948657989502], [1.8178768157958984, 3.4164793491363525, -1.193558692932129], [-1.8537741899490356, 5.257071495056152, -0.16569417715072632], [-0.3241429328918457, 1.4978622198104858, -0.8369688987731934], [-0.7489219307899475, 4.207465648651123, -0.6649905443191528], [0.5894699692726135, 3.0493807792663574, -0.371214896440506], [0.48165133595466614, 4.282543182373047, -1.097767949104309], [-0.6541420221328735, 3.9293251037597656, 0.15746080875396729], [0.38478806614875793, 3.9414212703704834, -1.201413631439209], [2.132655143737793, 3.5374584197998047, -0.8258293867111206], [1.016788125038147, 3.7583773136138916, -0.6241424083709717], [0.8666809797286987, 4.931448936462402, 0.09942346066236496], [1.3445065021514893, 3.680060386657715, -0.0017258523730561137], [-1.8155769109725952, 2.661280870437622, -0.19078916311264038], [0.7970044016838074, 4.040553092956543, -0.3839561641216278], [0.22393612563610077, 2.443875789642334, -0.9251155853271484], [-0.8299883008003235, 2.935978412628174, -0.6277530789375305], [-0.01725850999355316, 4.645467281341553, -0.0787845328450203], [0.4716223478317261, 5.105075359344482, -0.0506548136472702], [0.650888979434967, 3.676102876663208, -0.11362805217504501], [-2.0552515983581543, 5.99753475189209, -0.12209191918373108], [-1.3201606273651123, 4.948207378387451, -0.687322735786438], [-1.651635766029358, 5.2150959968566895, 0.20126692950725555], [-0.6076949834823608, 2.428687334060669, -0.4173581302165985], [1.65182626247406, 3.7263150215148926, -1.5654360055923462]]"
2664,-1.8755887547811152,0.3255939233358569,-0.4688971886952788,0.08894191104740011,0.039786988732141475,0.5207378639396321,0.8481382016195557,-1.8750943936731832,0.32592239519234756,-0.4667061415340502,0.0898311747108227,0.03987397645880457,0.5203185614308966,0.8482977193662132,"[75, 95, 205, 229, 254, 421, 429, 456, 467, 494, 505, 585, 606, 656, 677, 748, 874, 877, 900, 911, 1020, 1039, 1061, 1138, 1158, 1168, 1245, 1344, 1500, 1556, 1578, 1580, 1617, 1629, 1708, 1950, 1958, 2004, 2020, 2057, 2071, 2185, 2229, 2276, 2512, 2541, 2659, 2665, 2702, 2731, 2750, 2781, 2855, 2875, 2938, 3118, 3182, 3232, 3248, 3249, 3342, 3414, 3432, 3549, 3566, 3586, 3748, 3865, 3983, 4136, 4138, 4191, 4216, 4255, 4259, 4322, 4400, 4420, 4515, 4542, 4828, 4838, 4848, 4875]","[[0.2284777515751221, 4.880995989178629], [0.18503372022114287, 3.8968282743926155], [0.4288593616080107, 4.09817106116623], [-0.2909551528052662, 5.279548735233905], [-0.4758493810076207, 3.274853341850007], [-0.4013822980854807, 4.216463095797671], [-0.04181777407368658, 2.161556168762113], [-0.06892006962247009, 3.2278742059292105], [0.3863123515434869, 4.479975223596347], [0.240735108965819, 5.518120196276019], [-0.059868826215589574, 5.906928398650017], [0.2760336338197442, 5.522041091456186], [0.18932350257413455, 5.571682125428067], [0.30926285260616543, 5.091523394159822], [-0.3361066872096263, 5.909163335051258], [-0.0425465747862102, 5.675523885210626], [0.41391298229091245, 5.4550457076689], [-0.36482252162310497, 1.705487170225844], [-0.26638463015883834, 5.448614613724848], [0.5132446930802722, 5.989482315389273], [-0.2666231178547816, 5.302705364134622], [-0.40350654786579954, 1.6838669222223481], [-0.4673795621617245, 3.9779064560224855], [-0.12754989219834229, 3.080765095469069], [0.31967651249003726, 5.3911436090876785], [-0.015125799315411297, 5.3040485052921404], [-0.47932667354227076, 5.916484882678776], [-0.11104160009955906, 5.170781436598785], [-0.06250863795327173, 4.936619972856219], [-0.10828540181939342, 5.690900720251785], [-0.1967210227894354, 3.8364934618296513], [-0.3052553176732379, 5.72843423954853], [-0.5051838190955534, 1.8449480603289665], [-0.12054033112407397, 5.179163223136116], [-0.35123445820458954, 4.307016366065614], [0.45951081840222374, 4.945319322403197], [0.2918970155855444, 2.6880811714971644], [0.14718788084397819, 4.412284835243606], [-0.19049831393234318, 2.8809948489591024], [0.25820542335415037, 4.3687254384947405], [-0.5105408263944706, 5.8420890708461295], [0.378969198659789, 5.418335952997456], [0.06272276959097295, 4.880161407400536], [-0.1731124121602209, 5.434504841519579], [-0.08222796098872336, 5.668427152006301], [-0.37199554417235114, 4.6440788933800405], [0.07690647074158904, 5.560704934724407], [0.3812549161253304, 5.6161140265667315], [-0.05349404745842621, 4.364117288051267], [-0.10124378342251254, 5.5847455541434], [0.10683278859015298, 5.184763687396163], [-0.04802492015538814, 5.293988327779676], [-0.2815385447123584, 5.166999134479385], [0.27342236862808056, 1.2261507967026952], [-0.1582271319569017, 5.703201138889209], [-0.40256887377019107, 1.2307648844333976], [-0.30719146002820225, 5.3232180139086], [-0.38557926376059176, 5.078840547794961], [-0.42857577498369104, 4.869441973558921], [0.4649865444049011, 4.942404399722977], [-0.18615361540803627, 3.9872007688216655], [-0.48365350670890983, 1.978431239995137], [0.3377599637774112, 4.493930023208605], [0.1712243514458209, 4.046126108608892], [-0.2563850983688363, 3.6751172363336666], [-0.095370953814104, 4.6489597981147215], [0.16870936724506602, 3.856272173673552], [-0.4335540884765243, 5.148288743613829], [-0.23542865762773335, 4.4901313522855055], [-0.04681018547068481, 5.390981580454067], [-0.2739817323199685, 4.674249009519048], [0.4537697851500537, 2.351936250586942], [-0.15151631662642945, 4.575215308999026], [0.3975640577630273, 4.698658346589291], [-0.3388278993773033, 3.0183429694943196], [0.0748822892331693, 2.816521989786271], [0.07591882992881, 4.718109968686111], [0.02560496565732161, 5.339750014910412], [-0.15968568999105187, 4.212711733307873], [0.5016183866535108, 5.686651747393276], [-0.13180158025904798, 2.7136251740901804], [0.33476892713754874, 4.660071309484353], [0.4374171881398385, 4.940807549187123], [-0.0699286328868963, 2.45543034628586]]","[[-0.735512375831604, 5.071609973907471, -0.41982975602149963], [-0.781180739402771, 4.064624309539795, -0.38334643840789795], [-1.690869688987732, 4.409207820892334, -0.17856155335903168], [1.8264570236206055, 4.0445404052734375, 0.09593416750431061], [0.806373119354248, 2.1923611164093018, -0.25782671570777893], [1.3069241046905518, 3.06561541557312, -0.8319397568702698], [-0.7704256176948547, 2.14143443107605, -0.08076226711273193], [-0.2747912108898163, 3.1189844608306885, -0.7235056161880493], [-1.3475202322006226, 4.6160688400268555, 0.7044112086296082], [-0.6919013261795044, 5.709843635559082, -0.6784160733222961], [1.0075819492340088, 5.458253383636475, -0.9442963004112244], [-0.8343181610107422, 5.747586250305176, -0.31557759642601013], [-0.42395034432411194, 5.697216510772705, -0.7365975975990295], [-1.16005277633667, 5.355739593505859, -0.8161808848381042], [2.2709784507751465, 4.476779937744141, -1.177621603012085], [0.7337834239006042, 5.300148963928223, -1.2826670408248901], [-1.6339755058288574, 5.771999359130859, -0.6272463202476501], [-0.6045415997505188, 1.4616477489471436, -0.4349193871021271], [1.6519150733947754, 4.408895492553711, -1.2341716289520264], [-2.0406041145324707, 6.23831844329834, 0.4831262230873108], [1.4922736883163452, 4.299439907073975, -1.4589314460754395], [-0.6341307163238525, 1.4254730939865112, -0.7663598656654358], [1.311916470527649, 2.6942319869995117, -0.6828466653823853], [-0.21181979775428772, 2.891218423843384, -0.8401235938072205], [-1.1739826202392578, 5.660854816436768, -0.7993767261505127], [0.6671563982963562, 4.9510884284973145, 0.08018825948238373], [2.9315404891967773, 3.770655632019043, -0.6837735772132874], [0.9604702591896057, 4.650146961212158, -0.4360598027706146], [0.4597528278827667, 4.608142852783203, -1.2361524105072021], [1.155704140663147, 5.119636535644531, -0.9208241105079651], [0.40122923254966736, 3.3697142601013184, -0.9827103018760681], [1.920730471611023, 4.470715522766113, -1.574533224105835], [-0.36840492486953735, 1.3738999366760254, -0.6539188623428345], [1.0243852138519287, 4.614221096038818, -0.3322118818759918], [1.099855661392212, 3.303272247314453, -1.3775815963745117], [-1.8733155727386475, 5.270479202270508, -0.5131598711013794], [-1.434418797492981, 2.976118564605713, -0.5435752868652344], [-0.5687529444694519, 4.522246837615967, -0.841819167137146], [-0.19513651728630066, 2.6252171993255615, -0.8968864679336548], [-0.9702979922294617, 4.599729061126709, -0.38003405928611755], [2.7179672718048096, 3.6571919918060303, -1.8541436195373535], [-1.2860043048858643, 5.646541118621826, 0.3764677941799164], [0.12379542738199234, 4.747463226318359, 0.05897322669625282], [1.2786457538604736, 4.711605072021484, -1.050066351890564], [0.9454124569892883, 5.1928606033325195, -1.166559100151062], [1.6238069534301758, 3.367189884185791, -0.2100205272436142], [0.2728913426399231, 5.443265914916992, -0.1400608867406845], [-1.419130563735962, 5.92277193069458, -0.41253772377967834], [0.2149532288312912, 4.130335807800293, -0.9113872647285461], [1.0732896327972412, 5.052921772003174, -0.8341825008392334], [-0.09902448207139969, 5.187546253204346, -0.7424336671829224], [0.8582029342651367, 4.764886379241943, 0.44744107127189636], [1.5730301141738892, 4.140717029571533, -0.9680286645889282], [-1.636739730834961, 1.527811884880066, -0.4118267893791199], [1.4634310007095337, 4.947659015655518, -0.586247444152832], [-0.9530563354492188, 1.1261926889419556, -0.6123627424240112], [1.8829679489135742, 4.095810890197754, -0.4020892083644867], [1.8801361322402954, 3.701002836227417, -1.0135948657989502], [1.8178768157958984, 3.4164793491363525, -1.193558692932129], [-1.8537741899490356, 5.257071495056152, -0.16569417715072632], [0.6224063634872437, 3.3841347694396973, 0.07435598969459534], [-0.3241429328918457, 1.4978622198104858, -0.8369688987731934], [-1.132378101348877, 4.613344192504883, 0.6494982838630676], [-0.7489219307899475, 4.207465648651123, -0.6649905443191528], [0.5894699692726135, 3.0493807792663574, -0.371214896440506], [0.48165133595466614, 4.282543182373047, -1.097767949104309], [-0.6541420221328735, 3.9293251037597656, 0.15746080875396729], [2.132655143737793, 3.5374584197998047, -0.8258293867111206], [1.016788125038147, 3.7583773136138916, -0.6241424083709717], [0.8666809797286987, 4.931448936462402, 0.09942346066236496], [1.3445065021514893, 3.680060386657715, -0.0017258523730561137], [-1.8155769109725952, 2.661280870437622, -0.19078916311264038], [0.7970044016838074, 4.040553092956543, -0.3839561641216278], [-1.3837485313415527, 4.844825267791748, 0.725816011428833], [0.22393612563610077, 2.443875789642334, -0.9251155853271484], [-0.8299883008003235, 2.935978412628174, -0.6277530789375305], [-0.01725850999355316, 4.645467281341553, -0.0787845328450203], [0.4716223478317261, 5.105075359344482, -0.0506548136472702], [0.650888979434967, 3.676102876663208, -0.11362805217504501], [-2.0552515983581543, 5.99753475189209, -0.12209191918373108], [-0.29389622807502747, 2.4829893112182617, -0.016923734918236732], [-1.3201606273651123, 4.948207378387451, -0.687322735786438], [-1.651635766029358, 5.2150959968566895, 0.20126692950725555], [-0.6076949834823608, 2.428687334060669, -0.4173581302165985]]"
2666,-1.908548229431536,0.28526398482016996,-0.477137057357884,0.08514842072262617,0.019304013606134304,0.5210470450879803,0.8490506924278556,-1.9097276604149447,0.2855127662336212,-0.47625399794283807,0.0847885075851894,0.0191117035884979,0.5211572502687406,0.8490234226802856,"[75, 95, 190, 205, 229, 254, 421, 429, 456, 467, 478, 490, 494, 505, 585, 606, 656, 669, 677, 705, 874, 877, 900, 1039, 1061, 1138, 1158, 1168, 1245, 1344, 1547, 1556, 1578, 1617, 1629, 1787, 1937, 1950, 1958, 2004, 2020, 2057, 2185, 2229, 2276, 2512, 2541, 2659, 2665, 2702, 2731, 2750, 2781, 2855, 2875, 2938, 3118, 3182, 3232, 3248, 3249, 3342, 3414, 3432, 3485, 3549, 3566, 3586, 3748, 3865, 3983, 4100, 4136, 4138, 4191, 4216, 4255, 4259, 4322, 4400, 4420, 4515, 4542, 4828, 4838, 4848, 4875]","[[0.22434712927677306, 4.9262086319319325], [0.17891878943737458, 3.9409935564429333], [0.5224354601826514, 5.924128552198104], [0.4205173861463285, 4.137341566654456], [-0.29156500979907973, 5.3278425361240656], [-0.476613769399052, 3.3225373323577436], [-0.40152168323941334, 4.262529998488578], [-0.052474654079397005, 2.209284825549279], [-0.06995440502647847, 3.277175387279344], [0.3718705961852636, 4.522005890872026], [-0.2389581447849944, 3.718313570405768], [-0.3134526259599684, 5.5899970309150655], [0.23580993364707575, 5.560693533091344], [-0.060366092123275546, 5.952942142254151], [0.27239159510465405, 5.566468143604667], [0.18779224658170468, 5.614724342022461], [0.3077655999742568, 5.1338157107119455], [-0.24838953922182372, 5.8713941169056545], [-0.33602070520463095, 5.956117154151822], [0.02987144679114966, 5.691750264872421], [0.40975173049103275, 5.49281798211566], [-0.3621980817451449, 1.754327576970909], [-0.26828595230708313, 5.497852660932419], [-0.39935897768939704, 1.731970582933676], [-0.466359830335026, 4.024153842561499], [-0.130409396303948, 3.1290851441761682], [0.3189011955003579, 5.430802935360456], [-0.020831291600064483, 5.355024179793254], [-0.47953335878044806, 5.965774433980539], [-0.11180872012482652, 5.221114677399734], [0.049342842305670376, 4.154317986140459], [-0.11094423622113454, 5.7383468966260285], [-0.1978226352481277, 3.8820588041789725], [-0.5004641835921417, 1.8925983232879016], [-0.12253483016931434, 5.226499600061477], [0.2304727401674711, 4.462851629471538], [-0.10810643233888621, 5.013661885923991], [0.4536254396433673, 4.984023093850272], [0.2870672522551544, 2.7301928209314426], [0.14465995633268408, 4.4561002129977885], [-0.18958509494001552, 2.928914206564369], [0.2501161670087443, 4.4122681495461515], [0.36774330825508605, 5.462104861967956], [0.056351988245221175, 4.9294086261544585], [-0.17635550139748615, 5.481917304163125], [-0.0809099187609546, 5.716489933222804], [-0.37357375197084375, 4.693028295006434], [0.07513037759635613, 5.607156901505762], [0.37583190969122743, 5.656344358593731], [-0.05792428340948988, 4.410930477850712], [-0.10490936640184696, 5.631407485520438], [0.10142929099483955, 5.228630461656482], [-0.05800718027452595, 5.342852607065067], [-0.2813653241391743, 5.212930277946088], [0.25485291980291785, 1.27034867564942], [-0.16080783848405622, 5.753831954798635], [-0.39725932795551416, 1.2774778941401734], [-0.3107677075560989, 5.371600505258649], [-0.38469637359275133, 5.126423585517988], [-0.42878207859071826, 4.91787689463839], [0.4570373335317023, 4.979961823274042], [-0.19233498725335735, 4.036136636118374], [-0.4765101611022027, 2.024719462882763], [0.3209010122836675, 4.536446955065395], [-0.5186664092784904, 1.3106709577846452], [0.16874695814226742, 4.090716135734599], [-0.2592795391267018, 3.7237206000045946], [-0.09461274698370714, 4.695889874561451], [0.15782387169871342, 3.9029142661518343], [-0.4323637868360325, 5.194141880346049], [-0.23721292405568115, 4.540353155529442], [0.013348519351224636, 4.4387118195793125], [-0.054117163841131966, 5.439960563937159], [-0.2769903763412182, 4.72311872257517], [0.4403202199435782, 2.3917632555904005], [-0.1538336103312377, 4.626086770145143], [0.3823423023523502, 4.7425088936468835], [-0.3344641463646196, 3.065048951227017], [0.06887789121474773, 2.86311565108472], [0.07064523858127351, 4.7656239178536], [0.02133354926781388, 5.388570298747561], [-0.16360220734717934, 4.261820577279192], [0.4968411090824136, 5.722428820175945], [-0.1368666297262715, 2.7613957399302826], [0.33027390891593694, 4.701423401295559], [0.42824496485345687, 4.983071263495097], [-0.07479822545377375, 2.5058443818828358]]","[[-0.735512375831604, 5.071609973907471, -0.41982975602149963], [-0.781180739402771, 4.064624309539795, -0.38334643840789795], [-2.0368833541870117, 5.954797744750977, 1.2460194826126099], [-1.690869688987732, 4.409207820892334, -0.17856155335903168], [1.8264570236206055, 4.0445404052734375, 0.09593416750431061], [0.806373119354248, 2.1923611164093018, -0.25782671570777893], [1.3069241046905518, 3.06561541557312, -0.8319397568702698], [-0.7704256176948547, 2.14143443107605, -0.08076226711273193], [-0.2747912108898163, 3.1189844608306885, -0.7235056161880493], [-1.3475202322006226, 4.6160688400268555, 0.7044112086296082], [0.5631309151649475, 2.9999711513519287, 0.12128958851099014], [2.097599744796753, 4.09572172164917, 0.3754720985889435], [-0.6919013261795044, 5.709843635559082, -0.6784160733222961], [1.0075819492340088, 5.458253383636475, -0.9442963004112244], [-0.8343181610107422, 5.747586250305176, -0.31557759642601013], [-0.42395034432411194, 5.697216510772705, -0.7365975975990295], [-1.16005277633667, 5.355739593505859, -0.8161808848381042], [2.0338191986083984, 4.5210676193237305, 0.5370109677314758], [2.2709784507751465, 4.476779937744141, -1.177621603012085], [0.6284419298171997, 5.218175411224365, 0.8114650249481201], [-1.6339755058288574, 5.771999359130859, -0.6272463202476501], [-0.6045415997505188, 1.4616477489471436, -0.4349193871021271], [1.6519150733947754, 4.408895492553711, -1.2341716289520264], [-0.6341307163238525, 1.4254730939865112, -0.7663598656654358], [1.311916470527649, 2.6942319869995117, -0.6828466653823853], [-0.21181979775428772, 2.891218423843384, -0.8401235938072205], [-1.1739826202392578, 5.660854816436768, -0.7993767261505127], [0.6671563982963562, 4.9510884284973145, 0.08018825948238373], [2.9315404891967773, 3.770655632019043, -0.6837735772132874], [0.9604702591896057, 4.650146961212158, -0.4360598027706146], [-0.1251818686723709, 3.9142308235168457, 0.487517774105072], [1.155704140663147, 5.119636535644531, -0.9208241105079651], [0.40122923254966736, 3.3697142601013184, -0.9827103018760681], [-0.36840492486953735, 1.3738999366760254, -0.6539188623428345], [1.0243852138519287, 4.614221096038818, -0.3322118818759918], [-0.7530555725097656, 4.44417667388916, 0.6593567728996277], [0.9093790054321289, 4.313949108123779, 0.5192649364471436], [-1.8733155727386475, 5.270479202270508, -0.5131598711013794], [-1.434418797492981, 2.976118564605713, -0.5435752868652344], [-0.5687529444694519, 4.522246837615967, -0.841819167137146], [-0.19513651728630066, 2.6252171993255615, -0.8968864679336548], [-0.9702979922294617, 4.599729061126709, -0.38003405928611755], [-1.2860043048858643, 5.646541118621826, 0.3764677941799164], [0.12379542738199234, 4.747463226318359, 0.05897322669625282], [1.2786457538604736, 4.711605072021484, -1.050066351890564], [0.9454124569892883, 5.1928606033325195, -1.166559100151062], [1.6238069534301758, 3.367189884185791, -0.2100205272436142], [0.2728913426399231, 5.443265914916992, -0.1400608867406845], [-1.419130563735962, 5.92277193069458, -0.41253772377967834], [0.2149532288312912, 4.130335807800293, -0.9113872647285461], [1.0732896327972412, 5.052921772003174, -0.8341825008392334], [-0.09902448207139969, 5.187546253204346, -0.7424336671829224], [0.8582029342651367, 4.764886379241943, 0.44744107127189636], [1.5730301141738892, 4.140717029571533, -0.9680286645889282], [-1.636739730834961, 1.527811884880066, -0.4118267893791199], [1.4634310007095337, 4.947659015655518, -0.586247444152832], [-0.9530563354492188, 1.1261926889419556, -0.6123627424240112], [1.8829679489135742, 4.095810890197754, -0.4020892083644867], [1.8801361322402954, 3.701002836227417, -1.0135948657989502], [1.8178768157958984, 3.4164793491363525, -1.193558692932129], [-1.8537741899490356, 5.257071495056152, -0.16569417715072632], [0.6224063634872437, 3.3841347694396973, 0.07435598969459534], [-0.3241429328918457, 1.4978622198104858, -0.8369688987731934], [-1.132378101348877, 4.613344192504883, 0.6494982838630676], [-0.8347647786140442, 1.0228068828582764, -0.6408416628837585], [-0.7489219307899475, 4.207465648651123, -0.6649905443191528], [0.5894699692726135, 3.0493807792663574, -0.371214896440506], [0.48165133595466614, 4.282543182373047, -1.097767949104309], [-0.6541420221328735, 3.9293251037597656, 0.15746080875396729], [2.132655143737793, 3.5374584197998047, -0.8258293867111206], [1.016788125038147, 3.7583773136138916, -0.6241424083709717], [0.11874957382678986, 4.134964942932129, 0.41843512654304504], [0.8666809797286987, 4.931448936462402, 0.09942346066236496], [1.3445065021514893, 3.680060386657715, -0.0017258523730561137], [-1.8155769109725952, 2.661280870437622, -0.19078916311264038], [0.7970044016838074, 4.040553092956543, -0.3839561641216278], [-1.3837485313415527, 4.844825267791748, 0.725816011428833], [0.22393612563610077, 2.443875789642334, -0.9251155853271484], [-0.8299883008003235, 2.935978412628174, -0.6277530789375305], [-0.01725850999355316, 4.645467281341553, -0.0787845328450203], [0.4716223478317261, 5.105075359344482, -0.0506548136472702], [0.650888979434967, 3.676102876663208, -0.11362805217504501], [-2.0552515983581543, 5.99753475189209, -0.12209191918373108], [-0.29389622807502747, 2.4829893112182617, -0.016923734918236732], [-1.3201606273651123, 4.948207378387451, -0.687322735786438], [-1.651635766029358, 5.2150959968566895, 0.20126692950725555], [-0.6076949834823608, 2.428687334060669, -0.4173581302165985]]"
2668,-1.9335110375623132,0.24720180001637448,-0.4833777593905783,0.07363722162030867,-0.0006610232754392138,0.5212422211140652,0.8502256580275303,-1.933574305564357,0.24774129929693567,-0.4852672309038088,0.07340464911038867,-0.0013595076180763863,0.5218245634076173,0.8498876597836131,"[75, 95, 190, 205, 229, 254, 382, 421, 429, 456, 467, 478, 490, 494, 585, 606, 669, 705, 874, 877, 1061, 1158, 1168, 1344, 1538, 1547, 1556, 1617, 1629, 1787, 1937, 1950, 1958, 2057, 2185, 2229, 2276, 2541, 2556, 2659, 2665, 2702, 2731, 2750, 2781, 2855, 2875, 2938, 3118, 3182, 3232, 3248, 3249, 3342, 3432, 3485, 3506, 3549, 3566, 3748, 3865, 3983, 4061, 4100, 4136, 4138, 4191, 4215, 4216, 4255, 4322, 4400, 4420, 4515, 4542, 4828, 4838, 4848, 4875]","[[0.2242895615167414, 4.970922009025912], [0.17345219571959133, 3.990526360636134], [0.5066413493784259, 5.965602019522892], [0.4143356952472578, 4.178095320530718], [-0.29539994353859766, 5.374040349286559], [-0.47452116407218026, 3.36850304925196], [0.03356484772174684, 5.16091669952472], [-0.39873174973666636, 4.308062124065923], [-0.059527172182786, 2.259794990790014], [-0.06873029048296259, 3.323271650144767], [0.356176267549382, 4.565371009208733], [-0.24651058692216665, 3.7646863535760615], [-0.3208437841292685, 5.640060201716236], [0.2392576420031209, 5.607334389685025], [0.2705359813976473, 5.610855070159798], [0.19188693691462969, 5.660092324738186], [-0.2544765092550854, 5.922101159227002], [0.019221389067946952, 5.739640476919809], [0.40774784396784924, 5.534883997802831], [-0.3564219939303842, 1.8019270935929586], [-0.46266058174629493, 4.069027514259328], [0.32017583274340805, 5.473979481288808], [-0.0255155810324736, 5.405126589749783], [-0.11358578303334509, 5.266148906648316], [0.2297630256276247, 5.928430641778395], [0.03684132042114488, 4.203933854902675], [-0.10875923374662261, 5.785334855180614], [-0.4901795005022009, 1.9363708115203169], [-0.12421898318731003, 5.276171835431067], [0.21787641774814198, 4.507970501910688], [-0.11651978465177336, 5.06125206440681], [0.4528940980587615, 5.024646963727407], [0.28224479916956413, 2.77457462765596], [0.249708260091947, 4.45776758722206], [0.36067129182364194, 5.504903290101304], [0.052939384782577224, 4.9778846184616325], [-0.1719962533455249, 5.52986574048959], [-0.37210561212676685, 4.740056321829765], [-0.07168724625486353, 4.1464691630944035], [0.07150199763534539, 5.655707428298054], [0.37601380719792454, 5.698762221947571], [-0.050582043335853644, 4.459824955904906], [-0.10117875867994695, 5.678463319818621], [0.10766510849040677, 5.276715978579052], [-0.06622323170191097, 5.393603300811553], [-0.28012043362031286, 5.261249092061816], [0.24363106833540468, 1.3170074282954294], [-0.16205005354267618, 5.801814376563718], [-0.3854166690773252, 1.3240678748583483], [-0.31182694975350606, 5.4198425994888115], [-0.3802367011726295, 5.172539283107982], [-0.42088063246557017, 4.960828153096021], [0.45358650470245776, 5.020424702424344], [-0.19613118200185026, 4.085383412268888], [0.30917660022031956, 4.580328282248834], [-0.5031522932432526, 1.3537547250279884], [-0.3172183315223726, 5.233386640291794], [0.16863444964294175, 4.1376315414729365], [-0.25926006853958944, 3.771638636105715], [0.1477962451706764, 3.9493955417642246], [-0.42869570021018116, 5.242271091085161], [-0.23715399581368907, 4.587353701652677], [-0.5000208157391243, 4.363078622463331], [0.007256278952420535, 4.486484165719876], [-0.05919934525747453, 5.486475076924979], [-0.28088255639963156, 4.772457958211527], [0.4263123613945644, 2.435847543259174], [-0.059610698884228014, 4.676211673795541], [-0.15633426293418748, 4.674763369855683], [0.3681873007631287, 4.785157358324876], [0.0710866027069242, 2.9097128090652182], [0.06561082671281686, 4.814743106531426], [0.017285741700540258, 5.438381141008453], [-0.16782711818204663, 4.30971774088223], [0.4920234221054289, 5.7635832394176845], [-0.14253218392940123, 2.810386967103967], [0.3298638794888217, 4.74596930930777], [0.41981265425637304, 5.02258839335589], [-0.07592621199715667, 2.5540523127481234]]","[[-0.735512375831604, 5.071609973907471, -0.41982975602149963], [-0.781180739402771, 4.064624309539795, -0.38334643840789795], [-2.0368833541870117, 5.954797744750977, 1.2460194826126099], [-1.690869688987732, 4.409207820892334, -0.17856155335903168], [1.8264570236206055, 4.0445404052734375, 0.09593416750431061], [0.806373119354248, 2.1923611164093018, -0.25782671570777893], [0.30824869871139526, 4.73850679397583, 0.7172616720199585], [1.3069241046905518, 3.06561541557312, -0.8319397568702698], [-0.7704256176948547, 2.14143443107605, -0.08076226711273193], [-0.2747912108898163, 3.1189844608306885, -0.7235056161880493], [-1.3475202322006226, 4.6160688400268555, 0.7044112086296082], [0.5631309151649475, 2.9999711513519287, 0.12128958851099014], [2.097599744796753, 4.09572172164917, 0.3754720985889435], [-0.6919013261795044, 5.709843635559082, -0.6784160733222961], [-0.8343181610107422, 5.747586250305176, -0.31557759642601013], [-0.42395034432411194, 5.697216510772705, -0.7365975975990295], [2.0338191986083984, 4.5210676193237305, 0.5370109677314758], [0.6284419298171997, 5.218175411224365, 0.8114650249481201], [-1.6339755058288574, 5.771999359130859, -0.6272463202476501], [-0.6045415997505188, 1.4616477489471436, -0.4349193871021271], [1.311916470527649, 2.6942319869995117, -0.6828466653823853], [-1.1739826202392578, 5.660854816436768, -0.7993767261505127], [0.6671563982963562, 4.9510884284973145, 0.08018825948238373], [0.9604702591896057, 4.650146961212158, -0.4360598027706146], [-0.4432789385318756, 5.759372234344482, 1.110603928565979], [-0.1251818686723709, 3.9142308235168457, 0.487517774105072], [1.155704140663147, 5.119636535644531, -0.9208241105079651], [-0.36840492486953735, 1.3738999366760254, -0.6539188623428345], [1.0243852138519287, 4.614221096038818, -0.3322118818759918], [-0.7530555725097656, 4.44417667388916, 0.6593567728996277], [0.9093790054321289, 4.313949108123779, 0.5192649364471436], [-1.8733155727386475, 5.270479202270508, -0.5131598711013794], [-1.434418797492981, 2.976118564605713, -0.5435752868652344], [-0.9702979922294617, 4.599729061126709, -0.38003405928611755], [-1.2860043048858643, 5.646541118621826, 0.3764677941799164], [0.12379542738199234, 4.747463226318359, 0.05897322669625282], [1.2786457538604736, 4.711605072021484, -1.050066351890564], [1.6238069534301758, 3.367189884185791, -0.2100205272436142], [0.23832537233829498, 3.6462972164154053, 0.48138654232025146], [0.2728913426399231, 5.443265914916992, -0.1400608867406845], [-1.419130563735962, 5.92277193069458, -0.41253772377967834], [0.2149532288312912, 4.130335807800293, -0.9113872647285461], [1.0732896327972412, 5.052921772003174, -0.8341825008392334], [-0.09902448207139969, 5.187546253204346, -0.7424336671829224], [0.8582029342651367, 4.764886379241943, 0.44744107127189636], [1.5730301141738892, 4.140717029571533, -0.9680286645889282], [-1.636739730834961, 1.527811884880066, -0.4118267893791199], [1.4634310007095337, 4.947659015655518, -0.586247444152832], [-0.9530563354492188, 1.1261926889419556, -0.6123627424240112], [1.8829679489135742, 4.095810890197754, -0.4020892083644867], [1.8801361322402954, 3.701002836227417, -1.0135948657989502], [1.8178768157958984, 3.4164793491363525, -1.193558692932129], [-1.8537741899490356, 5.257071495056152, -0.16569417715072632], [0.6224063634872437, 3.3841347694396973, 0.07435598969459534], [-1.132378101348877, 4.613344192504883, 0.6494982838630676], [-0.8347647786140442, 1.0228068828582764, -0.6408416628837585], [1.798193335533142, 3.787522315979004, 0.46751636266708374], [-0.7489219307899475, 4.207465648651123, -0.6649905443191528], [0.5894699692726135, 3.0493807792663574, -0.371214896440506], [-0.6541420221328735, 3.9293251037597656, 0.15746080875396729], [2.132655143737793, 3.5374584197998047, -0.8258293867111206], [1.016788125038147, 3.7583773136138916, -0.6241424083709717], [1.6791714429855347, 2.608917236328125, 0.1538100242614746], [0.11874957382678986, 4.134964942932129, 0.41843512654304504], [0.8666809797286987, 4.931448936462402, 0.09942346066236496], [1.3445065021514893, 3.680060386657715, -0.0017258523730561137], [-1.8155769109725952, 2.661280870437622, -0.19078916311264038], [0.4667784869670868, 4.105175495147705, 0.6162322163581848], [0.7970044016838074, 4.040553092956543, -0.3839561641216278], [-1.3837485313415527, 4.844825267791748, 0.725816011428833], [-0.8299883008003235, 2.935978412628174, -0.6277530789375305], [-0.01725850999355316, 4.645467281341553, -0.0787845328450203], [0.4716223478317261, 5.105075359344482, -0.0506548136472702], [0.650888979434967, 3.676102876663208, -0.11362805217504501], [-2.0552515983581543, 5.99753475189209, -0.12209191918373108], [-0.29389622807502747, 2.4829893112182617, -0.016923734918236732], [-1.3201606273651123, 4.948207378387451, -0.687322735786438], [-1.651635766029358, 5.2150959968566895, 0.20126692950725555], [-0.6076949834823608, 2.428687334060669, -0.4173581302165985]]"
2670,-1.9570674011891953,0.2016629447299811,-0.4892668502972988,0.052710879594287635,-0.023085482297984957,0.5210335126346433,0.851594212281337,-1.9564628506179211,0.20124098938482513,-0.49126952111426897,0.05341431613015353,-0.022939337684701043,0.5205005096688494,0.8518802245934597,"[75, 95, 205, 229, 254, 382, 421, 429, 456, 467, 478, 490, 494, 585, 606, 625, 656, 669, 705, 874, 877, 1024, 1061, 1158, 1168, 1344, 1538, 1547, 1556, 1617, 1629, 1787, 1937, 1950, 1958, 2057, 2158, 2185, 2229, 2541, 2556, 2659, 2665, 2731, 2750, 2781, 2855, 2875, 2938, 3118, 3182, 3224, 3232, 3249, 3342, 3432, 3485, 3506, 3542, 3549, 3566, 3690, 3748, 3865, 3983, 4061, 4086, 4100, 4107, 4136, 4138, 4191, 4215, 4216, 4255, 4322, 4400, 4420, 4515, 4542, 4828, 4838, 4848, 4867, 4875]","[[0.22399443323728854, 5.017256615825854], [0.17501261747963084, 4.035215646360811], [0.4109416337587925, 4.225039350065613], [-0.2984836054674382, 5.42148434964512], [-0.4706103934758388, 3.4106606931174777], [0.02202422126093256, 5.209178613863403], [-0.38721720721167235, 4.352918829348996], [-0.06696392861639626, 2.3060056764376866], [-0.05979368021741879, 3.373503803620502], [0.34083394535150136, 4.610708493655872], [-0.24828371433269972, 3.8111601820641434], [-0.3209049626116192, 5.684700798659429], [0.2426550681104682, 5.650864846723223], [0.272703395627944, 5.659640686765054], [0.19289933198015946, 5.708456974213465], [-0.24042643401642474, 4.518498585177361], [0.3163887944498089, 5.2224198910691], [-0.2599305746659131, 5.966416209181701], [0.007698644393846354, 5.790225838158823], [0.41355913202474176, 5.578678141543953], [-0.34865743426140083, 1.8467101213678818], [-0.2325873035633547, 2.798291650789183], [-0.4546131479347443, 4.11306508299725], [0.32663418428177654, 5.5211401376735045], [-0.030065860513931654, 5.454056790586996], [-0.11060614046834454, 5.317477261653825], [0.21869377067644, 5.975674864548245], [0.026123474664843237, 4.252107558928331], [-0.0994328509851274, 5.834447724617244], [-0.47441443732588096, 1.9802943865849327], [-0.12289736784915602, 5.324235269562209], [0.2067905117145378, 4.554032990196165], [-0.12313155306867642, 5.108523039199512], [0.45459302825428116, 5.066454047777279], [0.2840780767992678, 2.8226326424699364], [0.2502508865899916, 4.506035803181664], [-0.4319567665010039, 3.435660612182983], [0.35226978250421115, 5.551348126358884], [0.04664869560144185, 5.02673046049976], [-0.3718874057007976, 4.785100741233711], [-0.08014206409500858, 4.194709572579974], [0.07272691599034437, 5.705083442445131], [0.3784724867995822, 5.74422224605838], [-0.09572030061959627, 5.727774256647861], [0.11151556722510267, 5.323951817742575], [-0.07107455823526775, 5.438992442760647], [-0.2689479034670486, 5.308005558104372], [0.23603432084317175, 1.3627340103070775], [-0.15576637642272564, 5.846788654517308], [-0.3686154185068234, 1.3668747339810232], [-0.30628645539665633, 5.467069036614673], [-0.2353200231046631, 5.785404184426832], [-0.373562988183365, 5.218140452986067], [0.4508183624941274, 5.063701975479729], [-0.20076155499719345, 4.131511300467003], [0.29451290321782314, 4.628654081698127], [-0.48042042414011993, 1.3975098227637706], [-0.3225455301626934, 5.27694306225664], [0.5144889644802967, 2.4681728801557496], [0.17403983730182512, 4.18385745716386], [-0.25750149343313844, 3.81834928728464], [-0.5098269282834602, 5.236470464045277], [0.1424602616221138, 3.9974505965114218], [-0.4227703933352942, 5.285297546906082], [-0.22957907483680137, 4.63545007990545], [-0.49997380307555583, 4.4059803543284115], [-0.020199081866711568, 1.0586561185931453], [-0.0018184985684483437, 4.53640669522978], [0.15722672107483013, 4.184372882980141], [-0.06108960118142994, 5.536236485177527], [-0.28059492695712734, 4.818522420666841], [0.41759819047857843, 2.479225780156571], [-0.0669907313786685, 4.722663662702822], [-0.1514494698880427, 4.722876079740266], [0.3576367984693953, 4.830051387594617], [0.07653429181181488, 2.9581500374240393], [0.0641239151827386, 4.863017091583948], [0.013874521301251563, 5.48739671663767], [-0.1669757630737968, 4.35819834845538], [0.4903122961529182, 5.805199732425536], [-0.1453360041941754, 2.8587488110405017], [0.3341494398819042, 4.791124420680428], [0.41289825183213347, 5.0663245478470245], [-0.2497718554497207, 3.258079228341103], [-0.07230595639785133, 2.6023862838509797]]","[[-0.735512375831604, 5.071609973907471, -0.41982975602149963], [-0.781180739402771, 4.064624309539795, -0.38334643840789795], [-1.690869688987732, 4.409207820892334, -0.17856155335903168], [1.8264570236206055, 4.0445404052734375, 0.09593416750431061], [0.806373119354248, 2.1923611164093018, -0.25782671570777893], [0.30824869871139526, 4.73850679397583, 0.7172616720199585], [1.3069241046905518, 3.06561541557312, -0.8319397568702698], [-0.7704256176948547, 2.14143443107605, -0.08076226711273193], [-0.2747912108898163, 3.1189844608306885, -0.7235056161880493], [-1.3475202322006226, 4.6160688400268555, 0.7044112086296082], [0.5631309151649475, 2.9999711513519287, 0.12128958851099014], [2.097599744796753, 4.09572172164917, 0.3754720985889435], [-0.6919013261795044, 5.709843635559082, -0.6784160733222961], [-0.8343181610107422, 5.747586250305176, -0.31557759642601013], [-0.42395034432411194, 5.697216510772705, -0.7365975975990295], [0.9735420346260071, 3.477978229522705, 0.5639318823814392], [-1.16005277633667, 5.355739593505859, -0.8161808848381042], [2.0338191986083984, 4.5210676193237305, 0.5370109677314758], [0.6284419298171997, 5.218175411224365, 0.8114650249481201], [-1.6339755058288574, 5.771999359130859, -0.6272463202476501], [-0.6045415997505188, 1.4616477489471436, -0.4349193871021271], [-0.15580470860004425, 2.233808755874634, 0.1942511945962906], [1.311916470527649, 2.6942319869995117, -0.6828466653823853], [-1.1739826202392578, 5.660854816436768, -0.7993767261505127], [0.6671563982963562, 4.9510884284973145, 0.08018825948238373], [0.9604702591896057, 4.650146961212158, -0.4360598027706146], [-0.4432789385318756, 5.759372234344482, 1.110603928565979], [-0.1251818686723709, 3.9142308235168457, 0.487517774105072], [1.155704140663147, 5.119636535644531, -0.9208241105079651], [-0.36840492486953735, 1.3738999366760254, -0.6539188623428345], [1.0243852138519287, 4.614221096038818, -0.3322118818759918], [-0.7530555725097656, 4.44417667388916, 0.6593567728996277], [0.9093790054321289, 4.313949108123779, 0.5192649364471436], [-1.8733155727386475, 5.270479202270508, -0.5131598711013794], [-1.434418797492981, 2.976118564605713, -0.5435752868652344], [-0.9702979922294617, 4.599729061126709, -0.38003405928611755], [0.7296291589736938, 2.2370800971984863, 0.18609796464443207], [-1.2860043048858643, 5.646541118621826, 0.3764677941799164], [0.12379542738199234, 4.747463226318359, 0.05897322669625282], [1.6238069534301758, 3.367189884185791, -0.2100205272436142], [0.23832537233829498, 3.6462972164154053, 0.48138654232025146], [0.2728913426399231, 5.443265914916992, -0.1400608867406845], [-1.419130563735962, 5.92277193069458, -0.41253772377967834], [1.0732896327972412, 5.052921772003174, -0.8341825008392334], [-0.09902448207139969, 5.187546253204346, -0.7424336671829224], [0.8582029342651367, 4.764886379241943, 0.44744107127189636], [1.5730301141738892, 4.140717029571533, -0.9680286645889282], [-1.636739730834961, 1.527811884880066, -0.4118267893791199], [1.4634310007095337, 4.947659015655518, -0.586247444152832], [-0.9530563354492188, 1.1261926889419556, -0.6123627424240112], [1.8829679489135742, 4.095810890197754, -0.4020892083644867], [1.7741444110870361, 4.417745590209961, 0.8527701497077942], [1.8801361322402954, 3.701002836227417, -1.0135948657989502], [-1.8537741899490356, 5.257071495056152, -0.16569417715072632], [0.6224063634872437, 3.3841347694396973, 0.07435598969459534], [-1.132378101348877, 4.613344192504883, 0.6494982838630676], [-0.8347647786140442, 1.0228068828582764, -0.6408416628837585], [1.798193335533142, 3.787522315979004, 0.46751636266708374], [-2.0503463745117188, 2.580843210220337, 0.16788677871227264], [-0.7489219307899475, 4.207465648651123, -0.6649905443191528], [0.5894699692726135, 3.0493807792663574, -0.371214896440506], [2.3693573474884033, 2.9616832733154297, 0.5697939991950989], [-0.6541420221328735, 3.9293251037597656, 0.15746080875396729], [2.132655143737793, 3.5374584197998047, -0.8258293867111206], [1.016788125038147, 3.7583773136138916, -0.6241424083709717], [1.6791714429855347, 2.608917236328125, 0.1538100242614746], [-1.4563474655151367, 1.1021748781204224, -0.2318693995475769], [0.11874957382678986, 4.134964942932129, 0.41843512654304504], [-0.6581828594207764, 4.016554832458496, 0.644450843334198], [0.8666809797286987, 4.931448936462402, 0.09942346066236496], [1.3445065021514893, 3.680060386657715, -0.0017258523730561137], [-1.8155769109725952, 2.661280870437622, -0.19078916311264038], [0.4667784869670868, 4.105175495147705, 0.6162322163581848], [0.7970044016838074, 4.040553092956543, -0.3839561641216278], [-1.3837485313415527, 4.844825267791748, 0.725816011428833], [-0.8299883008003235, 2.935978412628174, -0.6277530789375305], [-0.01725850999355316, 4.645467281341553, -0.0787845328450203], [0.4716223478317261, 5.105075359344482, -0.0506548136472702], [0.650888979434967, 3.676102876663208, -0.11362805217504501], [-2.0552515983581543, 5.99753475189209, -0.12209191918373108], [-0.29389622807502747, 2.4829893112182617, -0.016923734918236732], [-1.3201606273651123, 4.948207378387451, -0.687322735786438], [-1.651635766029358, 5.2150959968566895, 0.20126692950725555], [0.1801232248544693, 2.5401113033294678, 0.28212225437164307], [-0.6076949834823608, 2.428687334060669, -0.4173581302165985]]"
2672,-1.9736277635925135,0.1597247898303404,-0.49340694089812837,0.029144060848988844,-0.04072516332860641,0.5205125086463139,0.8523841933845383,-1.9757395415513512,0.1597969312296823,-0.4918026654913169,0.029353637058760748,-0.041254650817576746,0.520526771810268,0.8523428286822878,"[75, 95, 205, 229, 239, 254, 382, 421, 424, 429, 456, 467, 478, 490, 494, 585, 606, 625, 656, 705, 874, 877, 1024, 1061, 1158, 1168, 1344, 1547, 1556, 1617, 1629, 1787, 1937, 1950, 1958, 2057, 2158, 2185, 2229, 2302, 2541, 2556, 2572, 2659, 2665, 2731, 2750, 2781, 2875, 2938, 3127, 3182, 3224, 3249, 3342, 3432, 3506, 3549, 3566, 3690, 3735, 3748, 3865, 3983, 4061, 4086, 4100, 4107, 4136, 4138, 4191, 4215, 4216, 4255, 4322, 4400, 4420, 4515, 4542, 4703, 4828, 4838, 4848, 4867, 4875]","[[0.22831140660984825, 5.068412251728656], [0.1790635458516219, 4.085932025245229], [0.4067703889266352, 4.270223316914058], [-0.29740145714305366, 5.466281765571861], [-0.2583869594898326, 5.517881948447911], [-0.4635572825756013, 3.4519579286606277], [0.012152433198364357, 5.25823012839923], [-0.37803644428564803, 4.394499600661602], [0.01936299108886086, 3.4572630775940043], [-0.070831022224825, 2.354654527314446], [-0.04800031926962391, 3.419475974070324], [0.32965959178300247, 4.6571339020140545], [-0.25106802616754564, 3.856618140562601], [-0.32485460647574066, 5.7302935685678245], [0.24635368931175092, 5.700428587996315], [0.27390500229396214, 5.70547942615007], [0.20272931550519008, 5.755645883209248], [-0.24629478693819976, 4.561372068541922], [0.3217512289479746, 5.268375350063797], [0.0007833892249955825, 5.837107825739881], [0.4165646474237566, 5.622865747871156], [-0.33789805022983055, 1.8910054355244807], [-0.2398694011815478, 2.840165639220789], [-0.4438037457863352, 4.153503238720255], [0.3321399088432963, 5.567239304393878], [-0.028887471887900147, 5.501225457740399], [-0.10482840675649699, 5.362983091241365], [0.018508102881796554, 4.298582766511086], [-0.08964154234681959, 5.880258856349737], [-0.4534111807904303, 2.019776338143457], [-0.1200542058447775, 5.372936577193414], [0.19515561541878348, 4.60094002491965], [-0.1301813347705136, 5.156865257607856], [0.4550662799326074, 5.11327582125943], [0.286870551447929, 2.8669273980840226], [0.25243428664530565, 4.554249898769648], [-0.4334768233857175, 3.476930931339567], [0.3463654115880271, 5.596898685052329], [0.04646571860332042, 5.075415407776323], [-0.5066724584974559, 4.739885597243204], [-0.3670039095587154, 4.829250403590565], [-0.08722661112274918, 4.240072076583322], [-0.2878512804543249, 4.874285047669666], [0.07360663414257758, 5.753188140280196], [0.37857830497786327, 5.789925369582257], [-0.08389026822398227, 5.7737370436465785], [0.1161061614862645, 5.370593256008344], [-0.07669279252739238, 5.489285937769982], [0.23243803950126346, 1.4123738072404508], [-0.14840471913526054, 5.893215805003399], [-0.3563042625692027, 3.9947440507349237], [-0.30232748369972945, 5.510646487880755], [-0.24231732542375653, 5.83014177057357], [0.4499810014071504, 5.108057393421108], [-0.20214745016217037, 4.1785686219652405], [0.28438223955030134, 4.673477709264536], [-0.3256992585998889, 5.319995705318806], [0.18181021337815348, 4.231944645584165], [-0.25107453278982156, 3.864841764658377], [-0.5142118307868375, 5.276184943818117], [-0.3789669336683113, 3.743242334768181], [0.13679553028002508, 4.045595909138721], [-0.41082743939837496, 5.324043582933864], [-0.2208072495782026, 4.679813526175085], [-0.4995218569017781, 4.445385149600777], [-0.025235135932178368, 1.1045397394428793], [-0.00942189822349557, 4.5836211742750175], [0.14497434734866432, 4.229758601386662], [-0.06315537925270659, 5.583738593235239], [-0.2809878587588917, 4.8629624210148625], [0.4096008300558453, 2.5229768427272705], [-0.07645815970627232, 4.76998550163638], [-0.14752068730664372, 4.767233419756108], [0.3421873975373746, 4.87634198631524], [0.08371866087049924, 3.0046804887955982], [0.06427430510695828, 4.910749222768714], [0.015183824332732769, 5.535503132628733], [-0.1653612354636114, 4.405169666677063], [0.48615477912205396, 5.850550295642982], [-0.09114489418635827, 5.5236089563554165], [-0.1510574855809676, 2.90647465049971], [0.34079766255205857, 4.839580341179138], [0.408227238603635, 5.112521880599777], [-0.25408392207501856, 3.3024687292961166], [-0.06806782271361894, 2.6493646158103332]]","[[-0.735512375831604, 5.071609973907471, -0.41982975602149963], [-0.781180739402771, 4.064624309539795, -0.38334643840789795], [-1.690869688987732, 4.409207820892334, -0.17856155335903168], [1.8264570236206055, 4.0445404052734375, 0.09593416750431061], [1.6176284551620483, 4.096442222595215, 0.938147783279419], [0.806373119354248, 2.1923611164093018, -0.25782671570777893], [0.30824869871139526, 4.73850679397583, 0.7172616720199585], [1.3069241046905518, 3.06561541557312, -0.8319397568702698], [-0.5038958191871643, 3.150254726409912, 0.4329964220523834], [-0.7704256176948547, 2.14143443107605, -0.08076226711273193], [-0.2747912108898163, 3.1189844608306885, -0.7235056161880493], [-1.3475202322006226, 4.6160688400268555, 0.7044112086296082], [0.5631309151649475, 2.9999711513519287, 0.12128958851099014], [2.097599744796753, 4.09572172164917, 0.3754720985889435], [-0.6919013261795044, 5.709843635559082, -0.6784160733222961], [-0.8343181610107422, 5.747586250305176, -0.31557759642601013], [-0.42395034432411194, 5.697216510772705, -0.7365975975990295], [0.9735420346260071, 3.477978229522705, 0.5639318823814392], [-1.16005277633667, 5.355739593505859, -0.8161808848381042], [0.6284419298171997, 5.218175411224365, 0.8114650249481201], [-1.6339755058288574, 5.771999359130859, -0.6272463202476501], [-0.6045415997505188, 1.4616477489471436, -0.4349193871021271], [-0.15580470860004425, 2.233808755874634, 0.1942511945962906], [1.311916470527649, 2.6942319869995117, -0.6828466653823853], [-1.1739826202392578, 5.660854816436768, -0.7993767261505127], [0.6671563982963562, 4.9510884284973145, 0.08018825948238373], [0.9604702591896057, 4.650146961212158, -0.4360598027706146], [-0.1251818686723709, 3.9142308235168457, 0.487517774105072], [1.155704140663147, 5.119636535644531, -0.9208241105079651], [-0.36840492486953735, 1.3738999366760254, -0.6539188623428345], [1.0243852138519287, 4.614221096038818, -0.3322118818759918], [-0.7530555725097656, 4.44417667388916, 0.6593567728996277], [0.9093790054321289, 4.313949108123779, 0.5192649364471436], [-1.8733155727386475, 5.270479202270508, -0.5131598711013794], [-1.434418797492981, 2.976118564605713, -0.5435752868652344], [-0.9702979922294617, 4.599729061126709, -0.38003405928611755], [0.7296291589736938, 2.2370800971984863, 0.18609796464443207], [-1.2860043048858643, 5.646541118621826, 0.3764677941799164], [0.12379542738199234, 4.747463226318359, 0.05897322669625282], [1.8903381824493408, 2.692002058029175, 0.5670227408409119], [1.6238069534301758, 3.367189884185791, -0.2100205272436142], [0.23832537233829498, 3.6462972164154053, 0.48138654232025146], [1.2931238412857056, 3.53771710395813, 0.7972477078437805], [0.2728913426399231, 5.443265914916992, -0.1400608867406845], [-1.419130563735962, 5.92277193069458, -0.41253772377967834], [1.0732896327972412, 5.052921772003174, -0.8341825008392334], [-0.09902448207139969, 5.187546253204346, -0.7424336671829224], [0.8582029342651367, 4.764886379241943, 0.44744107127189636], [-1.636739730834961, 1.527811884880066, -0.4118267893791199], [1.4634310007095337, 4.947659015655518, -0.586247444152832], [0.9084689617156982, 2.7410616874694824, 0.50437331199646], [1.8829679489135742, 4.095810890197754, -0.4020892083644867], [1.7741444110870361, 4.417745590209961, 0.8527701497077942], [-1.8537741899490356, 5.257071495056152, -0.16569417715072632], [0.6224063634872437, 3.3841347694396973, 0.07435598969459534], [-1.132378101348877, 4.613344192504883, 0.6494982838630676], [1.798193335533142, 3.787522315979004, 0.46751636266708374], [-0.7489219307899475, 4.207465648651123, -0.6649905443191528], [0.5894699692726135, 3.0493807792663574, -0.371214896440506], [2.3693573474884033, 2.9616832733154297, 0.5697939991950989], [0.7728717923164368, 2.505786895751953, 0.4832989275455475], [-0.6541420221328735, 3.9293251037597656, 0.15746080875396729], [2.132655143737793, 3.5374584197998047, -0.8258293867111206], [1.016788125038147, 3.7583773136138916, -0.6241424083709717], [1.6791714429855347, 2.608917236328125, 0.1538100242614746], [-1.4563474655151367, 1.1021748781204224, -0.2318693995475769], [0.11874957382678986, 4.134964942932129, 0.41843512654304504], [-0.6581828594207764, 4.016554832458496, 0.644450843334198], [0.8666809797286987, 4.931448936462402, 0.09942346066236496], [1.3445065021514893, 3.680060386657715, -0.0017258523730561137], [-1.8155769109725952, 2.661280870437622, -0.19078916311264038], [0.4667784869670868, 4.105175495147705, 0.6162322163581848], [0.7970044016838074, 4.040553092956543, -0.3839561641216278], [-1.3837485313415527, 4.844825267791748, 0.725816011428833], [-0.8299883008003235, 2.935978412628174, -0.6277530789375305], [-0.01725850999355316, 4.645467281341553, -0.0787845328450203], [0.4716223478317261, 5.105075359344482, -0.0506548136472702], [0.650888979434967, 3.676102876663208, -0.11362805217504501], [-2.0552515983581543, 5.99753475189209, -0.12209191918373108], [0.8937721848487854, 4.650120735168457, 0.9672383666038513], [-0.29389622807502747, 2.4829893112182617, -0.016923734918236732], [-1.3201606273651123, 4.948207378387451, -0.687322735786438], [-1.651635766029358, 5.2150959968566895, 0.20126692950725555], [0.1801232248544693, 2.5401113033294678, 0.28212225437164307], [-0.6076949834823608, 2.428687334060669, -0.4173581302165985]]"
2674,-1.9875640874267642,0.11065061136471839,-0.49689102185669104,-0.0005608858717263297,-0.05624021058208899,0.5199484392189685,0.8523440295294382,-1.986575274915922,0.10804319872306124,-0.49846282175030915,-0.0002237953046596209,-0.056509979719478805,0.5192105993593852,0.8527760114007861,"[75, 95, 205, 229, 239, 254, 382, 424, 429, 456, 478, 490, 494, 585, 606, 625, 656, 705, 874, 877, 1024, 1061, 1158, 1168, 1344, 1442, 1445, 1547, 1556, 1629, 1695, 1787, 1937, 1950, 1958, 2004, 2057, 2158, 2185, 2229, 2302, 2541, 2556, 2572, 2617, 2659, 2665, 2731, 2750, 2781, 2875, 2938, 3127, 3182, 3224, 3249, 3342, 3432, 3506, 3549, 3566, 3690, 3735, 3748, 3865, 3983, 4061, 4086, 4100, 4136, 4138, 4191, 4215, 4216, 4237, 4322, 4400, 4420, 4515, 4542, 4703, 4828, 4838, 4848, 4867, 4875]","[[0.23140515814922957, 5.113930080512859], [0.1799944316399456, 4.133296585865173], [0.4013259217676924, 4.317227857019122], [-0.2966609982827532, 5.5087581303009765], [-0.2655830763292009, 5.559788757075487], [-0.45600148019521697, 3.4891033286008275], [0.002452396222261812, 5.304334479113313], [0.007565793019122719, 3.504108796784284], [-0.07131122530380793, 2.3996711770954398], [-0.036314066444765446, 3.4668135473866215], [-0.25146554730269854, 3.9017816380641857], [-0.32653905002813866, 5.770783141176061], [0.2539000760611741, 5.748275777768409], [0.2741210161977364, 5.753690063592285], [0.20661001140710591, 5.803897371983952], [-0.25133669324931773, 4.604635949354887], [0.3275503929526573, 5.317542730167574], [-0.005862883571616776, 5.885855175823041], [0.4183471612307923, 5.671040937687327], [-0.3215428623837012, 1.931539915148602], [-0.24212062475475735, 2.8856747659369173], [-0.4291873337520994, 4.192226254413622], [0.33787615241149965, 5.612530283667819], [-0.029491382222859384, 5.547517615988434], [-0.09940833530775343, 5.411368274018455], [0.28622762516381, 3.7557642371450837], [-0.5144974785446286, 5.856316624574192], [0.010233552770307252, 4.345070613750758], [-0.08145877810463518, 5.927107085819775], [-0.11346923181996749, 5.417848320740535], [0.5191039003244671, 4.428113267262423], [0.18108168931184282, 4.648654620474095], [-0.13362663398034602, 5.202659942629336], [0.4563928455014959, 5.156523265936542], [0.2903280070260253, 2.915087747498167], [0.1724628002343187, 4.644313429106128], [0.25533302668293456, 4.600979022149963], [-0.4358215351479167, 3.515883527857919], [0.3407433350684136, 5.643973827620026], [0.04389249206254179, 5.122432774664339], [-0.5099843626612847, 4.776282229456983], [-0.3601187835260337, 4.8699967931321995], [-0.09479077846604889, 4.290182779107556], [-0.29336524623902144, 4.914931811646606], [-0.2302439540705827, 4.70507720136792], [0.07284625065354813, 5.800286093765791], [0.3814984599596369, 5.837337720690159], [-0.07555201362583452, 5.821629763236399], [0.12476975878581073, 5.419878059701785], [-0.0791971885307747, 5.533597131993732], [0.23234342522069806, 1.4571493077155715], [-0.1406034115079452, 5.938775160743401], [-0.36319712879206917, 4.035950737016278], [-0.2944735851305602, 5.553848543378666], [-0.248631633996614, 5.873686969888074], [0.44656467509710435, 5.156330879709867], [-0.20027908736815386, 4.222898682071295], [0.27060843561281595, 4.721650407868809], [-0.3273738375578639, 5.364608422179968], [0.1859238552424826, 4.279575762350654], [-0.24572513589242817, 3.90843160860864], [-0.5189456175461058, 5.314453601093022], [-0.3835169409600156, 3.7829627691760694], [0.13094341527717074, 4.093530743786317], [-0.39993171299697033, 5.366231142271951], [-0.21161027323089787, 4.725519669345284], [-0.4970306331664181, 4.482907400080135], [-0.026137953018783536, 1.1526124480127415], [-0.014134850251863739, 4.628916789659746], [-0.05997211958358785, 5.630229015544486], [-0.2778204323735466, 4.905338582917772], [0.40137902796705727, 2.5729866734095714], [-0.08404814496250787, 4.815111266919994], [-0.14042293495330765, 4.8138986372785535], [-0.5190557155095932, 5.501132478192207], [0.09332933492118467, 3.053367298396747], [0.06436120126711446, 4.960404822751663], [0.015663461567494905, 5.5831996308790455], [-0.16441642086519992, 4.449266263526005], [0.4835985950046119, 5.896680759492505], [-0.09980112282794558, 5.570703592833863], [-0.1484057849668274, 2.9511631678597117], [0.3444088969680837, 4.884211270652557], [0.40044689593221233, 5.159609861455922], [-0.2597204918942498, 3.3461687660229718], [-0.06161135780885563, 2.6961270373500956]]","[[-0.735512375831604, 5.071609973907471, -0.41982975602149963], [-0.781180739402771, 4.064624309539795, -0.38334643840789795], [-1.690869688987732, 4.409207820892334, -0.17856155335903168], [1.8264570236206055, 4.0445404052734375, 0.09593416750431061], [1.6176284551620483, 4.096442222595215, 0.938147783279419], [0.806373119354248, 2.1923611164093018, -0.25782671570777893], [0.30824869871139526, 4.73850679397583, 0.7172616720199585], [-0.5038958191871643, 3.150254726409912, 0.4329964220523834], [-0.7704256176948547, 2.14143443107605, -0.08076226711273193], [-0.2747912108898163, 3.1189844608306885, -0.7235056161880493], [0.5631309151649475, 2.9999711513519287, 0.12128958851099014], [2.097599744796753, 4.09572172164917, 0.3754720985889435], [-0.6919013261795044, 5.709843635559082, -0.6784160733222961], [-0.8343181610107422, 5.747586250305176, -0.31557759642601013], [-0.42395034432411194, 5.697216510772705, -0.7365975975990295], [0.9735420346260071, 3.477978229522705, 0.5639318823814392], [-1.16005277633667, 5.355739593505859, -0.8161808848381042], [0.6284419298171997, 5.218175411224365, 0.8114650249481201], [-1.6339755058288574, 5.771999359130859, -0.6272463202476501], [-0.6045415997505188, 1.4616477489471436, -0.4349193871021271], [-0.15580470860004425, 2.233808755874634, 0.1942511945962906], [1.311916470527649, 2.6942319869995117, -0.6828466653823853], [-1.1739826202392578, 5.660854816436768, -0.7993767261505127], [0.6671563982963562, 4.9510884284973145, 0.08018825948238373], [0.9604702591896057, 4.650146961212158, -0.4360598027706146], [-1.2429896593093872, 3.776762008666992, -0.8402048349380493], [2.9111156463623047, 3.324728012084961, -0.47646963596343994], [-0.1251818686723709, 3.9142308235168457, 0.487517774105072], [1.155704140663147, 5.119636535644531, -0.9208241105079651], [1.0243852138519287, 4.614221096038818, -0.3322118818759918], [-2.1223397254943848, 4.517705917358398, -0.9276341795921326], [-0.7530555725097656, 4.44417667388916, 0.6593567728996277], [0.9093790054321289, 4.313949108123779, 0.5192649364471436], [-1.8733155727386475, 5.270479202270508, -0.5131598711013794], [-1.434418797492981, 2.976118564605713, -0.5435752868652344], [-0.5687529444694519, 4.522246837615967, -0.841819167137146], [-0.9702979922294617, 4.599729061126709, -0.38003405928611755], [0.7296291589736938, 2.2370800971984863, 0.18609796464443207], [-1.2860043048858643, 5.646541118621826, 0.3764677941799164], [0.12379542738199234, 4.747463226318359, 0.05897322669625282], [1.8903381824493408, 2.692002058029175, 0.5670227408409119], [1.6238069534301758, 3.367189884185791, -0.2100205272436142], [0.23832537233829498, 3.6462972164154053, 0.48138654232025146], [1.2931238412857056, 3.53771710395813, 0.7972477078437805], [0.9247138500213623, 3.581916570663452, 0.7817375659942627], [0.2728913426399231, 5.443265914916992, -0.1400608867406845], [-1.419130563735962, 5.92277193069458, -0.41253772377967834], [1.0732896327972412, 5.052921772003174, -0.8341825008392334], [-0.09902448207139969, 5.187546253204346, -0.7424336671829224], [0.8582029342651367, 4.764886379241943, 0.44744107127189636], [-1.636739730834961, 1.527811884880066, -0.4118267893791199], [1.4634310007095337, 4.947659015655518, -0.586247444152832], [0.9084689617156982, 2.7410616874694824, 0.50437331199646], [1.8829679489135742, 4.095810890197754, -0.4020892083644867], [1.7741444110870361, 4.417745590209961, 0.8527701497077942], [-1.8537741899490356, 5.257071495056152, -0.16569417715072632], [0.6224063634872437, 3.3841347694396973, 0.07435598969459534], [-1.132378101348877, 4.613344192504883, 0.6494982838630676], [1.798193335533142, 3.787522315979004, 0.46751636266708374], [-0.7489219307899475, 4.207465648651123, -0.6649905443191528], [0.5894699692726135, 3.0493807792663574, -0.371214896440506], [2.3693573474884033, 2.9616832733154297, 0.5697939991950989], [0.7728717923164368, 2.505786895751953, 0.4832989275455475], [-0.6541420221328735, 3.9293251037597656, 0.15746080875396729], [2.132655143737793, 3.5374584197998047, -0.8258293867111206], [1.016788125038147, 3.7583773136138916, -0.6241424083709717], [1.6791714429855347, 2.608917236328125, 0.1538100242614746], [-1.4563474655151367, 1.1021748781204224, -0.2318693995475769], [0.11874957382678986, 4.134964942932129, 0.41843512654304504], [0.8666809797286987, 4.931448936462402, 0.09942346066236496], [1.3445065021514893, 3.680060386657715, -0.0017258523730561137], [-1.8155769109725952, 2.661280870437622, -0.19078916311264038], [0.4667784869670868, 4.105175495147705, 0.6162322163581848], [0.7970044016838074, 4.040553092956543, -0.3839561641216278], [2.6248092651367188, 3.1006593704223633, -0.2550883889198303], [-0.8299883008003235, 2.935978412628174, -0.6277530789375305], [-0.01725850999355316, 4.645467281341553, -0.0787845328450203], [0.4716223478317261, 5.105075359344482, -0.0506548136472702], [0.650888979434967, 3.676102876663208, -0.11362805217504501], [-2.0552515983581543, 5.99753475189209, -0.12209191918373108], [0.8937721848487854, 4.650120735168457, 0.9672383666038513], [-0.29389622807502747, 2.4829893112182617, -0.016923734918236732], [-1.3201606273651123, 4.948207378387451, -0.687322735786438], [-1.651635766029358, 5.2150959968566895, 0.20126692950725555], [0.1801232248544693, 2.5401113033294678, 0.28212225437164307], [-0.6076949834823608, 2.428687334060669, -0.4173581302165985]]"
2676,-1.9959596710488445,0.06340312760144094,-0.49898991776221113,-0.028471781353997486,-0.06503313034858009,0.520005199644965,0.8512077548787927,-1.9955101047785961,0.06292487978793439,-0.49919111040630426,-0.028175967570838494,-0.06471116746406447,0.5204887465229289,0.8509465578988349,"[75, 95, 205, 229, 239, 254, 382, 429, 456, 478, 490, 494, 585, 606, 625, 656, 705, 874, 877, 1024, 1061, 1158, 1168, 1344, 1442, 1445, 1547, 1556, 1613, 1629, 1632, 1695, 1937, 1950, 1958, 2004, 2057, 2158, 2185, 2229, 2302, 2368, 2541, 2556, 2572, 2617, 2659, 2665, 2702, 2731, 2750, 2781, 2856, 2875, 2938, 3127, 3182, 3224, 3249, 3342, 3506, 3549, 3566, 3690, 3735, 3748, 3983, 4061, 4086, 4100, 4136, 4138, 4191, 4215, 4216, 4237, 4322, 4400, 4420, 4515, 4542, 4662, 4703, 4828, 4838, 4848, 4867, 4875]","[[0.2291423584486747, 5.163477464465431], [0.18118753254201594, 4.1795612491027425], [0.3942695028349032, 4.364549362906502], [-0.2954057471198451, 5.548723194972293], [-0.27483941955598845, 5.598936929330484], [-0.4474413789797154, 3.526451229058288], [-0.004230995656905898, 5.3480120513475], [-0.07434846336167361, 2.4464848749020973], [-0.027667803820718255, 3.5115578018349547], [-0.25359695832731677, 3.9406925785002547], [-0.32741718008830845, 5.809310879509583], [0.2555900508386137, 5.796903411005243], [0.2723185915473512, 5.801021851645311], [0.20969856324379854, 5.849775120236037], [-0.25619352835049597, 4.646735812481853], [0.3282925896322324, 5.36595678550866], [-0.019085964523417587, 5.927872442868696], [0.4173515145398535, 5.720013477359662], [-0.3082242368192542, 1.9712592393915418], [-0.2454174557301267, 2.9252332225133895], [-0.41702859497815437, 4.228962985717], [0.3401413504071681, 5.6625462556452835], [-0.03101049534468027, 5.593529611472928], [-0.09469408746200991, 5.453775828052974], [0.2906812489952711, 3.8008049211161685], [-0.5078707231678472, 5.8892314803137475], [-0.000600379448489924, 4.391035476674075], [-0.0708025245049953, 5.970751412370459], [-0.5154066125950357, 2.322830796290129], [-0.1095908519174845, 5.462101463323184], [0.33917555354346335, 4.464573784518872], [0.5176842265876423, 4.473085516436866], [-0.1397181789407978, 5.2462832416641865], [0.45114828696490666, 5.2026902890866875], [0.29061044098148553, 2.9634988925148917], [0.1766292302998453, 4.691870993973853], [0.2513095810890966, 4.648654228478331], [-0.433734343216048, 3.549713828918074], [0.32716038724105534, 5.693282702725688], [0.041528113897622454, 5.167325434031031], [-0.511565325738413, 4.809656947557312], [-0.3820041498165685, 3.378294089502226], [-0.35658495377112676, 4.907429069257955], [-0.10156670447907362, 4.332027500748051], [-0.3015428137744872, 4.954380402483873], [-0.24072192120495994, 4.746403762949704], [0.07164868024293268, 5.847743050382476], [0.37586888467140306, 5.886604796610486], [-0.009725422882388859, 4.645238313321193], [-0.0669919484163345, 5.864017846910296], [0.12884304509220146, 5.46540952701459], [-0.0847028741887045, 5.5785648620275685], [0.28057658800104435, 2.2578019024398883], [0.22951260321581446, 1.5075904808351623], [-0.13690155056666556, 5.984318398570707], [-0.36860559147976607, 4.073775841402649], [-0.28838258782650505, 5.593394567098576], [-0.2548736682055427, 5.914709698449848], [0.439896464229383, 5.203650441255281], [-0.20216236275600752, 4.2638240663681275], [-0.33079177628242035, 5.4027991057161024], [0.19006357570531546, 4.329061206479298], [-0.23969450451243138, 3.9490706635564803], [-0.5191115307648434, 5.346796470921962], [-0.38841132491250696, 3.818396685531322], [0.12322937067040937, 4.140515368078723], [-0.20149932595535142, 4.7688114539071025], [-0.4968836484797581, 4.515557776493697], [-0.028059004273993948, 1.198707365781842], [-0.022923347885659483, 4.676446110367583], [-0.06399084150236203, 5.678056468617818], [-0.2758537366898863, 4.944084178692144], [0.3928673268899341, 2.6182019263929672], [-0.09245852537395924, 4.861502101867399], [-0.13492248566488552, 4.8587171298890715], [-0.516286156345899, 5.533163540145364], [0.09757023858651184, 3.099543528932409], [0.059467578979853566, 5.006680213412921], [0.013546646961302077, 5.627727240984228], [-0.161268013508994, 4.49198906391182], [0.47981974699506796, 5.943348615710321], [0.3783487328547581, 3.9991323752399306], [-0.11286526291125883, 5.612705508279721], [-0.15127906781412728, 2.9949425028379246], [0.34543286276963614, 4.931980855256375], [0.39129993650293854, 5.209733755929642], [-0.2634165404351532, 3.3864492698391775], [-0.0562828984077556, 2.7407248834020526]]","[[-0.735512375831604, 5.071609973907471, -0.41982975602149963], [-0.781180739402771, 4.064624309539795, -0.38334643840789795], [-1.690869688987732, 4.409207820892334, -0.17856155335903168], [1.8264570236206055, 4.0445404052734375, 0.09593416750431061], [1.6176284551620483, 4.096442222595215, 0.938147783279419], [0.806373119354248, 2.1923611164093018, -0.25782671570777893], [0.30824869871139526, 4.73850679397583, 0.7172616720199585], [-0.7704256176948547, 2.14143443107605, -0.08076226711273193], [-0.2747912108898163, 3.1189844608306885, -0.7235056161880493], [0.5631309151649475, 2.9999711513519287, 0.12128958851099014], [2.097599744796753, 4.09572172164917, 0.3754720985889435], [-0.6919013261795044, 5.709843635559082, -0.6784160733222961], [-0.8343181610107422, 5.747586250305176, -0.31557759642601013], [-0.42395034432411194, 5.697216510772705, -0.7365975975990295], [0.9735420346260071, 3.477978229522705, 0.5639318823814392], [-1.16005277633667, 5.355739593505859, -0.8161808848381042], [0.6284419298171997, 5.218175411224365, 0.8114650249481201], [-1.6339755058288574, 5.771999359130859, -0.6272463202476501], [-0.6045415997505188, 1.4616477489471436, -0.4349193871021271], [-0.15580470860004425, 2.233808755874634, 0.1942511945962906], [1.311916470527649, 2.6942319869995117, -0.6828466653823853], [-1.1739826202392578, 5.660854816436768, -0.7993767261505127], [0.6671563982963562, 4.9510884284973145, 0.08018825948238373], [0.9604702591896057, 4.650146961212158, -0.4360598027706146], [-1.2429896593093872, 3.776762008666992, -0.8402048349380493], [2.9111156463623047, 3.324728012084961, -0.47646963596343994], [-0.1251818686723709, 3.9142308235168457, 0.487517774105072], [1.155704140663147, 5.119636535644531, -0.9208241105079651], [-0.049600470811128616, 1.3338934183120728, -0.45922306180000305], [1.0243852138519287, 4.614221096038818, -0.3322118818759918], [-1.3120083808898926, 4.4540181159973145, -0.9510701298713684], [-2.1223397254943848, 4.517705917358398, -0.9276341795921326], [0.9093790054321289, 4.313949108123779, 0.5192649364471436], [-1.8733155727386475, 5.270479202270508, -0.5131598711013794], [-1.434418797492981, 2.976118564605713, -0.5435752868652344], [-0.5687529444694519, 4.522246837615967, -0.841819167137146], [-0.9702979922294617, 4.599729061126709, -0.38003405928611755], [0.7296291589736938, 2.2370800971984863, 0.18609796464443207], [-1.2860043048858643, 5.646541118621826, 0.3764677941799164], [0.12379542738199234, 4.747463226318359, 0.05897322669625282], [1.8903381824493408, 2.692002058029175, 0.5670227408409119], [0.4132384955883026, 2.2306692600250244, 0.46351492404937744], [1.6238069534301758, 3.367189884185791, -0.2100205272436142], [0.23832537233829498, 3.6462972164154053, 0.48138654232025146], [1.2931238412857056, 3.53771710395813, 0.7972477078437805], [0.9247138500213623, 3.581916570663452, 0.7817375659942627], [0.2728913426399231, 5.443265914916992, -0.1400608867406845], [-1.419130563735962, 5.92277193069458, -0.41253772377967834], [0.2149532288312912, 4.130335807800293, -0.9113872647285461], [1.0732896327972412, 5.052921772003174, -0.8341825008392334], [-0.09902448207139969, 5.187546253204346, -0.7424336671829224], [0.8582029342651367, 4.764886379241943, 0.44744107127189636], [-1.5191881656646729, 2.258197784423828, -0.7668908834457397], [-1.636739730834961, 1.527811884880066, -0.4118267893791199], [1.4634310007095337, 4.947659015655518, -0.586247444152832], [0.9084689617156982, 2.7410616874694824, 0.50437331199646], [1.8829679489135742, 4.095810890197754, -0.4020892083644867], [1.7741444110870361, 4.417745590209961, 0.8527701497077942], [-1.8537741899490356, 5.257071495056152, -0.16569417715072632], [0.6224063634872437, 3.3841347694396973, 0.07435598969459534], [1.798193335533142, 3.787522315979004, 0.46751636266708374], [-0.7489219307899475, 4.207465648651123, -0.6649905443191528], [0.5894699692726135, 3.0493807792663574, -0.371214896440506], [2.3693573474884033, 2.9616832733154297, 0.5697939991950989], [0.7728717923164368, 2.505786895751953, 0.4832989275455475], [-0.6541420221328735, 3.9293251037597656, 0.15746080875396729], [1.016788125038147, 3.7583773136138916, -0.6241424083709717], [1.6791714429855347, 2.608917236328125, 0.1538100242614746], [-1.4563474655151367, 1.1021748781204224, -0.2318693995475769], [0.11874957382678986, 4.134964942932129, 0.41843512654304504], [0.8666809797286987, 4.931448936462402, 0.09942346066236496], [1.3445065021514893, 3.680060386657715, -0.0017258523730561137], [-1.8155769109725952, 2.661280870437622, -0.19078916311264038], [0.4667784869670868, 4.105175495147705, 0.6162322163581848], [0.7970044016838074, 4.040553092956543, -0.3839561641216278], [2.6248092651367188, 3.1006593704223633, -0.2550883889198303], [-0.8299883008003235, 2.935978412628174, -0.6277530789375305], [-0.01725850999355316, 4.645467281341553, -0.0787845328450203], [0.4716223478317261, 5.105075359344482, -0.0506548136472702], [0.650888979434967, 3.676102876663208, -0.11362805217504501], [-2.0552515983581543, 5.99753475189209, -0.12209191918373108], [-1.5445491075515747, 4.010852336883545, -0.9767881631851196], [0.8937721848487854, 4.650120735168457, 0.9672383666038513], [-0.29389622807502747, 2.4829893112182617, -0.016923734918236732], [-1.3201606273651123, 4.948207378387451, -0.687322735786438], [-1.651635766029358, 5.2150959968566895, 0.20126692950725555], [0.1801232248544693, 2.5401113033294678, 0.28212225437164307], [-0.6076949834823608, 2.428687334060669, -0.4173581302165985]]"
2678,-1.9996550057603548,0.018570015721413237,-0.4999137514400887,-0.05200732719675729,-0.06739165908589215,0.5210156876548353,0.8492916197755982,-2.000219156025427,0.017898417088139957,-0.4985708325916655,-0.05184927856064116,-0.06727972597724727,0.5215071658610302,0.8490084609359105,"[75, 95, 163, 205, 229, 239, 242, 254, 255, 382, 429, 456, 478, 490, 494, 585, 606, 625, 656, 705, 874, 877, 1024, 1061, 1138, 1158, 1168, 1344, 1442, 1445, 1547, 1613, 1629, 1632, 1695, 1937, 1950, 1958, 2004, 2057, 2158, 2185, 2229, 2302, 2368, 2527, 2541, 2556, 2572, 2659, 2665, 2702, 2731, 2750, 2781, 2856, 2875, 3127, 3182, 3224, 3249, 3275, 3342, 3506, 3549, 3566, 3690, 3735, 3748, 3983, 4061, 4086, 4100, 4136, 4138, 4191, 4215, 4216, 4237, 4322, 4400, 4420, 4515, 4542, 4662, 4828, 4838, 4848, 4867, 4875]","[[0.22400267480498018, 5.2078851705290585], [0.1767581852532672, 4.226224638228134], [0.39456968298584255, 5.673828100634551], [0.38461044993434657, 4.412402123810484], [-0.2953165346474233, 5.584979975335856], [-0.2838258476664675, 5.6380550116735755], [-0.4334442500734715, 3.7457451530872405], [-0.4404691650984695, 3.5571314994747008], [0.426493315270544, 5.868074734283547], [-0.014968925337727465, 5.393426476179356], [-0.07389533898451471, 2.4879804771395064], [-0.021915944039454707, 3.5519999719703415], [-0.25393163822324005, 3.9803741503422727], [-0.3309279457107954, 5.846195923420228], [0.2525438749607213, 5.84382369637199], [0.2663945545302984, 5.8491285777374715], [0.20783792648709531, 5.898551577255549], [-0.2645092336233287, 4.683310840754798], [0.32519645048697776, 5.411806962847175], [-0.029131100530800164, 5.97163157769163], [0.40928704405962846, 5.766052821886328], [-0.29541031637788323, 2.008974086664178], [-0.2503546653060236, 2.9657583519890207], [-0.40767379895744826, 4.260125763083063], [-0.06508079217069915, 3.4011497564407236], [0.3339300841281367, 5.711666602592549], [-0.036153573359598186, 5.6379867898153035], [-0.09464373220126414, 5.4961955767698445], [0.2883082134335826, 3.849673434275043], [-0.5025391331731045, 5.920191988150577], [-0.011285799945587816, 4.434515450941494], [-0.5011541460624006, 2.3523887756702786], [-0.1108634417715528, 5.505099519184072], [0.33439427735867866, 4.512386903822548], [0.5123000378583968, 4.52131605870124], [-0.14812712503335598, 5.2868226937194], [0.4451231849378487, 5.252257720826271], [0.283351513122227, 3.011914595612368], [0.17736093051490287, 4.737865830526514], [0.24679735735669073, 4.69684760387593], [-0.4326113389789487, 3.5842448452832842], [0.31909373074294733, 5.740598335081352], [0.03525935503410516, 5.213419546527918], [-0.5155325908197892, 4.839185557301194], [-0.3876982789547306, 3.4115689639020994], [-0.5209440515802635, 3.57943993338589], [-0.3543139294668804, 4.943607808963766], [-0.11105857880923575, 4.373581831166937], [-0.3110419024727693, 4.990955092385414], [0.06731349422673896, 5.893527749534492], [0.36989674238478176, 5.932525519454429], [-0.003882927833981022, 4.689114605265146], [-0.06408819764629668, 5.908251926738839], [0.12918902919723296, 5.514705464869471], [-0.09159983857800208, 5.621702718051978], [0.28079779703160185, 2.3066083850623023], [0.22625007473988856, 1.5553307215260646], [-0.3726589429254481, 4.109259060879602], [-0.2849038728446233, 5.632002753926653], [-0.2653016702255962, 5.951205651509867], [0.4306616611266936, 5.2514176769630385], [0.3173702811268545, 5.739144930918556], [-0.20478360467157955, 4.305059181376416], [-0.3353752716391051, 5.43899015967046], [0.18963727193455315, 4.373810717833169], [-0.234447395431666, 3.9879527987762757], [-0.5212425650538948, 5.375754634985032], [-0.3956336068892711, 3.8521050191621975], [0.11580525077976607, 4.187117264065785], [-0.19939714422904312, 4.806952993638264], [-0.4965939527493424, 4.546970075367938], [-0.02439821268878009, 1.2409358638256613], [-0.0326098484631729, 4.721093889964789], [-0.06935165032979652, 5.719710015071196], [-0.27794088762142105, 4.984719489467903], [0.38187934898156667, 2.666891133373061], [-0.1043689280101345, 4.901276459467955], [-0.1351726472685213, 4.900803766266777], [-0.5094724661827494, 5.561269203475118], [0.1006116979666905, 3.1453166230929908], [0.05751147732839328, 5.051167484481865], [0.01032682365211445, 5.673599186909283], [-0.16329032616465355, 4.533587274878677], [0.46885470402982843, 5.991691997457307], [0.37701177157009824, 4.045317309869145], [-0.1525086536566783, 3.035762997293702], [0.34123617587963717, 4.980526999150033], [0.38010819897729975, 5.255712445894542], [-0.26833890235591007, 3.425572731317355], [-0.055408404148138274, 2.782266347482264]]","[[-0.735512375831604, 5.071609973907471, -0.41982975602149963], [-0.781180739402771, 4.064624309539795, -0.38334643840789795], [-1.4044524431228638, 5.5760698318481445, -1.468826174736023], [-1.690869688987732, 4.409207820892334, -0.17856155335903168], [1.8264570236206055, 4.0445404052734375, 0.09593416750431061], [1.6176284551620483, 4.096442222595215, 0.938147783279419], [0.7538830041885376, 2.314903974533081, 0.5854530334472656], [0.806373119354248, 2.1923611164093018, -0.25782671570777893], [-1.611778736114502, 5.811644554138184, -1.3496177196502686], [0.30824869871139526, 4.73850679397583, 0.7172616720199585], [-0.7704256176948547, 2.14143443107605, -0.08076226711273193], [-0.2747912108898163, 3.1189844608306885, -0.7235056161880493], [0.5631309151649475, 2.9999711513519287, 0.12128958851099014], [2.097599744796753, 4.09572172164917, 0.3754720985889435], [-0.6919013261795044, 5.709843635559082, -0.6784160733222961], [-0.8343181610107422, 5.747586250305176, -0.31557759642601013], [-0.42395034432411194, 5.697216510772705, -0.7365975975990295], [0.9735420346260071, 3.477978229522705, 0.5639318823814392], [-1.16005277633667, 5.355739593505859, -0.8161808848381042], [0.6284419298171997, 5.218175411224365, 0.8114650249481201], [-1.6339755058288574, 5.771999359130859, -0.6272463202476501], [-0.6045415997505188, 1.4616477489471436, -0.4349193871021271], [-0.15580470860004425, 2.233808755874634, 0.1942511945962906], [1.311916470527649, 2.6942319869995117, -0.6828466653823853], [-0.21181979775428772, 2.891218423843384, -0.8401235938072205], [-1.1739826202392578, 5.660854816436768, -0.7993767261505127], [0.6671563982963562, 4.9510884284973145, 0.08018825948238373], [0.9604702591896057, 4.650146961212158, -0.4360598027706146], [-1.2429896593093872, 3.776762008666992, -0.8402048349380493], [2.9111156463623047, 3.324728012084961, -0.47646963596343994], [-0.1251818686723709, 3.9142308235168457, 0.487517774105072], [-0.049600470811128616, 1.3338934183120728, -0.45922306180000305], [1.0243852138519287, 4.614221096038818, -0.3322118818759918], [-1.3120083808898926, 4.4540181159973145, -0.9510701298713684], [-2.1223397254943848, 4.517705917358398, -0.9276341795921326], [0.9093790054321289, 4.313949108123779, 0.5192649364471436], [-1.8733155727386475, 5.270479202270508, -0.5131598711013794], [-1.434418797492981, 2.976118564605713, -0.5435752868652344], [-0.5687529444694519, 4.522246837615967, -0.841819167137146], [-0.9702979922294617, 4.599729061126709, -0.38003405928611755], [0.7296291589736938, 2.2370800971984863, 0.18609796464443207], [-1.2860043048858643, 5.646541118621826, 0.3764677941799164], [0.12379542738199234, 4.747463226318359, 0.05897322669625282], [1.8903381824493408, 2.692002058029175, 0.5670227408409119], [0.4132384955883026, 2.2306692600250244, 0.46351492404937744], [0.9547919034957886, 1.9833277463912964, -0.03672834113240242], [1.6238069534301758, 3.367189884185791, -0.2100205272436142], [0.23832537233829498, 3.6462972164154053, 0.48138654232025146], [1.2931238412857056, 3.53771710395813, 0.7972477078437805], [0.2728913426399231, 5.443265914916992, -0.1400608867406845], [-1.419130563735962, 5.92277193069458, -0.41253772377967834], [0.2149532288312912, 4.130335807800293, -0.9113872647285461], [1.0732896327972412, 5.052921772003174, -0.8341825008392334], [-0.09902448207139969, 5.187546253204346, -0.7424336671829224], [0.8582029342651367, 4.764886379241943, 0.44744107127189636], [-1.5191881656646729, 2.258197784423828, -0.7668908834457397], [-1.636739730834961, 1.527811884880066, -0.4118267893791199], [0.9084689617156982, 2.7410616874694824, 0.50437331199646], [1.8829679489135742, 4.095810890197754, -0.4020892083644867], [1.7741444110870361, 4.417745590209961, 0.8527701497077942], [-1.8537741899490356, 5.257071495056152, -0.16569417715072632], [-0.9858658909797668, 5.608870983123779, -1.3120163679122925], [0.6224063634872437, 3.3841347694396973, 0.07435598969459534], [1.798193335533142, 3.787522315979004, 0.46751636266708374], [-0.7489219307899475, 4.207465648651123, -0.6649905443191528], [0.5894699692726135, 3.0493807792663574, -0.371214896440506], [2.3693573474884033, 2.9616832733154297, 0.5697939991950989], [0.7728717923164368, 2.505786895751953, 0.4832989275455475], [-0.6541420221328735, 3.9293251037597656, 0.15746080875396729], [1.016788125038147, 3.7583773136138916, -0.6241424083709717], [1.6791714429855347, 2.608917236328125, 0.1538100242614746], [-1.4563474655151367, 1.1021748781204224, -0.2318693995475769], [0.11874957382678986, 4.134964942932129, 0.41843512654304504], [0.8666809797286987, 4.931448936462402, 0.09942346066236496], [1.3445065021514893, 3.680060386657715, -0.0017258523730561137], [-1.8155769109725952, 2.661280870437622, -0.19078916311264038], [0.4667784869670868, 4.105175495147705, 0.6162322163581848], [0.7970044016838074, 4.040553092956543, -0.3839561641216278], [2.6248092651367188, 3.1006593704223633, -0.2550883889198303], [-0.8299883008003235, 2.935978412628174, -0.6277530789375305], [-0.01725850999355316, 4.645467281341553, -0.0787845328450203], [0.4716223478317261, 5.105075359344482, -0.0506548136472702], [0.650888979434967, 3.676102876663208, -0.11362805217504501], [-2.0552515983581543, 5.99753475189209, -0.12209191918373108], [-1.5445491075515747, 4.010852336883545, -0.9767881631851196], [-0.29389622807502747, 2.4829893112182617, -0.016923734918236732], [-1.3201606273651123, 4.948207378387451, -0.687322735786438], [-1.651635766029358, 5.2150959968566895, 0.20126692950725555], [0.1801232248544693, 2.5401113033294678, 0.28212225437164307], [-0.6076949834823608, 2.428687334060669, -0.4173581302165985]]"
2680,-1.9989486652946717,-0.032402988372162975,-0.49973716632366794,-0.07291891817935721,-0.062963540486651,0.5235123051714763,0.8465537728195329,-1.9977720620007984,-0.03320096927567306,-0.5011513175941416,-0.07319299513770233,-0.06280893624078196,0.5234427292784853,0.8465846278763653,"[75, 95, 163, 205, 229, 239, 254, 255, 421, 429, 456, 478, 490, 494, 585, 606, 625, 656, 874, 877, 1024, 1061, 1138, 1158, 1168, 1344, 1442, 1445, 1500, 1578, 1613, 1617, 1629, 1632, 1695, 1757, 1937, 1950, 1958, 2004, 2057, 2158, 2229, 2276, 2302, 2527, 2541, 2556, 2572, 2659, 2665, 2695, 2702, 2731, 2750, 2781, 2855, 2856, 2875, 3118, 3127, 3182, 3224, 3249, 3275, 3342, 3506, 3549, 3566, 3586, 3735, 3748, 3804, 3865, 3983, 4061, 4100, 4136, 4138, 4191, 4216, 4237, 4322, 4400, 4420, 4515, 4662, 4828, 4838, 4848, 4867, 4875]","[[0.2166086086658479, 5.255610436498011], [0.1696117517135996, 4.272182273988487], [0.3870763001028841, 5.719420421519069], [0.37798846725965035, 4.460756227638199], [-0.3023740048052363, 5.619090326941717], [-0.2937114740255454, 5.673458674065541], [-0.4405071921229019, 3.586954025041912], [0.42071948426403266, 5.916141948944854], [-0.3341719851945485, 4.542142251387064], [-0.07894193515704047, 2.5299059469166827], [-0.02372677006536312, 3.596190132261432], [-0.25881851766906305, 4.015694972836403], [-0.3368955233574332, 5.880737042762901], [0.2451812773357171, 5.889285179561642], [0.25832257082774995, 5.8951969937992015], [0.20117217479519447, 5.944906249373837], [-0.27289242973297756, 4.718890426446272], [0.31662382009923123, 5.459633172085789], [0.4010800602755121, 5.8130799957013295], [-0.2863138281757834, 2.043021691063251], [-0.25610167186316507, 2.999483367414513], [-0.4036403139847512, 4.293272388992896], [-0.06328950267392404, 3.4394159678340257], [0.3263687132099028, 5.757566900184516], [-0.04368406142366767, 5.679638015324951], [-0.0981885090401449, 5.537930649386991], [0.2808341038245275, 3.8936479209908685], [-0.49920366486420015, 5.946129778932408], [0.0075769716087988655, 5.302035062742641], [-0.12510481589925485, 4.190635697145597], [-0.4901512480656124, 2.3796009919877066], [-0.37709168989176733, 2.1588580495725873], [-0.11380933905686667, 5.544537026541392], [0.3272440726709252, 4.558104081650575], [0.5028715771145116, 4.567581732395937], [0.41273188578739756, 5.821351817365695], [-0.15604099835601892, 5.324637811057222], [0.4355733404068676, 5.302118190744398], [0.27761934424598733, 3.0591682180071627], [0.17353829745862628, 4.782875025663801], [0.24083101749516822, 4.743511881366], [-0.4342596968875657, 3.6138815525706094], [0.02713188359834778, 5.258799910069268], [-0.11961185814974093, 5.788571702816597], [-0.5204422044234026, 4.866107791756396], [-0.5188664183581825, 3.6047860823991082], [-0.35503613565467257, 4.976367867230036], [-0.11947842061887239, 4.41311341834452], [-0.3191035046158544, 5.02461785321329], [0.060138621206690605, 5.935592080788556], [0.35975797396204606, 5.978744090919038], [0.1470451625051574, 1.5784849925150255], [-0.003742029801215646, 4.727872391117419], [-0.06348584511142874, 5.947799587906149], [0.12377965464117595, 5.558538591155783], [-0.10071223940645485, 5.660836902582804], [-0.22257675651788966, 5.50987665565782], [0.2761350862757569, 2.352856552655626], [0.22286390677271217, 1.6028763303096791], [-0.2540334067836327, 1.5644319253870336], [-0.37932845560505607, 4.140749792583676], [-0.2860103580854154, 5.6645548044077465], [-0.27295677974486515, 5.986608082892874], [0.4196734546316631, 5.29601329263981], [0.3080821023239673, 5.784737276804742], [-0.20965170239712783, 4.342440768702244], [-0.34095829688407825, 5.469764048150352], [0.18366054285263192, 4.419492549204479], [-0.2356416529761864, 4.024122798466257], [-0.031780857335217856, 5.0118917317370455], [-0.4006513342764, 3.8836190692700288], [0.10727299286834249, 4.232870148452444], [0.5135458160260408, 5.591091396069799], [-0.3751202562299198, 5.468063364722354], [-0.1963097784296267, 4.844490399096681], [-0.49635919992704247, 4.5727288388564284], [-0.04109284337666005, 4.76290591175489], [-0.07503378219838407, 5.759067118646068], [-0.2832718644248267, 5.016844326002343], [0.36891227533569565, 2.7142680894581837], [-0.13632147893157542, 4.938958235841521], [-0.509347481290391, 5.589918944326433], [0.09662161092854692, 3.1892584932159274], [0.04898856595263448, 5.094295007915417], [0.0030032417615336346, 5.715511845865087], [-0.16589061685676007, 4.569687060153045], [0.37055767233633286, 4.092710227325691], [-0.15644528477942596, 3.0740129826034517], [0.3319931131990936, 5.025386624305668], [0.3688606926841776, 5.304406577901497], [-0.2724205247768671, 3.4575149361162536], [-0.05235459935903225, 2.825799412897725]]","[[-0.735512375831604, 5.071609973907471, -0.41982975602149963], [-0.781180739402771, 4.064624309539795, -0.38334643840789795], [-1.4044524431228638, 5.5760698318481445, -1.468826174736023], [-1.690869688987732, 4.409207820892334, -0.17856155335903168], [1.8264570236206055, 4.0445404052734375, 0.09593416750431061], [1.6176284551620483, 4.096442222595215, 0.938147783279419], [0.806373119354248, 2.1923611164093018, -0.25782671570777893], [-1.611778736114502, 5.811644554138184, -1.3496177196502686], [1.3069241046905518, 3.06561541557312, -0.8319397568702698], [-0.7704256176948547, 2.14143443107605, -0.08076226711273193], [-0.2747912108898163, 3.1189844608306885, -0.7235056161880493], [0.5631309151649475, 2.9999711513519287, 0.12128958851099014], [2.097599744796753, 4.09572172164917, 0.3754720985889435], [-0.6919013261795044, 5.709843635559082, -0.6784160733222961], [-0.8343181610107422, 5.747586250305176, -0.31557759642601013], [-0.42395034432411194, 5.697216510772705, -0.7365975975990295], [0.9735420346260071, 3.477978229522705, 0.5639318823814392], [-1.16005277633667, 5.355739593505859, -0.8161808848381042], [-1.6339755058288574, 5.771999359130859, -0.6272463202476501], [-0.6045415997505188, 1.4616477489471436, -0.4349193871021271], [-0.15580470860004425, 2.233808755874634, 0.1942511945962906], [1.311916470527649, 2.6942319869995117, -0.6828466653823853], [-0.21181979775428772, 2.891218423843384, -0.8401235938072205], [-1.1739826202392578, 5.660854816436768, -0.7993767261505127], [0.6671563982963562, 4.9510884284973145, 0.08018825948238373], [0.9604702591896057, 4.650146961212158, -0.4360598027706146], [-1.2429896593093872, 3.776762008666992, -0.8402048349380493], [2.9111156463623047, 3.324728012084961, -0.47646963596343994], [0.4597528278827667, 4.608142852783203, -1.2361524105072021], [0.40122923254966736, 3.3697142601013184, -0.9827103018760681], [-0.049600470811128616, 1.3338934183120728, -0.45922306180000305], [-0.36840492486953735, 1.3738999366760254, -0.6539188623428345], [1.0243852138519287, 4.614221096038818, -0.3322118818759918], [-1.3120083808898926, 4.4540181159973145, -0.9510701298713684], [-2.1223397254943848, 4.517705917358398, -0.9276341795921326], [-1.5183141231536865, 5.649988651275635, -1.6828495264053345], [0.9093790054321289, 4.313949108123779, 0.5192649364471436], [-1.8733155727386475, 5.270479202270508, -0.5131598711013794], [-1.434418797492981, 2.976118564605713, -0.5435752868652344], [-0.5687529444694519, 4.522246837615967, -0.841819167137146], [-0.9702979922294617, 4.599729061126709, -0.38003405928611755], [0.7296291589736938, 2.2370800971984863, 0.18609796464443207], [0.12379542738199234, 4.747463226318359, 0.05897322669625282], [1.2786457538604736, 4.711605072021484, -1.050066351890564], [1.8903381824493408, 2.692002058029175, 0.5670227408409119], [0.9547919034957886, 1.9833277463912964, -0.03672834113240242], [1.6238069534301758, 3.367189884185791, -0.2100205272436142], [0.23832537233829498, 3.6462972164154053, 0.48138654232025146], [1.2931238412857056, 3.53771710395813, 0.7972477078437805], [0.2728913426399231, 5.443265914916992, -0.1400608867406845], [-1.419130563735962, 5.92277193069458, -0.41253772377967834], [-1.4745007753372192, 1.443359613418579, -0.7135831117630005], [0.2149532288312912, 4.130335807800293, -0.9113872647285461], [1.0732896327972412, 5.052921772003174, -0.8341825008392334], [-0.09902448207139969, 5.187546253204346, -0.7424336671829224], [0.8582029342651367, 4.764886379241943, 0.44744107127189636], [1.5730301141738892, 4.140717029571533, -0.9680286645889282], [-1.5191881656646729, 2.258197784423828, -0.7668908834457397], [-1.636739730834961, 1.527811884880066, -0.4118267893791199], [-0.9530563354492188, 1.1261926889419556, -0.6123627424240112], [0.9084689617156982, 2.7410616874694824, 0.50437331199646], [1.8829679489135742, 4.095810890197754, -0.4020892083644867], [1.7741444110870361, 4.417745590209961, 0.8527701497077942], [-1.8537741899490356, 5.257071495056152, -0.16569417715072632], [-0.9858658909797668, 5.608870983123779, -1.3120163679122925], [0.6224063634872437, 3.3841347694396973, 0.07435598969459534], [1.798193335533142, 3.787522315979004, 0.46751636266708374], [-0.7489219307899475, 4.207465648651123, -0.6649905443191528], [0.5894699692726135, 3.0493807792663574, -0.371214896440506], [0.48165133595466614, 4.282543182373047, -1.097767949104309], [0.7728717923164368, 2.505786895751953, 0.4832989275455475], [-0.6541420221328735, 3.9293251037597656, 0.15746080875396729], [-2.3218743801116943, 5.552342891693115, -0.4737469255924225], [2.132655143737793, 3.5374584197998047, -0.8258293867111206], [1.016788125038147, 3.7583773136138916, -0.6241424083709717], [1.6791714429855347, 2.608917236328125, 0.1538100242614746], [0.11874957382678986, 4.134964942932129, 0.41843512654304504], [0.8666809797286987, 4.931448936462402, 0.09942346066236496], [1.3445065021514893, 3.680060386657715, -0.0017258523730561137], [-1.8155769109725952, 2.661280870437622, -0.19078916311264038], [0.7970044016838074, 4.040553092956543, -0.3839561641216278], [2.6248092651367188, 3.1006593704223633, -0.2550883889198303], [-0.8299883008003235, 2.935978412628174, -0.6277530789375305], [-0.01725850999355316, 4.645467281341553, -0.0787845328450203], [0.4716223478317261, 5.105075359344482, -0.0506548136472702], [0.650888979434967, 3.676102876663208, -0.11362805217504501], [-1.5445491075515747, 4.010852336883545, -0.9767881631851196], [-0.29389622807502747, 2.4829893112182617, -0.016923734918236732], [-1.3201606273651123, 4.948207378387451, -0.687322735786438], [-1.651635766029358, 5.2150959968566895, 0.20126692950725555], [0.1801232248544693, 2.5401113033294678, 0.28212225437164307], [-0.6076949834823608, 2.428687334060669, -0.4173581302165985]]"
2682,-1.9935351905978091,-0.08007934931435567,-0.4983837976494523,-0.0850066848349938,-0.052339199272726344,0.5270291444093059,0.8439637152721964,-1.994283596149082,-0.08107169574412244,-0.4988554208583166,-0.0849784184436876,-0.05283149367527311,0.527335341624163,0.8437445935524425,"[75, 95, 163, 205, 229, 254, 255, 421, 429, 456, 478, 490, 494, 585, 606, 625, 656, 874, 877, 900, 1061, 1138, 1158, 1168, 1344, 1442, 1445, 1500, 1578, 1613, 1617, 1629, 1632, 1695, 1757, 1937, 1950, 1958, 2004, 2020, 2057, 2099, 2158, 2229, 2275, 2276, 2332, 2416, 2527, 2541, 2659, 2695, 2702, 2731, 2750, 2781, 2855, 2856, 2875, 3118, 3127, 3182, 3232, 3249, 3275, 3342, 3485, 3506, 3549, 3566, 3586, 3755, 3804, 3865, 3887, 3983, 4061, 4136, 4138, 4216, 4237, 4306, 4322, 4400, 4420, 4515, 4662, 4828, 4838, 4867, 4875]","[[0.20789551817744523, 5.301155459488025], [0.16166564923673646, 4.316421612271473], [0.37554178917103337, 5.764040233223857], [0.3676146454847388, 4.507477547717413], [-0.30596071317602413, 5.650219877718574], [-0.4399061447092982, 3.613732026141208], [0.40924373648461065, 5.962189139521303], [-0.3356910260677483, 4.571584546980388], [-0.08078747000600958, 2.5675717183062403], [-0.02515744728516832, 3.635837585375257], [-0.26385097808279634, 4.048580066313424], [-0.3441060477150291, 5.910477275790156], [0.23530254005514792, 5.935321393972002], [0.24779320365325413, 5.940300240180406], [0.19318450774145784, 5.98820297820565], [-0.2804361595217451, 4.751626145716499], [0.30799212375666435, 5.505949492234288], [0.3900844601504196, 5.860150585260967], [-0.2797284507694943, 2.0751754878662685], [-0.20114558066740504, 5.8278687530669755], [-0.40326878634832786, 4.316512121096319], [-0.06439356098594126, 3.479899639543339], [0.3160974675911675, 5.804642515785938], [-0.05129398881794538, 5.717643164068363], [-0.10318700912048268, 5.572443568354956], [0.27384000854891427, 3.9412922925017013], [-0.502345227023452, 5.97075639790376], [0.0014888583305882183, 5.340640983421575], [-0.12580054849434066, 4.223230981972283], [-0.4815180985040901, 2.4027838430011825], [-0.36878238404618807, 2.182698174364042], [-0.11998622531544949, 5.580468075137608], [0.3178535069115139, 4.606148682326538], [0.4909689787673884, 4.618209516084393], [0.403056314232465, 5.866549929646206], [-0.1654626771653034, 5.361760114972444], [0.42637907560009064, 5.349786589554811], [0.2723657737823411, 3.1050637212044454], [0.16710847526506076, 4.827207849881861], [-0.1048853612894431, 3.269393329733188], [0.22902988811677694, 4.789157868857828], [0.0036300287868860064, 5.554418506789154], [-0.43977067483415916, 3.6400429170142554], [0.016813708835137, 5.297388648368944], [-0.4919056553121363, 5.624534155730552], [-0.12343226992780941, 5.825429565713262], [0.0871875098630811, 3.601506830380975], [0.15977443878269681, 4.949419687981141], [-0.5177958861616011, 3.6269221774420473], [-0.3608971938711508, 5.004591636177224], [0.05171955358474628, 5.9780734436283955], [0.149931327255002, 1.623790458560505], [-0.010261356875233317, 4.771710388435462], [-0.07154715279080223, 5.987756041626917], [0.1158365396164614, 5.602519895097977], [-0.11034022635968763, 5.699768503804477], [-0.2260439260517705, 5.5435352353822385], [0.2713249950535402, 2.3984697914415793], [0.22152707773072505, 1.6463273179490703], [-0.23848596413482584, 1.593312731946472], [-0.3845562694452321, 4.166986994002277], [-0.29149325808647647, 5.696747089855442], [-0.3190141332327978, 5.43731085798737], [0.41088437977463377, 5.344913408554704], [0.30079153975330186, 5.830822847796254], [-0.2146269058780621, 4.377517429744748], [-0.3342808464369809, 1.6027622117890432], [-0.34970525733637114, 5.500859304766786], [0.17754146317643416, 4.465202064346939], [-0.23629459523471097, 4.058345342536522], [-0.03567487599286885, 5.047592070506093], [-0.04859438819926806, 4.723934816014093], [0.504729941380246, 5.639280844725526], [-0.377654039954009, 5.496193703511451], [0.1363777505270004, 2.1774599710060993], [-0.19921987545595876, 4.878887879639562], [-0.5018878230676389, 4.596866086095754], [-0.0821364528879152, 5.7983776433659875], [-0.2858021520972921, 5.05072863766946], [-0.14325930722018648, 4.976266403017919], [-0.509962339649157, 5.611651036783626], [0.06295489566678018, 3.3203797728698685], [0.09183055224524546, 3.23301685905135], [0.04303041983421163, 5.135752578041041], [-0.005742437132155652, 5.756973692138087], [-0.17127050623052634, 4.6064410367049415], [0.36004727479851695, 4.1407436788606935], [-0.15930126650791795, 3.1106564219423194], [0.32214834350795, 5.073602703628161], [-0.2766307134358992, 3.4927272052504588], [-0.05311016574867173, 2.8647401927075697]]","[[-0.735512375831604, 5.071609973907471, -0.41982975602149963], [-0.781180739402771, 4.064624309539795, -0.38334643840789795], [-1.4044524431228638, 5.5760698318481445, -1.468826174736023], [-1.690869688987732, 4.409207820892334, -0.17856155335903168], [1.8264570236206055, 4.0445404052734375, 0.09593416750431061], [0.806373119354248, 2.1923611164093018, -0.25782671570777893], [-1.611778736114502, 5.811644554138184, -1.3496177196502686], [1.3069241046905518, 3.06561541557312, -0.8319397568702698], [-0.7704256176948547, 2.14143443107605, -0.08076226711273193], [-0.2747912108898163, 3.1189844608306885, -0.7235056161880493], [0.5631309151649475, 2.9999711513519287, 0.12128958851099014], [2.097599744796753, 4.09572172164917, 0.3754720985889435], [-0.6919013261795044, 5.709843635559082, -0.6784160733222961], [-0.8343181610107422, 5.747586250305176, -0.31557759642601013], [-0.42395034432411194, 5.697216510772705, -0.7365975975990295], [0.9735420346260071, 3.477978229522705, 0.5639318823814392], [-1.16005277633667, 5.355739593505859, -0.8161808848381042], [-1.6339755058288574, 5.771999359130859, -0.6272463202476501], [-0.6045415997505188, 1.4616477489471436, -0.4349193871021271], [1.6519150733947754, 4.408895492553711, -1.2341716289520264], [1.311916470527649, 2.6942319869995117, -0.6828466653823853], [-0.21181979775428772, 2.891218423843384, -0.8401235938072205], [-1.1739826202392578, 5.660854816436768, -0.7993767261505127], [0.6671563982963562, 4.9510884284973145, 0.08018825948238373], [0.9604702591896057, 4.650146961212158, -0.4360598027706146], [-1.2429896593093872, 3.776762008666992, -0.8402048349380493], [2.9111156463623047, 3.324728012084961, -0.47646963596343994], [0.4597528278827667, 4.608142852783203, -1.2361524105072021], [0.40122923254966736, 3.3697142601013184, -0.9827103018760681], [-0.049600470811128616, 1.3338934183120728, -0.45922306180000305], [-0.36840492486953735, 1.3738999366760254, -0.6539188623428345], [1.0243852138519287, 4.614221096038818, -0.3322118818759918], [-1.3120083808898926, 4.4540181159973145, -0.9510701298713684], [-2.1223397254943848, 4.517705917358398, -0.9276341795921326], [-1.5183141231536865, 5.649988651275635, -1.6828495264053345], [0.9093790054321289, 4.313949108123779, 0.5192649364471436], [-1.8733155727386475, 5.270479202270508, -0.5131598711013794], [-1.434418797492981, 2.976118564605713, -0.5435752868652344], [-0.5687529444694519, 4.522246837615967, -0.841819167137146], [-0.19513651728630066, 2.6252171993255615, -0.8968864679336548], [-0.9702979922294617, 4.599729061126709, -0.38003405928611755], [0.5550751686096191, 4.775750160217285, -1.3936768770217896], [0.7296291589736938, 2.2370800971984863, 0.18609796464443207], [0.12379542738199234, 4.747463226318359, 0.05897322669625282], [2.6292033195495605, 3.0948119163513184, -0.9297096729278564], [1.2786457538604736, 4.711605072021484, -1.050066351890564], [-0.6075542569160461, 3.1967666149139404, -1.0807746648788452], [-0.4248057007789612, 4.54000997543335, -1.3461369276046753], [0.9547919034957886, 1.9833277463912964, -0.03672834113240242], [1.6238069534301758, 3.367189884185791, -0.2100205272436142], [0.2728913426399231, 5.443265914916992, -0.1400608867406845], [-1.4745007753372192, 1.443359613418579, -0.7135831117630005], [0.2149532288312912, 4.130335807800293, -0.9113872647285461], [1.0732896327972412, 5.052921772003174, -0.8341825008392334], [-0.09902448207139969, 5.187546253204346, -0.7424336671829224], [0.8582029342651367, 4.764886379241943, 0.44744107127189636], [1.5730301141738892, 4.140717029571533, -0.9680286645889282], [-1.5191881656646729, 2.258197784423828, -0.7668908834457397], [-1.636739730834961, 1.527811884880066, -0.4118267893791199], [-0.9530563354492188, 1.1261926889419556, -0.6123627424240112], [0.9084689617156982, 2.7410616874694824, 0.50437331199646], [1.8829679489135742, 4.095810890197754, -0.4020892083644867], [1.8801361322402954, 3.701002836227417, -1.0135948657989502], [-1.8537741899490356, 5.257071495056152, -0.16569417715072632], [-0.9858658909797668, 5.608870983123779, -1.3120163679122925], [0.6224063634872437, 3.3841347694396973, 0.07435598969459534], [-0.8347647786140442, 1.0228068828582764, -0.6408416628837585], [1.798193335533142, 3.787522315979004, 0.46751636266708374], [-0.7489219307899475, 4.207465648651123, -0.6649905443191528], [0.5894699692726135, 3.0493807792663574, -0.371214896440506], [0.48165133595466614, 4.282543182373047, -1.097767949104309], [0.38478806614875793, 3.9414212703704834, -1.201413631439209], [-2.3218743801116943, 5.552342891693115, -0.4737469255924225], [2.132655143737793, 3.5374584197998047, -0.8258293867111206], [-1.253484845161438, 1.937474250793457, -0.8755593299865723], [1.016788125038147, 3.7583773136138916, -0.6241424083709717], [1.6791714429855347, 2.608917236328125, 0.1538100242614746], [0.8666809797286987, 4.931448936462402, 0.09942346066236496], [1.3445065021514893, 3.680060386657715, -0.0017258523730561137], [0.7970044016838074, 4.040553092956543, -0.3839561641216278], [2.6248092651367188, 3.1006593704223633, -0.2550883889198303], [-0.6508451700210571, 2.9181060791015625, -1.0006744861602783], [-0.8299883008003235, 2.935978412628174, -0.6277530789375305], [-0.01725850999355316, 4.645467281341553, -0.0787845328450203], [0.4716223478317261, 5.105075359344482, -0.0506548136472702], [0.650888979434967, 3.676102876663208, -0.11362805217504501], [-1.5445491075515747, 4.010852336883545, -0.9767881631851196], [-0.29389622807502747, 2.4829893112182617, -0.016923734918236732], [-1.3201606273651123, 4.948207378387451, -0.687322735786438], [0.1801232248544693, 2.5401113033294678, 0.28212225437164307], [-0.6076949834823608, 2.428687334060669, -0.4173581302165985]]"
2684,-1.9842890034759688,-0.12411441280719185,-0.4960722508689922,-0.08857491542877637,-0.03759915629074959,0.5309470559427845,0.8419239939499876,-1.982676967068116,-0.12331947655643236,-0.4950688869921779,-0.08884729074364729,-0.03768370337153829,0.5307600039108633,0.8420094510611268,"[75, 95, 163, 205, 229, 254, 421, 456, 478, 490, 494, 585, 656, 812, 874, 877, 900, 1039, 1061, 1138, 1158, 1168, 1344, 1415, 1442, 1445, 1500, 1578, 1613, 1617, 1629, 1632, 1695, 1757, 1950, 1958, 2004, 2020, 2057, 2099, 2158, 2229, 2275, 2276, 2332, 2416, 2527, 2541, 2695, 2702, 2750, 2855, 2856, 2875, 3118, 3182, 3232, 3248, 3249, 3275, 3342, 3485, 3506, 3549, 3566, 3586, 3755, 3804, 3865, 3887, 3983, 4026, 4061, 4136, 4138, 4216, 4237, 4259, 4306, 4322, 4400, 4420, 4515, 4641, 4662, 4828, 4838, 4875, 4948]","[[0.19982498097101298, 5.344609347201039], [0.1559070587702186, 4.357958047505997], [0.364013918750455, 5.811177475505663], [0.36220372695851455, 4.553104340567333], [-0.3124464845749682, 5.679313077504699], [-0.43834974219450273, 3.6339182668344696], [-0.33810580339762214, 4.594826848227345], [-0.028557032166425543, 3.6737964771703338], [-0.26693942439427715, 4.077790503241067], [-0.34894958738372206, 5.935469994876836], [0.2287662249851668, 5.977898844321807], [0.24215947661756415, 5.986804204837657], [0.29938171095527244, 5.549085551744454], [0.3501610911677497, 4.997796464170427], [0.37974232102046057, 5.908868188841738], [-0.2733010999952773, 2.103650687964505], [-0.20563535508554814, 5.85611269159255], [-0.2454311653138372, 2.0728723831000444], [-0.40434903008801953, 4.340773361606324], [-0.06979880660470154, 3.5157619530820434], [0.30882418498878245, 5.849283790985159], [-0.056113010364967936, 5.753902737885542], [-0.10968768077840575, 5.60698013864925], [-0.1047361833474485, 5.18487543975052], [0.26561139896148667, 3.984739305446505], [-0.5069245000655737, 5.988415904881847], [-0.007747599875502298, 5.378510808528175], [-0.13399907740210182, 4.256368187435459], [-0.4757256705177873, 2.42231168792796], [-0.35988497501668054, 2.208360039317312], [-0.12665877334012227, 5.615397618026208], [0.3100141318132169, 4.650572408810639], [0.4807160658105911, 4.663239415570619], [0.39196575091147523, 5.910848633421338], [0.41717148566707196, 5.395172843679076], [0.2651022019841998, 3.1506450739517713], [0.15816719306500626, 4.86967386160662], [-0.10670348133058483, 3.3053765979197216], [0.2250054923997611, 4.831933245028266], [-0.003681759090196831, 5.5904556823285025], [-0.43912711506020735, 3.661789731904828], [0.014571299596311269, 5.3362242531955], [-0.4936275267210988, 5.643497226696522], [-0.13122690038096746, 5.859539926555118], [0.07999750355808748, 3.6422736544747787], [0.15125655893853848, 4.991262429878465], [-0.5188048150793707, 3.6459065503173766], [-0.3636008387572774, 5.02799126949734], [0.14992499240097387, 1.6631282493365918], [-0.017463433301564833, 4.807201113699206], [0.10739988205060173, 5.640118134215903], [-0.23388082968224808, 5.57432243139134], [0.26578020211520703, 2.443234725138142], [0.22265447413842723, 1.6898353845978162], [-0.22769910139380478, 1.6251358424453586], [-0.29651811838784065, 5.724050988601143], [-0.3243327843597858, 5.460638432921014], [-0.34712432445216745, 5.241188588301814], [0.4024169862802295, 5.395150779306906], [0.29016580015519805, 5.8779256592686835], [-0.21581702776540054, 4.408674914856298], [-0.32055110139828075, 1.6298670947204401], [-0.3521773418384391, 5.525767510005529], [0.16795522668388665, 4.506896025930273], [-0.23854147851651394, 4.088929144735777], [-0.04445373674267184, 5.084449351153452], [-0.054922279405542736, 4.758123173070713], [0.49346755056737673, 5.686859650158507], [-0.38390622806987557, 5.521439106029904], [0.13209467664753077, 2.2193743067726093], [-0.20599417889425273, 4.908000112671625], [0.2552111610797926, 5.740542334968292], [-0.5058318391051986, 4.615904150406361], [-0.08902285655088918, 5.834785664866263], [-0.29094332757220537, 5.079682057122373], [-0.14636569800304036, 5.009581618417258], [-0.5170786622002066, 5.629132481794759], [-0.2395386648354232, 3.4124844523205606], [0.057554385005691544, 3.360451044097398], [0.08810917530563835, 3.2717661350716156], [0.03448907900422099, 5.176475824427659], [-0.0114448851392627, 5.795529743572667], [-0.17555917409183316, 4.637777084427918], [-0.5072926353621738, 1.3422444491961991], [0.35021398427537237, 4.183776917788669], [-0.1620238512453064, 3.1449558876809163], [0.31430808764021123, 5.119993741361239], [-0.0565336062104387, 2.9020830725241176], [0.5171300923851538, 5.531779184737086]]","[[-0.735512375831604, 5.071609973907471, -0.41982975602149963], [-0.781180739402771, 4.064624309539795, -0.38334643840789795], [-1.4044524431228638, 5.5760698318481445, -1.468826174736023], [-1.690869688987732, 4.409207820892334, -0.17856155335903168], [1.8264570236206055, 4.0445404052734375, 0.09593416750431061], [0.806373119354248, 2.1923611164093018, -0.25782671570777893], [1.3069241046905518, 3.06561541557312, -0.8319397568702698], [-0.2747912108898163, 3.1189844608306885, -0.7235056161880493], [0.5631309151649475, 2.9999711513519287, 0.12128958851099014], [2.097599744796753, 4.09572172164917, 0.3754720985889435], [-0.6919013261795044, 5.709843635559082, -0.6784160733222961], [-0.8343181610107422, 5.747586250305176, -0.31557759642601013], [-1.16005277633667, 5.355739593505859, -0.8161808848381042], [-1.357970952987671, 4.6862616539001465, -1.6997829675674438], [-1.6339755058288574, 5.771999359130859, -0.6272463202476501], [-0.6045415997505188, 1.4616477489471436, -0.4349193871021271], [1.6519150733947754, 4.408895492553711, -1.2341716289520264], [-0.6341307163238525, 1.4254730939865112, -0.7663598656654358], [1.311916470527649, 2.6942319869995117, -0.6828466653823853], [-0.21181979775428772, 2.891218423843384, -0.8401235938072205], [-1.1739826202392578, 5.660854816436768, -0.7993767261505127], [0.6671563982963562, 4.9510884284973145, 0.08018825948238373], [0.9604702591896057, 4.650146961212158, -0.4360598027706146], [0.8209261894226074, 4.1502685546875, -1.36021888256073], [-1.2429896593093872, 3.776762008666992, -0.8402048349380493], [2.9111156463623047, 3.324728012084961, -0.47646963596343994], [0.4597528278827667, 4.608142852783203, -1.2361524105072021], [0.40122923254966736, 3.3697142601013184, -0.9827103018760681], [-0.049600470811128616, 1.3338934183120728, -0.45922306180000305], [-0.36840492486953735, 1.3738999366760254, -0.6539188623428345], [1.0243852138519287, 4.614221096038818, -0.3322118818759918], [-1.3120083808898926, 4.4540181159973145, -0.9510701298713684], [-2.1223397254943848, 4.517705917358398, -0.9276341795921326], [-1.5183141231536865, 5.649988651275635, -1.6828495264053345], [-1.8733155727386475, 5.270479202270508, -0.5131598711013794], [-1.434418797492981, 2.976118564605713, -0.5435752868652344], [-0.5687529444694519, 4.522246837615967, -0.841819167137146], [-0.19513651728630066, 2.6252171993255615, -0.8968864679336548], [-0.9702979922294617, 4.599729061126709, -0.38003405928611755], [0.5550751686096191, 4.775750160217285, -1.3936768770217896], [0.7296291589736938, 2.2370800971984863, 0.18609796464443207], [0.12379542738199234, 4.747463226318359, 0.05897322669625282], [2.6292033195495605, 3.0948119163513184, -0.9297096729278564], [1.2786457538604736, 4.711605072021484, -1.050066351890564], [-0.6075542569160461, 3.1967666149139404, -1.0807746648788452], [-0.4248057007789612, 4.54000997543335, -1.3461369276046753], [0.9547919034957886, 1.9833277463912964, -0.03672834113240242], [1.6238069534301758, 3.367189884185791, -0.2100205272436142], [-1.4745007753372192, 1.443359613418579, -0.7135831117630005], [0.2149532288312912, 4.130335807800293, -0.9113872647285461], [-0.09902448207139969, 5.187546253204346, -0.7424336671829224], [1.5730301141738892, 4.140717029571533, -0.9680286645889282], [-1.5191881656646729, 2.258197784423828, -0.7668908834457397], [-1.636739730834961, 1.527811884880066, -0.4118267893791199], [-0.9530563354492188, 1.1261926889419556, -0.6123627424240112], [1.8829679489135742, 4.095810890197754, -0.4020892083644867], [1.8801361322402954, 3.701002836227417, -1.0135948657989502], [1.8178768157958984, 3.4164793491363525, -1.193558692932129], [-1.8537741899490356, 5.257071495056152, -0.16569417715072632], [-0.9858658909797668, 5.608870983123779, -1.3120163679122925], [0.6224063634872437, 3.3841347694396973, 0.07435598969459534], [-0.8347647786140442, 1.0228068828582764, -0.6408416628837585], [1.798193335533142, 3.787522315979004, 0.46751636266708374], [-0.7489219307899475, 4.207465648651123, -0.6649905443191528], [0.5894699692726135, 3.0493807792663574, -0.371214896440506], [0.48165133595466614, 4.282543182373047, -1.097767949104309], [0.38478806614875793, 3.9414212703704834, -1.201413631439209], [-2.3218743801116943, 5.552342891693115, -0.4737469255924225], [2.132655143737793, 3.5374584197998047, -0.8258293867111206], [-1.253484845161438, 1.937474250793457, -0.8755593299865723], [1.016788125038147, 3.7583773136138916, -0.6241424083709717], [-0.7360708713531494, 5.328308582305908, -1.7845897674560547], [1.6791714429855347, 2.608917236328125, 0.1538100242614746], [0.8666809797286987, 4.931448936462402, 0.09942346066236496], [1.3445065021514893, 3.680060386657715, -0.0017258523730561137], [0.7970044016838074, 4.040553092956543, -0.3839561641216278], [2.6248092651367188, 3.1006593704223633, -0.2550883889198303], [0.22393612563610077, 2.443875789642334, -0.9251155853271484], [-0.6508451700210571, 2.9181060791015625, -1.0006744861602783], [-0.8299883008003235, 2.935978412628174, -0.6277530789375305], [-0.01725850999355316, 4.645467281341553, -0.0787845328450203], [0.4716223478317261, 5.105075359344482, -0.0506548136472702], [0.650888979434967, 3.676102876663208, -0.11362805217504501], [-0.90770024061203, 0.6642541885375977, -0.3477208614349365], [-1.5445491075515747, 4.010852336883545, -0.9767881631851196], [-0.29389622807502747, 2.4829893112182617, -0.016923734918236732], [-1.3201606273651123, 4.948207378387451, -0.687322735786438], [-0.6076949834823608, 2.428687334060669, -0.4173581302165985], [-2.3607006072998047, 5.372984886169434, -0.9860233068466187]]"
2686,-1.9699988296077642,-0.16996921356026928,-0.49249970740194104,-0.0837920243397786,-0.018210956344831292,0.5352226811406942,0.8403475110444582,-1.9703473398079845,-0.16872791798518366,-0.4942109478898078,-0.08215958741095056,-0.018127226262902862,0.5358093780137001,0.8401366057356671,"[75, 95, 163, 229, 254, 421, 456, 478, 490, 656, 803, 812, 874, 877, 900, 1020, 1039, 1061, 1138, 1158, 1168, 1199, 1344, 1415, 1442, 1500, 1578, 1613, 1617, 1629, 1632, 1695, 1757, 1950, 1958, 2004, 2005, 2020, 2057, 2099, 2158, 2224, 2229, 2275, 2276, 2332, 2416, 2527, 2541, 2695, 2702, 2750, 2836, 2855, 2856, 2875, 3118, 3182, 3232, 3248, 3275, 3342, 3414, 3485, 3549, 3566, 3586, 3755, 3804, 3865, 3887, 3983, 4026, 4061, 4136, 4138, 4216, 4237, 4259, 4306, 4322, 4400, 4420, 4515, 4641, 4662, 4838, 4875, 4948]","[[0.1955171242537424, 5.3862115379777515], [0.15172947056113673, 4.399557131015185], [0.3519774820540345, 5.855800865228664], [-0.31320911786677685, 5.703303387023995], [-0.43686249520268516, 3.6533552181778286], [-0.3429566395867913, 4.617863327312783], [-0.034237197853115776, 3.7080319088708493], [-0.2642911159450344, 4.102698774691794], [-0.3492911108757583, 5.958962002018487], [0.29157229136670443, 5.596212642560575], [-0.46052897050745084, 4.527034313976164], [0.33664471090495474, 5.041719195598066], [0.37682609518516996, 5.951717055617319], [-0.2678065299198822, 2.127969608134852], [-0.21475454237060843, 5.885138482287067], [-0.19471894072426638, 5.735280718499246], [-0.23845514258197598, 2.0992938671768173], [-0.4074318338670651, 4.359791243600597], [-0.07222332719805566, 3.546376667903903], [0.3016901544031319, 5.891149122787453], [-0.059864132872689206, 5.787756404515543], [-0.5201250915811844, 5.8157447242597815], [-0.11615083752385298, 5.64076247303472], [-0.1115485535956264, 5.215117034230535], [0.2567210270108203, 4.028164954978842], [-0.015171116757804606, 5.412590731139521], [-0.13555278636820783, 4.28892655378362], [-0.4690934062809556, 2.4383033955407645], [-0.3544133577364225, 2.2293010167856715], [-0.13232258378845452, 5.645474943842452], [0.30135401268394674, 4.692974457608297], [0.4725832754344802, 4.709041240825384], [0.3782745599177514, 5.958232792774388], [0.41315988404379267, 5.441031059420278], [0.26318888027438586, 3.191552354202579], [0.15082427624595246, 4.910002334396375], [-0.11588517952509239, 5.17067486960116], [-0.11200710353091124, 3.3349621700876764], [0.221288574477874, 4.874390243202047], [-0.015395294716442564, 5.625618497168872], [-0.43760666352409106, 3.681230237815691], [0.1656169577905446, 5.3694734000123265], [0.01044426099028639, 5.371924116195599], [-0.501740905055482, 5.656469933198682], [-0.13619049536298522, 5.891547668286274], [0.07206602779328267, 3.6817385055462712], [0.13836897252468636, 5.029967871333481], [-0.5206902643318334, 3.659867033284256], [-0.3641958545133905, 5.049815504905524], [0.15220544640639894, 1.7034508054197381], [-0.024772486325814337, 4.840763704410203], [0.10102372610694008, 5.680361139798037], [0.16066417280779127, 5.779749085559336], [-0.23951040207826116, 5.6003854091079885], [0.2623889031551596, 2.4846778056606755], [0.22977830971820262, 1.7328150140169347], [-0.21834845322756397, 1.652104983573824], [-0.3031301980651425, 5.748529012096094], [-0.32993080558481774, 5.483474319316655], [-0.3544868037991872, 5.2651482702424826], [0.28118108484238835, 5.918610112482987], [-0.2198201429144364, 4.436390496805099], [-0.3162192106055147, 2.3695525827270587], [-0.3078433585756948, 1.6545166535988736], [0.16488338042391903, 4.5486722190467805], [-0.24234326973549322, 4.113730328316118], [-0.051646637177537584, 5.117586492649013], [-0.06267171250266702, 4.792537266843551], [0.4901369570010777, 5.731057427700873], [-0.3875955692300316, 5.540268635919535], [0.12759213814632261, 2.256437999933362], [-0.2124475342045308, 4.93550070687498], [0.24099272735076419, 5.7813940285200704], [-0.5041493255188823, 4.6342473522352865], [-0.09057699130705571, 5.8677053902239935], [-0.29090086624464784, 5.103668665442779], [-0.15073806629186237, 5.039113027710215], [-0.5206338265484105, 5.645673625528088], [-0.24327631998111612, 3.439467186099892], [0.05132544286118835, 3.3954411668293467], [0.0849216846730292, 3.311832552098517], [0.033974733283979514, 5.2119096553711355], [-0.012605243124275713, 5.8287567496588375], [-0.17773372754061198, 4.668169784264849], [-0.4846268397024522, 1.3600051259650177], [0.3448333493922455, 4.229604641652172], [0.30806565044238693, 5.163899025141875], [-0.05380086206181336, 2.934329358491836], [0.5091143357036344, 5.578625177766344]]","[[-0.735512375831604, 5.071609973907471, -0.41982975602149963], [-0.781180739402771, 4.064624309539795, -0.38334643840789795], [-1.4044524431228638, 5.5760698318481445, -1.468826174736023], [1.8264570236206055, 4.0445404052734375, 0.09593416750431061], [0.806373119354248, 2.1923611164093018, -0.25782671570777893], [1.3069241046905518, 3.06561541557312, -0.8319397568702698], [-0.2747912108898163, 3.1189844608306885, -0.7235056161880493], [0.5631309151649475, 2.9999711513519287, 0.12128958851099014], [2.097599744796753, 4.09572172164917, 0.3754720985889435], [-1.16005277633667, 5.355739593505859, -0.8161808848381042], [1.6088486909866333, 2.54795503616333, -1.0489627122879028], [-1.357970952987671, 4.6862616539001465, -1.6997829675674438], [-1.6339755058288574, 5.771999359130859, -0.6272463202476501], [-0.6045415997505188, 1.4616477489471436, -0.4349193871021271], [1.6519150733947754, 4.408895492553711, -1.2341716289520264], [1.4922736883163452, 4.299439907073975, -1.4589314460754395], [-0.6341307163238525, 1.4254730939865112, -0.7663598656654358], [1.311916470527649, 2.6942319869995117, -0.6828466653823853], [-0.21181979775428772, 2.891218423843384, -0.8401235938072205], [-1.1739826202392578, 5.660854816436768, -0.7993767261505127], [0.6671563982963562, 4.9510884284973145, 0.08018825948238373], [2.8200321197509766, 3.0616981983184814, -1.1520463228225708], [0.9604702591896057, 4.650146961212158, -0.4360598027706146], [0.8209261894226074, 4.1502685546875, -1.36021888256073], [-1.2429896593093872, 3.776762008666992, -0.8402048349380493], [0.4597528278827667, 4.608142852783203, -1.2361524105072021], [0.40122923254966736, 3.3697142601013184, -0.9827103018760681], [-0.049600470811128616, 1.3338934183120728, -0.45922306180000305], [-0.36840492486953735, 1.3738999366760254, -0.6539188623428345], [1.0243852138519287, 4.614221096038818, -0.3322118818759918], [-1.3120083808898926, 4.4540181159973145, -0.9510701298713684], [-2.1223397254943848, 4.517705917358398, -0.9276341795921326], [-1.5183141231536865, 5.649988651275635, -1.6828495264053345], [-1.8733155727386475, 5.270479202270508, -0.5131598711013794], [-1.434418797492981, 2.976118564605713, -0.5435752868652344], [-0.5687529444694519, 4.522246837615967, -0.841819167137146], [0.819017231464386, 4.064770698547363, -1.5039151906967163], [-0.19513651728630066, 2.6252171993255615, -0.8968864679336548], [-0.9702979922294617, 4.599729061126709, -0.38003405928611755], [0.5550751686096191, 4.775750160217285, -1.3936768770217896], [0.7296291589736938, 2.2370800971984863, 0.18609796464443207], [-0.4186830520629883, 4.796748161315918, -1.8244377374649048], [0.12379542738199234, 4.747463226318359, 0.05897322669625282], [2.6292033195495605, 3.0948119163513184, -0.9297096729278564], [1.2786457538604736, 4.711605072021484, -1.050066351890564], [-0.6075542569160461, 3.1967666149139404, -1.0807746648788452], [-0.4248057007789612, 4.54000997543335, -1.3461369276046753], [0.9547919034957886, 1.9833277463912964, -0.03672834113240242], [1.6238069534301758, 3.367189884185791, -0.2100205272436142], [-1.4745007753372192, 1.443359613418579, -0.7135831117630005], [0.2149532288312912, 4.130335807800293, -0.9113872647285461], [-0.09902448207139969, 5.187546253204346, -0.7424336671829224], [-0.275611937046051, 5.182178497314453, -1.8712595701217651], [1.5730301141738892, 4.140717029571533, -0.9680286645889282], [-1.5191881656646729, 2.258197784423828, -0.7668908834457397], [-1.636739730834961, 1.527811884880066, -0.4118267893791199], [-0.9530563354492188, 1.1261926889419556, -0.6123627424240112], [1.8829679489135742, 4.095810890197754, -0.4020892083644867], [1.8801361322402954, 3.701002836227417, -1.0135948657989502], [1.8178768157958984, 3.4164793491363525, -1.193558692932129], [-0.9858658909797668, 5.608870983123779, -1.3120163679122925], [0.6224063634872437, 3.3841347694396973, 0.07435598969459534], [-0.3241429328918457, 1.4978622198104858, -0.8369688987731934], [-0.8347647786140442, 1.0228068828582764, -0.6408416628837585], [-0.7489219307899475, 4.207465648651123, -0.6649905443191528], [0.5894699692726135, 3.0493807792663574, -0.371214896440506], [0.48165133595466614, 4.282543182373047, -1.097767949104309], [0.38478806614875793, 3.9414212703704834, -1.201413631439209], [-2.3218743801116943, 5.552342891693115, -0.4737469255924225], [2.132655143737793, 3.5374584197998047, -0.8258293867111206], [-1.253484845161438, 1.937474250793457, -0.8755593299865723], [1.016788125038147, 3.7583773136138916, -0.6241424083709717], [-0.7360708713531494, 5.328308582305908, -1.7845897674560547], [1.6791714429855347, 2.608917236328125, 0.1538100242614746], [0.8666809797286987, 4.931448936462402, 0.09942346066236496], [1.3445065021514893, 3.680060386657715, -0.0017258523730561137], [0.7970044016838074, 4.040553092956543, -0.3839561641216278], [2.6248092651367188, 3.1006593704223633, -0.2550883889198303], [0.22393612563610077, 2.443875789642334, -0.9251155853271484], [-0.6508451700210571, 2.9181060791015625, -1.0006744861602783], [-0.8299883008003235, 2.935978412628174, -0.6277530789375305], [-0.01725850999355316, 4.645467281341553, -0.0787845328450203], [0.4716223478317261, 5.105075359344482, -0.0506548136472702], [0.650888979434967, 3.676102876663208, -0.11362805217504501], [-0.90770024061203, 0.6642541885375977, -0.3477208614349365], [-1.5445491075515747, 4.010852336883545, -0.9767881631851196], [-1.3201606273651123, 4.948207378387451, -0.687322735786438], [-0.6076949834823608, 2.428687334060669, -0.4173581302165985], [-2.3607006072998047, 5.372984886169434, -0.9860233068466187]]"
2688,-1.9511706498336598,-0.21425878069472443,-0.48779266245841496,-0.07066809975422803,0.003102843175349081,0.5390868667469642,0.8392745332382586,-1.9502811449238924,-0.21505332887564466,-0.48800305874435185,-0.07109248892397858,0.002782068900853356,0.5391348903328592,0.839208965715334,"[75, 95, 163, 229, 254, 421, 456, 656, 737, 803, 812, 874, 877, 900, 1020, 1039, 1061, 1120, 1138, 1158, 1168, 1344, 1415, 1442, 1500, 1578, 1613, 1617, 1629, 1632, 1695, 1708, 1927, 1950, 1958, 1966, 2001, 2004, 2005, 2020, 2057, 2099, 2224, 2275, 2276, 2332, 2416, 2527, 2541, 2695, 2702, 2750, 2836, 2855, 2856, 2875, 3118, 3182, 3232, 3248, 3275, 3414, 3485, 3549, 3566, 3586, 3755, 3773, 3804, 3865, 3887, 3983, 4026, 4061, 4136, 4138, 4216, 4237, 4259, 4306, 4322, 4400, 4420, 4515, 4641, 4660, 4662, 4838, 4875, 4906, 4948]","[[0.19593105929880003, 5.4226051320176385], [0.15541060156533923, 4.437154364187973], [0.3430784628603568, 5.897752530310945], [-0.3135383025646372, 5.723499990891353], [-0.43685821500392064, 3.666432465199788], [-0.34539508691793214, 4.637589691696037], [-0.033562130152253275, 3.739565894315254], [0.2883066805060269, 5.6344128784109895], [-0.03168525076115275, 3.81856800421596], [-0.4663936065062209, 4.539481673568544], [0.32389291050469227, 5.081911588730382], [0.37303757260495424, 5.9955110120279755], [-0.25613117097075283, 2.15146409972322], [-0.2198242407572801, 5.909177179160313], [-0.20332137287129168, 5.760613360794285], [-0.23505358123414385, 2.121328684703891], [-0.4085991999638143, 4.374611375064839], [-0.07616348921915754, 5.280031044537357], [-0.07427402433613703, 3.576753291846776], [0.29847787256814384, 5.93436789430045], [-0.05653269230218814, 5.81916928726677], [-0.1155931736287842, 5.670040162033602], [-0.12174632499963824, 5.244376152341593], [0.25669435915421784, 4.068309157872667], [-0.02233672365069675, 5.442120800094897], [-0.13953968666317637, 4.315507416222097], [-0.4620955112951557, 2.454136803424687], [-0.3475057091513819, 2.249123960262313], [-0.13001165871863543, 5.674480896819955], [0.296057793841878, 4.733216734832859], [0.4672000938608208, 4.754908787679424], [-0.26195503082856497, 4.740950808223287], [-0.0983212201594472, 3.161829939740091], [0.41210412091231613, 5.48787052329999], [0.2643900379216285, 3.232532281265461], [-0.23245836649648907, 4.85238786609945], [-0.18861137117590723, 5.512277194767951], [0.1477943852671946, 4.947134265540796], [-0.12465708515917281, 5.196620585880968], [-0.11374294038935301, 3.3625277545690873], [0.22009717322868935, 4.913612733799155], [-0.022191797361065562, 5.657920684942884], [0.1521616868655567, 5.406914535754868], [-0.5061456704811554, 5.668520841062825], [-0.14356637993589091, 5.915998970694147], [0.0635371671947341, 3.7120307321542705], [0.13062666989344518, 5.067124932135583], [-0.512523512415983, 3.670653025921601], [-0.3650957652079229, 5.0687197839680325], [0.15562853581683087, 1.7379569261448853], [-0.028642665634342923, 4.872257361585485], [0.097619872490608, 5.71508659056551], [0.14911181512901753, 5.818409289120633], [-0.2427340649187109, 5.622708999928513], [0.2600323337506801, 2.525758430512336], [0.2416580968564363, 1.7704663791136945], [-0.2038684507376238, 1.6762476150927086], [-0.3026932854572172, 5.767939276531864], [-0.3344512301630564, 5.502910662122427], [-0.35960123023949575, 5.2806473759680514], [0.27032774827233774, 5.958981042270189], [-0.3141582103204434, 2.3865682225624685], [-0.2941078458971301, 1.6735572648470805], [0.16395011090291323, 4.583679607083848], [-0.2410899802388351, 4.137545796370187], [-0.056403947926250156, 5.147825813839153], [-0.06924148653719443, 4.820951589469159], [0.1419829892031637, 2.199357748761282], [0.487210972387442, 5.777934418849752], [-0.39171714841826794, 5.553974085358948], [0.12854315471093256, 2.2944301385325994], [-0.2143435144608689, 4.958532511761174], [0.22958427899072897, 5.821238440164614], [-0.5024664053238471, 4.643810287731673], [-0.08866774086050216, 5.896176873070264], [-0.2893905988573928, 5.123637201025842], [-0.15100398822699623, 5.064822737375654], [-0.5228497503583946, 5.65609295942678], [-0.2429735369364247, 3.46103693938678], [0.04788393928661618, 3.431633116817456], [0.08497815492335228, 3.3485772154648337], [0.03749725691898283, 5.247680793166239], [-0.0117091833123522, 5.861381512047569], [-0.17534255884502298, 4.69519173903003], [-0.4591850686281003, 1.3707033211395805], [-0.1690525057721888, 5.807655764998632], [0.33874484124567006, 4.270419901186995], [0.3069592042809933, 5.2036971576572055], [-0.04758082565820141, 2.963456145773394], [-0.286825383754068, 5.447802620024944], [0.5035253325245732, 5.625216312173755]]","[[-0.735512375831604, 5.071609973907471, -0.41982975602149963], [-0.781180739402771, 4.064624309539795, -0.38334643840789795], [-1.4044524431228638, 5.5760698318481445, -1.468826174736023], [1.8264570236206055, 4.0445404052734375, 0.09593416750431061], [0.806373119354248, 2.1923611164093018, -0.25782671570777893], [1.3069241046905518, 3.06561541557312, -0.8319397568702698], [-0.2747912108898163, 3.1189844608306885, -0.7235056161880493], [-1.16005277633667, 5.355739593505859, -0.8161808848381042], [-0.22747677564620972, 3.0643506050109863, -1.4112581014633179], [1.6088486909866333, 2.54795503616333, -1.0489627122879028], [-1.357970952987671, 4.6862616539001465, -1.6997829675674438], [-1.6339755058288574, 5.771999359130859, -0.6272463202476501], [-0.6045415997505188, 1.4616477489471436, -0.4349193871021271], [1.6519150733947754, 4.408895492553711, -1.2341716289520264], [1.4922736883163452, 4.299439907073975, -1.4589314460754395], [-0.6341307163238525, 1.4254730939865112, -0.7663598656654358], [1.311916470527649, 2.6942319869995117, -0.6828466653823853], [0.6444790363311768, 4.204270839691162, -1.761370062828064], [-0.21181979775428772, 2.891218423843384, -0.8401235938072205], [-1.1739826202392578, 5.660854816436768, -0.7993767261505127], [0.6671563982963562, 4.9510884284973145, 0.08018825948238373], [0.9604702591896057, 4.650146961212158, -0.4360598027706146], [0.8209261894226074, 4.1502685546875, -1.36021888256073], [-1.2429896593093872, 3.776762008666992, -0.8402048349380493], [0.4597528278827667, 4.608142852783203, -1.2361524105072021], [0.40122923254966736, 3.3697142601013184, -0.9827103018760681], [-0.049600470811128616, 1.3338934183120728, -0.45922306180000305], [-0.36840492486953735, 1.3738999366760254, -0.6539188623428345], [1.0243852138519287, 4.614221096038818, -0.3322118818759918], [-1.3120083808898926, 4.4540181159973145, -0.9510701298713684], [-2.1223397254943848, 4.517705917358398, -0.9276341795921326], [1.099855661392212, 3.303272247314453, -1.3775815963745117], [-0.3401331305503845, 2.4154558181762695, -1.1782236099243164], [-1.8733155727386475, 5.270479202270508, -0.5131598711013794], [-1.434418797492981, 2.976118564605713, -0.5435752868652344], [1.0511250495910645, 3.4517409801483154, -1.5352225303649902], [1.273290753364563, 4.082516670227051, -1.7135673761367798], [-0.5687529444694519, 4.522246837615967, -0.841819167137146], [0.819017231464386, 4.064770698547363, -1.5039151906967163], [-0.19513651728630066, 2.6252171993255615, -0.8968864679336548], [-0.9702979922294617, 4.599729061126709, -0.38003405928611755], [0.5550751686096191, 4.775750160217285, -1.3936768770217896], [-0.4186830520629883, 4.796748161315918, -1.8244377374649048], [2.6292033195495605, 3.0948119163513184, -0.9297096729278564], [1.2786457538604736, 4.711605072021484, -1.050066351890564], [-0.6075542569160461, 3.1967666149139404, -1.0807746648788452], [-0.4248057007789612, 4.54000997543335, -1.3461369276046753], [0.9547919034957886, 1.9833277463912964, -0.03672834113240242], [1.6238069534301758, 3.367189884185791, -0.2100205272436142], [-1.4745007753372192, 1.443359613418579, -0.7135831117630005], [0.2149532288312912, 4.130335807800293, -0.9113872647285461], [-0.09902448207139969, 5.187546253204346, -0.7424336671829224], [-0.275611937046051, 5.182178497314453, -1.8712595701217651], [1.5730301141738892, 4.140717029571533, -0.9680286645889282], [-1.5191881656646729, 2.258197784423828, -0.7668908834457397], [-1.636739730834961, 1.527811884880066, -0.4118267893791199], [-0.9530563354492188, 1.1261926889419556, -0.6123627424240112], [1.8829679489135742, 4.095810890197754, -0.4020892083644867], [1.8801361322402954, 3.701002836227417, -1.0135948657989502], [1.8178768157958984, 3.4164793491363525, -1.193558692932129], [-0.9858658909797668, 5.608870983123779, -1.3120163679122925], [-0.3241429328918457, 1.4978622198104858, -0.8369688987731934], [-0.8347647786140442, 1.0228068828582764, -0.6408416628837585], [-0.7489219307899475, 4.207465648651123, -0.6649905443191528], [0.5894699692726135, 3.0493807792663574, -0.371214896440506], [0.48165133595466614, 4.282543182373047, -1.097767949104309], [0.38478806614875793, 3.9414212703704834, -1.201413631439209], [-1.3034042119979858, 1.8139106035232544, -1.0371800661087036], [-2.3218743801116943, 5.552342891693115, -0.4737469255924225], [2.132655143737793, 3.5374584197998047, -0.8258293867111206], [-1.253484845161438, 1.937474250793457, -0.8755593299865723], [1.016788125038147, 3.7583773136138916, -0.6241424083709717], [-0.7360708713531494, 5.328308582305908, -1.7845897674560547], [1.6791714429855347, 2.608917236328125, 0.1538100242614746], [0.8666809797286987, 4.931448936462402, 0.09942346066236496], [1.3445065021514893, 3.680060386657715, -0.0017258523730561137], [0.7970044016838074, 4.040553092956543, -0.3839561641216278], [2.6248092651367188, 3.1006593704223633, -0.2550883889198303], [0.22393612563610077, 2.443875789642334, -0.9251155853271484], [-0.6508451700210571, 2.9181060791015625, -1.0006744861602783], [-0.8299883008003235, 2.935978412628174, -0.6277530789375305], [-0.01725850999355316, 4.645467281341553, -0.0787845328450203], [0.4716223478317261, 5.105075359344482, -0.0506548136472702], [0.650888979434967, 3.676102876663208, -0.11362805217504501], [-0.90770024061203, 0.6642541885375977, -0.3477208614349365], [1.3589365482330322, 4.401618003845215, -1.7009316682815552], [-1.5445491075515747, 4.010852336883545, -0.9767881631851196], [-1.3201606273651123, 4.948207378387451, -0.687322735786438], [-0.6076949834823608, 2.428687334060669, -0.4173581302165985], [1.65182626247406, 3.7263150215148926, -1.5654360055923462], [-2.3607006072998047, 5.372984886169434, -0.9860233068466187]]"
2690,-1.9262420955717923,-0.25914551706795064,-0.48156052389294807,-0.04909480358515061,0.025494774039658274,0.5424605878866617,0.8382578525413642,-1.9248420870265475,-0.25783544877195064,-0.48095302902469217,-0.04801758245765505,0.02587016458924729,0.5424066322165274,0.8383436596566901,"[75, 95, 163, 254, 306, 421, 456, 590, 656, 737, 803, 812, 877, 900, 1020, 1039, 1061, 1120, 1138, 1158, 1344, 1415, 1442, 1500, 1578, 1613, 1617, 1629, 1632, 1695, 1708, 1927, 1950, 1958, 1966, 2001, 2004, 2005, 2020, 2057, 2099, 2224, 2275, 2276, 2332, 2416, 2541, 2695, 2702, 2750, 2836, 2855, 2856, 2875, 3118, 3182, 3232, 3248, 3249, 3275, 3414, 3485, 3549, 3566, 3586, 3755, 3773, 3804, 3865, 3887, 3983, 4026, 4138, 4216, 4237, 4259, 4306, 4322, 4420, 4515, 4641, 4660, 4662, 4838, 4875, 4906, 4948]","[[0.19933144890146526, 5.46091530930689], [0.16058928610727302, 4.470575486328661], [0.3360445990184409, 5.938962020564257], [-0.42646441591292916, 3.6759966644410755], [-0.4219312095512086, 2.6972352103189756], [-0.3462449925954095, 4.649658006624894], [-0.03299613644049645, 3.7669485791726958], [0.5168440925724207, 5.851428133534522], [0.28609401373037596, 5.675107984842149], [-0.039682158496716614, 3.8453257907537943], [-0.4691349712454503, 4.547688097728602], [0.31337132875922163, 5.122618803924555], [-0.2386003450771911, 2.170513855954357], [-0.22709695016177114, 5.928915944193839], [-0.2104945509423963, 5.779653274494031], [-0.22690255331934372, 2.140910141309939], [-0.4101874530514904, 4.388094685319942], [-0.08615888996813456, 5.306519246552278], [-0.07261687247380946, 3.601456225787256], [0.29398317855099776, 5.973636972075565], [-0.11518313972520615, 5.694539291167605], [-0.12558375387000448, 5.267642865598569], [0.25412774677603, 4.107433104196136], [-0.03009957091072094, 5.470667853780309], [-0.1431093429092344, 4.337232243891586], [-0.4495791804345476, 2.4632983763101186], [-0.33619830010110874, 2.2633073158789845], [-0.12708947592042968, 5.697290992735446], [0.29537162720065024, 4.77372311522861], [0.4643365126403381, 4.799090641991902], [-0.2690055900936652, 4.759136118891735], [-0.10210838146451584, 3.184639795278286], [0.41159203361081065, 5.526260181035279], [0.2691150815787409, 3.271131141487064], [-0.2423550211264266, 4.871271611304258], [-0.1979228224658128, 5.530710061325783], [0.14575537999482216, 4.981235764373874], [-0.1329528117710109, 5.22256750903422], [-0.1138415996682943, 3.3888896104616992], [0.22443984666348393, 4.953445710943813], [-0.028773722123394168, 5.6836806151793455], [0.14083871008952803, 5.441852673922155], [-0.509517199888065, 5.675769533185541], [-0.14620335814834567, 5.940663452563911], [0.06338383967911083, 3.7464041423116865], [0.12267123722089517, 5.100458512417541], [-0.3591469075754505, 5.082985672953249], [0.16564729526735864, 1.7751539892933141], [-0.029054275270946887, 4.899994937562034], [0.09682911188699393, 5.748585666401052], [0.1371759446119023, 5.852079871265566], [-0.2481388417522268, 5.643939268616892], [0.2646065724883393, 2.564792747873157], [0.2580077031626013, 1.8092092104435031], [-0.1889051012438251, 1.699338444395707], [-0.30039812607710115, 5.785692691926673], [-0.3393638521177877, 5.516444108484421], [-0.36407643622226854, 5.293739378893071], [0.40384768330954074, 5.52250801855537], [0.26394249160132144, 5.998473218111559], [-0.30711903713906763, 2.404731459326412], [-0.2791508429914584, 1.690140348948898], [0.1622683476639354, 4.619580946368539], [-0.23447248067440685, 4.157288212487886], [-0.061754081464377414, 5.17664972418807], [-0.07476516516041323, 4.845628637224183], [0.1375014346013863, 2.2339238972945594], [0.4891116150367044, 5.821579804605905], [-0.3931641858635922, 5.567701876231322], [0.1302614411800367, 2.326767470744934], [-0.21196127086298303, 4.981351787303055], [0.21724679559853272, 5.858027619693498], [-0.27967492596243826, 5.141795540563788], [-0.14708807534326263, 5.089522921251031], [-0.5212256655112848, 5.661192402748982], [-0.24373887308582698, 3.4817081100422618], [0.044059865540545744, 3.4619810777975166], [0.09097705298016816, 3.378895020415501], [-0.004437749734374966, 5.89040990553716], [-0.16663811797732775, 4.7174849399564165], [-0.4267167922141219, 1.3825476028608665], [-0.17813537046741537, 5.829930882738312], [0.3348341079842317, 4.3123184830047405], [0.30617821170937076, 5.2454091262753115], [-0.037503611575378924, 2.9923574085947617], [-0.2947482770954526, 5.464035716475854], [0.49832169257975656, 5.66713191092951]]","[[-0.735512375831604, 5.071609973907471, -0.41982975602149963], [-0.781180739402771, 4.064624309539795, -0.38334643840789795], [-1.4044524431228638, 5.5760698318481445, -1.468826174736023], [0.806373119354248, 2.1923611164093018, -0.25782671570777893], [0.07387864589691162, 1.4635895490646362, -1.033035159111023], [1.3069241046905518, 3.06561541557312, -0.8319397568702698], [-0.2747912108898163, 3.1189844608306885, -0.7235056161880493], [-2.4549126625061035, 5.393732070922852, -1.9048691987991333], [-1.16005277633667, 5.355739593505859, -0.8161808848381042], [-0.22747677564620972, 3.0643506050109863, -1.4112581014633179], [1.6088486909866333, 2.54795503616333, -1.0489627122879028], [-1.357970952987671, 4.6862616539001465, -1.6997829675674438], [-0.6045415997505188, 1.4616477489471436, -0.4349193871021271], [1.6519150733947754, 4.408895492553711, -1.2341716289520264], [1.4922736883163452, 4.299439907073975, -1.4589314460754395], [-0.6341307163238525, 1.4254730939865112, -0.7663598656654358], [1.311916470527649, 2.6942319869995117, -0.6828466653823853], [0.6444790363311768, 4.204270839691162, -1.761370062828064], [-0.21181979775428772, 2.891218423843384, -0.8401235938072205], [-1.1739826202392578, 5.660854816436768, -0.7993767261505127], [0.9604702591896057, 4.650146961212158, -0.4360598027706146], [0.8209261894226074, 4.1502685546875, -1.36021888256073], [-1.2429896593093872, 3.776762008666992, -0.8402048349380493], [0.4597528278827667, 4.608142852783203, -1.2361524105072021], [0.40122923254966736, 3.3697142601013184, -0.9827103018760681], [-0.049600470811128616, 1.3338934183120728, -0.45922306180000305], [-0.36840492486953735, 1.3738999366760254, -0.6539188623428345], [1.0243852138519287, 4.614221096038818, -0.3322118818759918], [-1.3120083808898926, 4.4540181159973145, -0.9510701298713684], [-2.1223397254943848, 4.517705917358398, -0.9276341795921326], [1.099855661392212, 3.303272247314453, -1.3775815963745117], [-0.3401331305503845, 2.4154558181762695, -1.1782236099243164], [-1.8733155727386475, 5.270479202270508, -0.5131598711013794], [-1.434418797492981, 2.976118564605713, -0.5435752868652344], [1.0511250495910645, 3.4517409801483154, -1.5352225303649902], [1.273290753364563, 4.082516670227051, -1.7135673761367798], [-0.5687529444694519, 4.522246837615967, -0.841819167137146], [0.819017231464386, 4.064770698547363, -1.5039151906967163], [-0.19513651728630066, 2.6252171993255615, -0.8968864679336548], [-0.9702979922294617, 4.599729061126709, -0.38003405928611755], [0.5550751686096191, 4.775750160217285, -1.3936768770217896], [-0.4186830520629883, 4.796748161315918, -1.8244377374649048], [2.6292033195495605, 3.0948119163513184, -0.9297096729278564], [1.2786457538604736, 4.711605072021484, -1.050066351890564], [-0.6075542569160461, 3.1967666149139404, -1.0807746648788452], [-0.4248057007789612, 4.54000997543335, -1.3461369276046753], [1.6238069534301758, 3.367189884185791, -0.2100205272436142], [-1.4745007753372192, 1.443359613418579, -0.7135831117630005], [0.2149532288312912, 4.130335807800293, -0.9113872647285461], [-0.09902448207139969, 5.187546253204346, -0.7424336671829224], [-0.275611937046051, 5.182178497314453, -1.8712595701217651], [1.5730301141738892, 4.140717029571533, -0.9680286645889282], [-1.5191881656646729, 2.258197784423828, -0.7668908834457397], [-1.636739730834961, 1.527811884880066, -0.4118267893791199], [-0.9530563354492188, 1.1261926889419556, -0.6123627424240112], [1.8829679489135742, 4.095810890197754, -0.4020892083644867], [1.8801361322402954, 3.701002836227417, -1.0135948657989502], [1.8178768157958984, 3.4164793491363525, -1.193558692932129], [-1.8537741899490356, 5.257071495056152, -0.16569417715072632], [-0.9858658909797668, 5.608870983123779, -1.3120163679122925], [-0.3241429328918457, 1.4978622198104858, -0.8369688987731934], [-0.8347647786140442, 1.0228068828582764, -0.6408416628837585], [-0.7489219307899475, 4.207465648651123, -0.6649905443191528], [0.5894699692726135, 3.0493807792663574, -0.371214896440506], [0.48165133595466614, 4.282543182373047, -1.097767949104309], [0.38478806614875793, 3.9414212703704834, -1.201413631439209], [-1.3034042119979858, 1.8139106035232544, -1.0371800661087036], [-2.3218743801116943, 5.552342891693115, -0.4737469255924225], [2.132655143737793, 3.5374584197998047, -0.8258293867111206], [-1.253484845161438, 1.937474250793457, -0.8755593299865723], [1.016788125038147, 3.7583773136138916, -0.6241424083709717], [-0.7360708713531494, 5.328308582305908, -1.7845897674560547], [1.3445065021514893, 3.680060386657715, -0.0017258523730561137], [0.7970044016838074, 4.040553092956543, -0.3839561641216278], [2.6248092651367188, 3.1006593704223633, -0.2550883889198303], [0.22393612563610077, 2.443875789642334, -0.9251155853271484], [-0.6508451700210571, 2.9181060791015625, -1.0006744861602783], [-0.8299883008003235, 2.935978412628174, -0.6277530789375305], [0.4716223478317261, 5.105075359344482, -0.0506548136472702], [0.650888979434967, 3.676102876663208, -0.11362805217504501], [-0.90770024061203, 0.6642541885375977, -0.3477208614349365], [1.3589365482330322, 4.401618003845215, -1.7009316682815552], [-1.5445491075515747, 4.010852336883545, -0.9767881631851196], [-1.3201606273651123, 4.948207378387451, -0.687322735786438], [-0.6076949834823608, 2.428687334060669, -0.4173581302165985], [1.65182626247406, 3.7263150215148926, -1.5654360055923462], [-2.3607006072998047, 5.372984886169434, -0.9860233068466187]]"
2692,-1.9000841134080264,-0.29652894708919375,-0.4750210283520066,-0.02544403806771257,0.04305871079644501,0.544912637413792,0.8369998601780662,-1.899907197365776,-0.29578286612177457,-0.4750864369236178,-0.026210684562071818,0.04366089943923506,0.5448519957432537,0.8369844852860403,"[75, 95, 163, 205, 254, 306, 373, 421, 456, 485, 590, 656, 737, 803, 812, 877, 900, 1020, 1039, 1061, 1120, 1138, 1344, 1415, 1442, 1500, 1578, 1613, 1617, 1629, 1632, 1695, 1708, 1927, 1950, 1958, 1966, 1974, 2001, 2004, 2005, 2020, 2057, 2099, 2224, 2275, 2276, 2332, 2369, 2416, 2541, 2695, 2702, 2750, 2836, 2855, 2856, 2875, 3118, 3182, 3232, 3248, 3249, 3414, 3485, 3549, 3566, 3586, 3755, 3773, 3804, 3865, 3887, 3983, 4026, 4216, 4237, 4259, 4306, 4322, 4400, 4420, 4660, 4662, 4838, 4875, 4906, 4948]","[[0.20468490140476345, 5.49234864183811], [0.16862349738207782, 4.503950426982578], [0.33050259890884853, 5.976919572258623], [0.375598898066642, 4.719380415941802], [-0.41397602386545956, 3.6830247754936067], [-0.4195025703983033, 2.7022776058281455], [-0.5180598939291783, 3.038743763419889], [-0.34359675708831705, 4.6599508067343525], [-0.026892799072082706, 3.7901767102528194], [-0.4990616429598031, 4.928039346360273], [0.5017485046630761, 5.8933417888340465], [0.2848844088233188, 5.710318952567599], [-0.04439488275232127, 3.869031871532896], [-0.4703211585540322, 4.552250506415579], [0.2998277190883266, 5.160349141262267], [-0.21927172332347528, 2.1857488010062247], [-0.22790389986528864, 5.946109979207755], [-0.21605996864749816, 5.7947474154029415], [-0.21536289955926893, 2.1580892546292096], [-0.40467105568472944, 4.393847310598037], [-0.09743479976351756, 5.328667160731279], [-0.07114153351852195, 3.6243825086462707], [-0.10835646297790877, 5.7143448327531665], [-0.13228073129287285, 5.288081976554998], [0.25690014100731606, 4.142470608712574], [-0.03338783977827448, 5.494238516247774], [-0.14336278443378048, 4.358864537356985], [-0.43316608081708824, 2.464959581943896], [-0.324743200259778, 2.271812707151947], [-0.12128175868731848, 5.7157956849868885], [0.28877262233310114, 4.81009019218627], [0.45985553572886023, 4.841945725699247], [-0.2747053143478242, 4.772803125092347], [-0.10528420148096258, 3.2043987344037586], [0.41317406538878554, 5.565668044015851], [0.2754827017106393, 3.3051419698996622], [-0.24675678306857454, 4.888205253462847], [-0.28828040017053425, 4.418695030458523], [-0.2060809312397392, 5.548724558022397], [0.1467158894433124, 5.012416406513546], [-0.13788746819408268, 5.240694693040285], [-0.11078830551347478, 3.410015297569681], [0.2290761436384744, 4.986986536433796], [-0.033284677393377184, 5.708413640032268], [0.13035203510214005, 5.472249380381111], [-0.5098511691224398, 5.676401840855792], [-0.14750688663553485, 5.960267353129788], [0.06014585202275907, 3.7738900434696476], [-0.5005757706844004, 3.520036983439434], [0.11725111993268567, 5.13157458685947], [-0.3511051846562438, 5.089426482881274], [0.17737653801263112, 1.8075548350668136], [-0.028582044142692862, 4.924584159246266], [0.10105062901404692, 5.779499022885283], [0.12528664413419802, 5.882178631793184], [-0.24579918924438096, 5.654594289771014], [0.26643488673543203, 2.5995609123280596], [0.27519488944438475, 1.8444674069291551], [-0.168037723606209, 1.714449001178297], [-0.2936629722163393, 5.796690833134902], [-0.3406095029960771, 5.5269015963650645], [-0.3659387311164697, 5.302963238928104], [0.41329218376613364, 5.563060345737827], [-0.30168341319552794, 2.4147432273445064], [-0.2612860736162599, 1.7035303164253115], [0.16757495393155658, 4.653015685375927], [-0.22186550505107644, 4.1722776472153456], [-0.06253356347168595, 5.198063478592819], [-0.07663956181939516, 4.869347526291535], [0.13826684513460608, 2.263575660107255], [0.4880719864174763, 5.863923752909483], [-0.3927912251846864, 5.573921944556618], [0.1344062123959949, 2.3602879482287893], [-0.2081896993358838, 4.997436737255536], [0.20732034976024263, 5.892697626014236], [-0.13861999195119898, 5.110585855141355], [-0.5135917333497384, 5.661663128356429], [-0.24174088013876605, 3.4952070372325807], [0.0462315690523919, 3.4869520463205284], [0.0963714241805406, 3.4088639965963727], [0.05305451215445879, 5.302479089248837], [0.0032662580433080604, 5.914200100589718], [-0.18767685741645587, 5.847452149794365], [0.33236445425632627, 4.350741691635571], [0.3060004344793352, 5.281320190778081], [-0.024014529544821236, 3.0156416431917403], [-0.30439860554513715, 5.474788617717532], [0.49371231932480153, 5.709520733115331]]","[[-0.735512375831604, 5.071609973907471, -0.41982975602149963], [-0.781180739402771, 4.064624309539795, -0.38334643840789795], [-1.4044524431228638, 5.5760698318481445, -1.468826174736023], [-1.690869688987732, 4.409207820892334, -0.17856155335903168], [0.806373119354248, 2.1923611164093018, -0.25782671570777893], [0.07387864589691162, 1.4635895490646362, -1.033035159111023], [0.5423591136932373, 1.494657039642334, -0.7125662565231323], [1.3069241046905518, 3.06561541557312, -0.8319397568702698], [-0.2747912108898163, 3.1189844608306885, -0.7235056161880493], [1.9047646522521973, 2.5723440647125244, -1.730881690979004], [-2.4549126625061035, 5.393732070922852, -1.9048691987991333], [-1.16005277633667, 5.355739593505859, -0.8161808848381042], [-0.22747677564620972, 3.0643506050109863, -1.4112581014633179], [1.6088486909866333, 2.54795503616333, -1.0489627122879028], [-1.357970952987671, 4.6862616539001465, -1.6997829675674438], [-0.6045415997505188, 1.4616477489471436, -0.4349193871021271], [1.6519150733947754, 4.408895492553711, -1.2341716289520264], [1.4922736883163452, 4.299439907073975, -1.4589314460754395], [-0.6341307163238525, 1.4254730939865112, -0.7663598656654358], [1.311916470527649, 2.6942319869995117, -0.6828466653823853], [0.6444790363311768, 4.204270839691162, -1.761370062828064], [-0.21181979775428772, 2.891218423843384, -0.8401235938072205], [0.9604702591896057, 4.650146961212158, -0.4360598027706146], [0.8209261894226074, 4.1502685546875, -1.36021888256073], [-1.2429896593093872, 3.776762008666992, -0.8402048349380493], [0.4597528278827667, 4.608142852783203, -1.2361524105072021], [0.40122923254966736, 3.3697142601013184, -0.9827103018760681], [-0.049600470811128616, 1.3338934183120728, -0.45922306180000305], [-0.36840492486953735, 1.3738999366760254, -0.6539188623428345], [1.0243852138519287, 4.614221096038818, -0.3322118818759918], [-1.3120083808898926, 4.4540181159973145, -0.9510701298713684], [-2.1223397254943848, 4.517705917358398, -0.9276341795921326], [1.099855661392212, 3.303272247314453, -1.3775815963745117], [-0.3401331305503845, 2.4154558181762695, -1.1782236099243164], [-1.8733155727386475, 5.270479202270508, -0.5131598711013794], [-1.434418797492981, 2.976118564605713, -0.5435752868652344], [1.0511250495910645, 3.4517409801483154, -1.5352225303649902], [0.8765942454338074, 2.942277669906616, -1.6287310123443604], [1.273290753364563, 4.082516670227051, -1.7135673761367798], [-0.5687529444694519, 4.522246837615967, -0.841819167137146], [0.819017231464386, 4.064770698547363, -1.5039151906967163], [-0.19513651728630066, 2.6252171993255615, -0.8968864679336548], [-0.9702979922294617, 4.599729061126709, -0.38003405928611755], [0.5550751686096191, 4.775750160217285, -1.3936768770217896], [-0.4186830520629883, 4.796748161315918, -1.8244377374649048], [2.6292033195495605, 3.0948119163513184, -0.9297096729278564], [1.2786457538604736, 4.711605072021484, -1.050066351890564], [-0.6075542569160461, 3.1967666149139404, -1.0807746648788452], [0.829414963722229, 1.7576984167099, -1.3244084119796753], [-0.4248057007789612, 4.54000997543335, -1.3461369276046753], [1.6238069534301758, 3.367189884185791, -0.2100205272436142], [-1.4745007753372192, 1.443359613418579, -0.7135831117630005], [0.2149532288312912, 4.130335807800293, -0.9113872647285461], [-0.09902448207139969, 5.187546253204346, -0.7424336671829224], [-0.275611937046051, 5.182178497314453, -1.8712595701217651], [1.5730301141738892, 4.140717029571533, -0.9680286645889282], [-1.5191881656646729, 2.258197784423828, -0.7668908834457397], [-1.636739730834961, 1.527811884880066, -0.4118267893791199], [-0.9530563354492188, 1.1261926889419556, -0.6123627424240112], [1.8829679489135742, 4.095810890197754, -0.4020892083644867], [1.8801361322402954, 3.701002836227417, -1.0135948657989502], [1.8178768157958984, 3.4164793491363525, -1.193558692932129], [-1.8537741899490356, 5.257071495056152, -0.16569417715072632], [-0.3241429328918457, 1.4978622198104858, -0.8369688987731934], [-0.8347647786140442, 1.0228068828582764, -0.6408416628837585], [-0.7489219307899475, 4.207465648651123, -0.6649905443191528], [0.5894699692726135, 3.0493807792663574, -0.371214896440506], [0.48165133595466614, 4.282543182373047, -1.097767949104309], [0.38478806614875793, 3.9414212703704834, -1.201413631439209], [-1.3034042119979858, 1.8139106035232544, -1.0371800661087036], [-2.3218743801116943, 5.552342891693115, -0.4737469255924225], [2.132655143737793, 3.5374584197998047, -0.8258293867111206], [-1.253484845161438, 1.937474250793457, -0.8755593299865723], [1.016788125038147, 3.7583773136138916, -0.6241424083709717], [-0.7360708713531494, 5.328308582305908, -1.7845897674560547], [0.7970044016838074, 4.040553092956543, -0.3839561641216278], [2.6248092651367188, 3.1006593704223633, -0.2550883889198303], [0.22393612563610077, 2.443875789642334, -0.9251155853271484], [-0.6508451700210571, 2.9181060791015625, -1.0006744861602783], [-0.8299883008003235, 2.935978412628174, -0.6277530789375305], [-0.01725850999355316, 4.645467281341553, -0.0787845328450203], [0.4716223478317261, 5.105075359344482, -0.0506548136472702], [1.3589365482330322, 4.401618003845215, -1.7009316682815552], [-1.5445491075515747, 4.010852336883545, -0.9767881631851196], [-1.3201606273651123, 4.948207378387451, -0.687322735786438], [-0.6076949834823608, 2.428687334060669, -0.4173581302165985], [1.65182626247406, 3.7263150215148926, -1.5654360055923462], [-2.3607006072998047, 5.372984886169434, -0.9860233068466187]]"
2694,-1.8679434375391086,-0.33375192661588715,-0.46698585938477716,0.0020956547655371104,0.057715371571327084,0.5473908530690356,0.8348819066741361,-1.868061745484145,-0.33481452648863386,-0.46747493274712715,0.001698721798045514,0.05637441119626456,0.5476235668241399,0.8348218188124543,"[75, 95, 205, 254, 306, 373, 421, 456, 485, 656, 737, 803, 812, 877, 900, 1020, 1039, 1061, 1120, 1138, 1344, 1415, 1442, 1500, 1578, 1613, 1617, 1629, 1632, 1695, 1708, 1927, 1950, 1958, 1966, 1974, 2001, 2004, 2005, 2020, 2057, 2099, 2224, 2275, 2276, 2332, 2369, 2416, 2541, 2695, 2702, 2750, 2836, 2855, 2856, 2875, 3118, 3182, 3232, 3248, 3249, 3414, 3485, 3549, 3566, 3586, 3755, 3773, 3804, 3865, 3887, 3983, 4026, 4191, 4216, 4237, 4259, 4306, 4322, 4400, 4420, 4660, 4662, 4838, 4875, 4906, 4948]","[[0.20743153539930168, 5.52341998740447], [0.1733565032046686, 4.532094291354416], [0.3824289724149751, 4.756019866776704], [-0.4025428103184866, 3.6843846769361437], [-0.4167496701275931, 2.705576548486202], [-0.51119780787573, 3.0357742593913377], [-0.3409664562161749, 4.666001950761226], [-0.023728170509276586, 3.811118256848053], [-0.507518143702858, 4.928167012378831], [0.28465839190008335, 5.743820754092447], [-0.05201144183607825, 3.8885545689038503], [-0.4698595969985455, 4.553304810007523], [0.2892841430958042, 5.194094291654187], [-0.19980227750319676, 2.1965326907468072], [-0.23187416609809006, 5.954192254689615], [-0.22226900531663668, 5.809403462690381], [-0.20552263502665052, 2.170259725181551], [-0.3983683909036799, 4.396516780189339], [-0.10657896288114986, 5.346238618887546], [-0.06902045585857598, 3.645447461518063], [-0.10064658913697855, 5.730382938805553], [-0.13678483364128544, 5.30521795626051], [0.2545040080753341, 4.173973539610131], [-0.037211141308608406, 5.518165615899847], [-0.1427290433476219, 4.373409440548288], [-0.4168897126386503, 2.468327645014863], [-0.313269522085326, 2.28105207663601], [-0.11471346299745146, 5.731722993404759], [0.2901030232216881, 4.842602026778398], [0.45549784859686515, 4.878285565704269], [-0.2794340246314991, 4.7830172667168585], [-0.10774805268662249, 3.2237889184401674], [0.4133055297286821, 5.604047038710296], [0.2809439363827156, 3.3410457353229766], [-0.2534651421320502, 4.899459163029168], [-0.2952437773205665, 4.428792838997188], [-0.21483360938401908, 5.5598246894954615], [0.1466328646210663, 5.041465046730479], [-0.14533827991912207, 5.258257044712974], [-0.1102107773177673, 3.4253760153206825], [0.23356315692285287, 5.01426375850201], [-0.03948115683909579, 5.733532885975569], [0.11926822068126365, 5.5011789483302], [-0.5113315539683437, 5.6747781552922785], [-0.1508056472146975, 5.975731296869714], [0.058500398066301244, 3.797106100730189], [-0.5009114810848407, 3.520112633038889], [0.11305146849424767, 5.157439230851714], [-0.3424176230415841, 5.095976398436693], [0.18526837874480773, 1.8376625539749014], [-0.03120971617969617, 4.945805824295765], [0.0999092027130061, 5.804341558000247], [0.11154328803322269, 5.910466431932058], [-0.24833993887381509, 5.664470351337029], [0.26826544230864735, 2.632769971795779], [0.2927115673422969, 1.8745367840482554], [-0.1530059685941046, 1.7283310456356678], [-0.2917104479442005, 5.803234287889929], [-0.34038298829656904, 5.533617149779658], [-0.3705297475788347, 5.306090178108619], [0.4144023350654701, 5.599476023244587], [-0.2925161453332244, 2.423598783821208], [-0.24289316943462708, 1.715573278382764], [0.16785455666354576, 4.681153453798168], [-0.21620913141334988, 4.182494786144213], [-0.0646913606468939, 5.217740883042148], [-0.08188038956955779, 4.889478281294808], [0.13593843326670565, 2.2919214088617474], [0.4888268160201645, 5.903869207948317], [-0.3924569482114155, 5.579521254113741], [0.13574771327365062, 2.3865837352122807], [-0.20263021653048424, 5.008824571213331], [0.19602079226495328, 5.92393911820893], [0.40539041116013336, 3.0110546031163654], [-0.13191518457436613, 5.121070117544915], [-0.5056432449727033, 5.660558744726321], [-0.23812277665554654, 3.5075894838168953], [0.04350851491685204, 3.511808434841465], [0.10152104815794287, 3.4354029666842147], [0.06280083835557289, 5.325224423227024], [0.008946874323105775, 5.935576977987288], [-0.19628993217910135, 5.861713844401729], [0.3278072570025893, 4.386174686392148], [0.3066631929984643, 5.314367697533918], [-0.013266946340038731, 3.0387734478534396], [-0.3089129110129155, 5.483205676086829], [0.4907130761854839, 5.751547664352105]]","[[-0.735512375831604, 5.071609973907471, -0.41982975602149963], [-0.781180739402771, 4.064624309539795, -0.38334643840789795], [-1.690869688987732, 4.409207820892334, -0.17856155335903168], [0.806373119354248, 2.1923611164093018, -0.25782671570777893], [0.07387864589691162, 1.4635895490646362, -1.033035159111023], [0.5423591136932373, 1.494657039642334, -0.7125662565231323], [1.3069241046905518, 3.06561541557312, -0.8319397568702698], [-0.2747912108898163, 3.1189844608306885, -0.7235056161880493], [1.9047646522521973, 2.5723440647125244, -1.730881690979004], [-1.16005277633667, 5.355739593505859, -0.8161808848381042], [-0.22747677564620972, 3.0643506050109863, -1.4112581014633179], [1.6088486909866333, 2.54795503616333, -1.0489627122879028], [-1.357970952987671, 4.6862616539001465, -1.6997829675674438], [-0.6045415997505188, 1.4616477489471436, -0.4349193871021271], [1.6519150733947754, 4.408895492553711, -1.2341716289520264], [1.4922736883163452, 4.299439907073975, -1.4589314460754395], [-0.6341307163238525, 1.4254730939865112, -0.7663598656654358], [1.311916470527649, 2.6942319869995117, -0.6828466653823853], [0.6444790363311768, 4.204270839691162, -1.761370062828064], [-0.21181979775428772, 2.891218423843384, -0.8401235938072205], [0.9604702591896057, 4.650146961212158, -0.4360598027706146], [0.8209261894226074, 4.1502685546875, -1.36021888256073], [-1.2429896593093872, 3.776762008666992, -0.8402048349380493], [0.4597528278827667, 4.608142852783203, -1.2361524105072021], [0.40122923254966736, 3.3697142601013184, -0.9827103018760681], [-0.049600470811128616, 1.3338934183120728, -0.45922306180000305], [-0.36840492486953735, 1.3738999366760254, -0.6539188623428345], [1.0243852138519287, 4.614221096038818, -0.3322118818759918], [-1.3120083808898926, 4.4540181159973145, -0.9510701298713684], [-2.1223397254943848, 4.517705917358398, -0.9276341795921326], [1.099855661392212, 3.303272247314453, -1.3775815963745117], [-0.3401331305503845, 2.4154558181762695, -1.1782236099243164], [-1.8733155727386475, 5.270479202270508, -0.5131598711013794], [-1.434418797492981, 2.976118564605713, -0.5435752868652344], [1.0511250495910645, 3.4517409801483154, -1.5352225303649902], [0.8765942454338074, 2.942277669906616, -1.6287310123443604], [1.273290753364563, 4.082516670227051, -1.7135673761367798], [-0.5687529444694519, 4.522246837615967, -0.841819167137146], [0.819017231464386, 4.064770698547363, -1.5039151906967163], [-0.19513651728630066, 2.6252171993255615, -0.8968864679336548], [-0.9702979922294617, 4.599729061126709, -0.38003405928611755], [0.5550751686096191, 4.775750160217285, -1.3936768770217896], [-0.4186830520629883, 4.796748161315918, -1.8244377374649048], [2.6292033195495605, 3.0948119163513184, -0.9297096729278564], [1.2786457538604736, 4.711605072021484, -1.050066351890564], [-0.6075542569160461, 3.1967666149139404, -1.0807746648788452], [0.829414963722229, 1.7576984167099, -1.3244084119796753], [-0.4248057007789612, 4.54000997543335, -1.3461369276046753], [1.6238069534301758, 3.367189884185791, -0.2100205272436142], [-1.4745007753372192, 1.443359613418579, -0.7135831117630005], [0.2149532288312912, 4.130335807800293, -0.9113872647285461], [-0.09902448207139969, 5.187546253204346, -0.7424336671829224], [-0.275611937046051, 5.182178497314453, -1.8712595701217651], [1.5730301141738892, 4.140717029571533, -0.9680286645889282], [-1.5191881656646729, 2.258197784423828, -0.7668908834457397], [-1.636739730834961, 1.527811884880066, -0.4118267893791199], [-0.9530563354492188, 1.1261926889419556, -0.6123627424240112], [1.8829679489135742, 4.095810890197754, -0.4020892083644867], [1.8801361322402954, 3.701002836227417, -1.0135948657989502], [1.8178768157958984, 3.4164793491363525, -1.193558692932129], [-1.8537741899490356, 5.257071495056152, -0.16569417715072632], [-0.3241429328918457, 1.4978622198104858, -0.8369688987731934], [-0.8347647786140442, 1.0228068828582764, -0.6408416628837585], [-0.7489219307899475, 4.207465648651123, -0.6649905443191528], [0.5894699692726135, 3.0493807792663574, -0.371214896440506], [0.48165133595466614, 4.282543182373047, -1.097767949104309], [0.38478806614875793, 3.9414212703704834, -1.201413631439209], [-1.3034042119979858, 1.8139106035232544, -1.0371800661087036], [-2.3218743801116943, 5.552342891693115, -0.4737469255924225], [2.132655143737793, 3.5374584197998047, -0.8258293867111206], [-1.253484845161438, 1.937474250793457, -0.8755593299865723], [1.016788125038147, 3.7583773136138916, -0.6241424083709717], [-0.7360708713531494, 5.328308582305908, -1.7845897674560547], [-1.8155769109725952, 2.661280870437622, -0.19078916311264038], [0.7970044016838074, 4.040553092956543, -0.3839561641216278], [2.6248092651367188, 3.1006593704223633, -0.2550883889198303], [0.22393612563610077, 2.443875789642334, -0.9251155853271484], [-0.6508451700210571, 2.9181060791015625, -1.0006744861602783], [-0.8299883008003235, 2.935978412628174, -0.6277530789375305], [-0.01725850999355316, 4.645467281341553, -0.0787845328450203], [0.4716223478317261, 5.105075359344482, -0.0506548136472702], [1.3589365482330322, 4.401618003845215, -1.7009316682815552], [-1.5445491075515747, 4.010852336883545, -0.9767881631851196], [-1.3201606273651123, 4.948207378387451, -0.687322735786438], [-0.6076949834823608, 2.428687334060669, -0.4173581302165985], [1.65182626247406, 3.7263150215148926, -1.5654360055923462], [-2.3607006072998047, 5.372984886169434, -0.9860233068466187]]"
2696,-1.8314998462450447,-0.3679014099200784,-0.4578749615612612,0.02930101720782684,0.06675638867936091,0.5502723099745919,0.8317965014571195,-1.8310714366319483,-0.3679531970264619,-0.4585191221834291,0.029421820612697863,0.06684444405268772,0.5507681192907985,0.8314569474987853,"[75, 95, 205, 254, 306, 373, 421, 456, 485, 656, 737, 803, 877, 900, 1020, 1039, 1061, 1120, 1138, 1168, 1344, 1415, 1442, 1500, 1578, 1613, 1617, 1629, 1632, 1695, 1708, 1927, 1950, 1958, 1966, 1974, 2001, 2004, 2005, 2020, 2057, 2099, 2229, 2275, 2276, 2332, 2369, 2416, 2541, 2695, 2702, 2750, 2855, 2856, 2875, 3118, 3182, 3232, 3248, 3249, 3414, 3485, 3549, 3566, 3586, 3755, 3804, 3865, 3887, 3983, 4026, 4191, 4216, 4237, 4259, 4306, 4322, 4400, 4420, 4515, 4660, 4662, 4838, 4848, 4875, 4906, 4948]","[[0.20733748650533682, 5.547890410110319], [0.17725608006881147, 4.557191519895939], [0.3830650409011887, 4.788589915363927], [-0.3888590734240876, 3.681014284076085], [-0.415383559633505, 2.705591554328239], [-0.5060422944994832, 3.027360909863663], [-0.341698060932234, 4.664929061094892], [-0.02061196125433711, 3.8280423770263723], [-0.5176708003796661, 4.921534420792455], [0.2809554673100963, 5.774091602324874], [-0.05942447819267592, 3.9083474569681043], [-0.4720643790128823, 4.548077476659012], [-0.18278319646916458, 2.202979240414952], [-0.2358174249608958, 5.96358175065349], [-0.22790741748532273, 5.816379504369581], [-0.19670531652054876, 2.179360224618141], [-0.39529560472440883, 4.394535648480447], [-0.1172448564062769, 5.361866726815677], [-0.06665512254547677, 3.659423942309878], [-0.020393045573264438, 5.900554678456226], [-0.0991441294765278, 5.742566878071674], [-0.14184161358997963, 5.314803904322654], [0.25007717101179067, 4.20405124031026], [-0.04108927433645782, 5.53263066393585], [-0.14380640472776052, 4.383960178409707], [-0.40145173743538254, 2.463194697749326], [-0.29950107792164615, 2.2829522515343776], [-0.1101116875529421, 5.743121051549843], [0.28219651185973443, 4.875113959297279], [0.45032350054500037, 4.915923148988256], [-0.2853594254741638, 4.787592144325647], [-0.1130653304241793, 3.238609038483714], [0.4115462389352663, 5.638383621733712], [0.2831321439184929, 3.3702701731535014], [-0.26196783429396164, 4.905258164043628], [-0.3056392946720761, 4.433906458716918], [-0.22569239108141212, 5.572138529366444], [0.1429588981129559, 5.065697020937235], [-0.15266882560983527, 5.269926822807791], [-0.10763166690387738, 3.4398776853447592], [0.23514043170942872, 5.041074601745933], [-0.046555354961591494, 5.747216538303765], [0.053685719424646096, 5.500035697575966], [-0.5101949596873203, 5.667674138124961], [-0.153459151914916, 5.985086820126473], [0.05516339445712836, 3.8201458985450003], [-0.5063752633974853, 3.5147271859046785], [0.10313759708082025, 5.181946020721795], [-0.33400671099248735, 5.094961785167907], [0.19056607399332243, 1.8636988430783104], [-0.030949580040006613, 4.9635011767112145], [0.09595372951705756, 5.825822358425411], [-0.24925921991956182, 5.67406357857899], [0.26914553110649353, 2.6623111579937806], [0.30673079973012574, 1.9069264503253947], [-0.13190731393555963, 1.7399901098075068], [-0.2838849618826596, 5.808470231811168], [-0.3409592342050283, 5.536046915593314], [-0.3710067175296409, 5.308433927774226], [0.4169622984251249, 5.63200630405993], [-0.2866045568360086, 2.428064232711036], [-0.22532072552237972, 1.7211624668612326], [0.166677054721366, 4.704476298537189], [-0.20612295939577238, 4.190019504818384], [-0.07036994442646859, 5.23222400655453], [-0.0865582029531078, 4.902901148283399], [0.48396693760218057, 5.9407192706276435], [-0.39039403359106434, 5.575797124518263], [0.13650280470393442, 2.412576836190814], [-0.20100026284704603, 5.0156977801829505], [0.18515286897606215, 5.952113990153422], [0.41175730127766175, 3.0422992578503076], [-0.12844557195940426, 5.134020492456593], [-0.5000394693432499, 5.651404140734281], [-0.23493593315206612, 3.5143525630198043], [0.041196858767581446, 3.534198071345115], [0.10531171730017888, 3.4576083696730766], [0.06817834888930926, 5.342309707868469], [0.01766542359409808, 5.949239995107903], [-0.13655895174745125, 4.75747337320613], [-0.20396629051798673, 5.8714459290719985], [0.32302601644381757, 4.419560327992092], [0.3039189881677752, 5.3466626300546745], [0.3884184720547839, 5.624341477404835], [-0.0027478375234261587, 3.053673739521688], [-0.31616578294326264, 5.488927025551284], [0.4825892864520266, 5.788908113562662]]","[[-0.735512375831604, 5.071609973907471, -0.41982975602149963], [-0.781180739402771, 4.064624309539795, -0.38334643840789795], [-1.690869688987732, 4.409207820892334, -0.17856155335903168], [0.806373119354248, 2.1923611164093018, -0.25782671570777893], [0.07387864589691162, 1.4635895490646362, -1.033035159111023], [0.5423591136932373, 1.494657039642334, -0.7125662565231323], [1.3069241046905518, 3.06561541557312, -0.8319397568702698], [-0.2747912108898163, 3.1189844608306885, -0.7235056161880493], [1.9047646522521973, 2.5723440647125244, -1.730881690979004], [-1.16005277633667, 5.355739593505859, -0.8161808848381042], [-0.22747677564620972, 3.0643506050109863, -1.4112581014633179], [1.6088486909866333, 2.54795503616333, -1.0489627122879028], [-0.6045415997505188, 1.4616477489471436, -0.4349193871021271], [1.6519150733947754, 4.408895492553711, -1.2341716289520264], [1.4922736883163452, 4.299439907073975, -1.4589314460754395], [-0.6341307163238525, 1.4254730939865112, -0.7663598656654358], [1.311916470527649, 2.6942319869995117, -0.6828466653823853], [0.6444790363311768, 4.204270839691162, -1.761370062828064], [-0.21181979775428772, 2.891218423843384, -0.8401235938072205], [0.6671563982963562, 4.9510884284973145, 0.08018825948238373], [0.9604702591896057, 4.650146961212158, -0.4360598027706146], [0.8209261894226074, 4.1502685546875, -1.36021888256073], [-1.2429896593093872, 3.776762008666992, -0.8402048349380493], [0.4597528278827667, 4.608142852783203, -1.2361524105072021], [0.40122923254966736, 3.3697142601013184, -0.9827103018760681], [-0.049600470811128616, 1.3338934183120728, -0.45922306180000305], [-0.36840492486953735, 1.3738999366760254, -0.6539188623428345], [1.0243852138519287, 4.614221096038818, -0.3322118818759918], [-1.3120083808898926, 4.4540181159973145, -0.9510701298713684], [-2.1223397254943848, 4.517705917358398, -0.9276341795921326], [1.099855661392212, 3.303272247314453, -1.3775815963745117], [-0.3401331305503845, 2.4154558181762695, -1.1782236099243164], [-1.8733155727386475, 5.270479202270508, -0.5131598711013794], [-1.434418797492981, 2.976118564605713, -0.5435752868652344], [1.0511250495910645, 3.4517409801483154, -1.5352225303649902], [0.8765942454338074, 2.942277669906616, -1.6287310123443604], [1.273290753364563, 4.082516670227051, -1.7135673761367798], [-0.5687529444694519, 4.522246837615967, -0.841819167137146], [0.819017231464386, 4.064770698547363, -1.5039151906967163], [-0.19513651728630066, 2.6252171993255615, -0.8968864679336548], [-0.9702979922294617, 4.599729061126709, -0.38003405928611755], [0.5550751686096191, 4.775750160217285, -1.3936768770217896], [0.12379542738199234, 4.747463226318359, 0.05897322669625282], [2.6292033195495605, 3.0948119163513184, -0.9297096729278564], [1.2786457538604736, 4.711605072021484, -1.050066351890564], [-0.6075542569160461, 3.1967666149139404, -1.0807746648788452], [0.829414963722229, 1.7576984167099, -1.3244084119796753], [-0.4248057007789612, 4.54000997543335, -1.3461369276046753], [1.6238069534301758, 3.367189884185791, -0.2100205272436142], [-1.4745007753372192, 1.443359613418579, -0.7135831117630005], [0.2149532288312912, 4.130335807800293, -0.9113872647285461], [-0.09902448207139969, 5.187546253204346, -0.7424336671829224], [1.5730301141738892, 4.140717029571533, -0.9680286645889282], [-1.5191881656646729, 2.258197784423828, -0.7668908834457397], [-1.636739730834961, 1.527811884880066, -0.4118267893791199], [-0.9530563354492188, 1.1261926889419556, -0.6123627424240112], [1.8829679489135742, 4.095810890197754, -0.4020892083644867], [1.8801361322402954, 3.701002836227417, -1.0135948657989502], [1.8178768157958984, 3.4164793491363525, -1.193558692932129], [-1.8537741899490356, 5.257071495056152, -0.16569417715072632], [-0.3241429328918457, 1.4978622198104858, -0.8369688987731934], [-0.8347647786140442, 1.0228068828582764, -0.6408416628837585], [-0.7489219307899475, 4.207465648651123, -0.6649905443191528], [0.5894699692726135, 3.0493807792663574, -0.371214896440506], [0.48165133595466614, 4.282543182373047, -1.097767949104309], [0.38478806614875793, 3.9414212703704834, -1.201413631439209], [-2.3218743801116943, 5.552342891693115, -0.4737469255924225], [2.132655143737793, 3.5374584197998047, -0.8258293867111206], [-1.253484845161438, 1.937474250793457, -0.8755593299865723], [1.016788125038147, 3.7583773136138916, -0.6241424083709717], [-0.7360708713531494, 5.328308582305908, -1.7845897674560547], [-1.8155769109725952, 2.661280870437622, -0.19078916311264038], [0.7970044016838074, 4.040553092956543, -0.3839561641216278], [2.6248092651367188, 3.1006593704223633, -0.2550883889198303], [0.22393612563610077, 2.443875789642334, -0.9251155853271484], [-0.6508451700210571, 2.9181060791015625, -1.0006744861602783], [-0.8299883008003235, 2.935978412628174, -0.6277530789375305], [-0.01725850999355316, 4.645467281341553, -0.0787845328450203], [0.4716223478317261, 5.105075359344482, -0.0506548136472702], [0.650888979434967, 3.676102876663208, -0.11362805217504501], [1.3589365482330322, 4.401618003845215, -1.7009316682815552], [-1.5445491075515747, 4.010852336883545, -0.9767881631851196], [-1.3201606273651123, 4.948207378387451, -0.687322735786438], [-1.651635766029358, 5.2150959968566895, 0.20126692950725555], [-0.6076949834823608, 2.428687334060669, -0.4173581302165985], [1.65182626247406, 3.7263150215148926, -1.5654360055923462], [-2.3607006072998047, 5.372984886169434, -0.9860233068466187]]"
2698,-1.7881578836740537,-0.4004663775166448,-0.4470394709185134,0.054792382290944505,0.06923313247765164,0.5543005416462764,0.827620370544889,-1.7886889094049176,-0.4003410351789546,-0.44501907258174705,0.05518431143536394,0.06911824387649938,0.5552126835265251,0.8269922830269387,"[75, 95, 205, 254, 306, 373, 421, 456, 656, 803, 877, 900, 1020, 1039, 1061, 1120, 1138, 1168, 1344, 1415, 1442, 1445, 1500, 1578, 1613, 1617, 1629, 1632, 1695, 1708, 1927, 1950, 1958, 1966, 1974, 2001, 2004, 2005, 2020, 2057, 2099, 2229, 2275, 2276, 2332, 2369, 2416, 2541, 2695, 2702, 2750, 2855, 2856, 2875, 3118, 3182, 3232, 3248, 3249, 3414, 3485, 3542, 3549, 3566, 3586, 3748, 3755, 3804, 3865, 3887, 3983, 4086, 4136, 4191, 4216, 4237, 4259, 4306, 4322, 4400, 4420, 4515, 4641, 4660, 4662, 4838, 4848, 4875, 4906, 4948]","[[0.20369105124824458, 5.57147315680575], [0.17247366186117516, 4.576174137102717], [0.3782455337596026, 4.815703235815297], [-0.37846458797308136, 3.672224347983541], [-0.4137912280363254, 2.699498649222056], [-0.5006652633604913, 3.0163539925338436], [-0.3435522209043766, 4.663826464047808], [-0.02227065228324506, 3.839222053457752], [0.2718773495731332, 5.802521967668377], [-0.4740822836417612, 4.539356760364952], [-0.16883669096000503, 2.2061630934885237], [-0.24450146528280797, 5.9646212073068146], [-0.23763436144665573, 5.818341265147918], [-0.1904815805849496, 2.1819526630170967], [-0.3949955346877044, 4.387498254293146], [-0.12805484803219572, 5.369967365194845], [-0.06907903631369869, 3.671455677349624], [-0.018973738614357808, 5.910358327040245], [-0.10199932742185701, 5.7504606754193155], [-0.15129552477564293, 5.323427860104372], [0.24689658220545146, 4.229122988116723], [-0.501872412907954, 5.996885572650753], [-0.04859009576628205, 5.5450068422878385], [-0.1485342360368873, 4.391193532494786], [-0.39069458350200587, 2.4568050867442466], [-0.29031913615083427, 2.281527333186242], [-0.11200184849276133, 5.749616152864545], [0.2765899165572387, 4.9033533284946005], [0.44060682113161176, 4.950331361806294], [-0.29368290398412183, 4.788940931829033], [-0.1150568667336417, 3.2471436051727944], [0.40154173497299095, 5.670930390161181], [0.28195162471519886, 3.3953044554161145], [-0.2709237393892489, 4.907867122998552], [-0.3136702446510474, 4.435068533466275], [-0.23585686004817652, 5.572725463909073], [0.13988518436396027, 5.083531456146798], [-0.16076357017180115, 5.277769233835417], [-0.11070541524548774, 3.4485444056159955], [0.2330677885182249, 5.0647617925586585], [-0.057673316178078284, 5.758681152288007], [0.05359881335176256, 5.513767358648152], [-0.5140670058413035, 5.654431723834993], [-0.159533480816226, 5.991771760101756], [0.05074546199747513, 3.837893863338053], [-0.5128613484107724, 3.5043161540831314], [0.09422646773269283, 5.2024391560876015], [-0.32982318047013426, 5.090327479247767], [0.1983330598040431, 1.8888038653079027], [-0.0359122468671032, 4.975827743836163], [0.09118711007738267, 5.846015823164989], [-0.2538796465491879, 5.6735089429538474], [0.27007406190821903, 2.690714412735221], [0.3161044956105223, 1.9316878020211874], [-0.12063296701067562, 1.7482594358046715], [-0.2844515891252331, 5.804947994453803], [-0.3439782227502959, 5.531578517559691], [-0.3785223668212248, 5.305690990024646], [0.4101671995970552, 5.662819614030455], [-0.2838977346193304, 2.4289838561838253], [-0.21079259859993948, 1.7245714709944633], [0.5118057861760633, 3.0518261183563995], [0.16381648143545094, 4.728867672552576], [-0.20407896567055858, 4.190522388468173], [-0.07734868962559807, 5.245126006686512], [0.16045337492474795, 4.513995380724507], [-0.09224533565077789, 4.910995307829479], [0.47753359397559536, 5.974259581245067], [-0.3947025815993224, 5.572618262446809], [0.13764263061084162, 2.433615560992938], [-0.2017679075141143, 5.018052470771985], [0.19894585176261267, 1.5523091825128936], [-0.051822088934074216, 5.980872770266252], [0.41087534775716306, 3.0707833819002617], [-0.12926451586735918, 5.138679233888519], [-0.4978180409330987, 5.636692971088823], [-0.24017817689051807, 3.518003601762819], [0.0373870832237247, 3.552371494321445], [0.10629118817663623, 3.4769583180655195], [0.06982901887474002, 5.360209892508151], [0.017104640567079173, 5.963657329090119], [-0.13191835076383598, 4.763445762185145], [-0.28437193710601066, 1.3877600697273178], [-0.21683986321173981, 5.877440961459373], [0.31398087418440834, 4.449033911545428], [0.295254079556961, 5.372105745752583], [0.3851611114549988, 5.65366958197759], [0.0007410993162337915, 3.0658988432878402], [-0.3263275605153929, 5.488012843025759], [0.47070079147476335, 5.8234931404197905]]","[[-0.735512375831604, 5.071609973907471, -0.41982975602149963], [-0.781180739402771, 4.064624309539795, -0.38334643840789795], [-1.690869688987732, 4.409207820892334, -0.17856155335903168], [0.806373119354248, 2.1923611164093018, -0.25782671570777893], [0.07387864589691162, 1.4635895490646362, -1.033035159111023], [0.5423591136932373, 1.494657039642334, -0.7125662565231323], [1.3069241046905518, 3.06561541557312, -0.8319397568702698], [-0.2747912108898163, 3.1189844608306885, -0.7235056161880493], [-1.16005277633667, 5.355739593505859, -0.8161808848381042], [1.6088486909866333, 2.54795503616333, -1.0489627122879028], [-0.6045415997505188, 1.4616477489471436, -0.4349193871021271], [1.6519150733947754, 4.408895492553711, -1.2341716289520264], [1.4922736883163452, 4.299439907073975, -1.4589314460754395], [-0.6341307163238525, 1.4254730939865112, -0.7663598656654358], [1.311916470527649, 2.6942319869995117, -0.6828466653823853], [0.6444790363311768, 4.204270839691162, -1.761370062828064], [-0.21181979775428772, 2.891218423843384, -0.8401235938072205], [0.6671563982963562, 4.9510884284973145, 0.08018825948238373], [0.9604702591896057, 4.650146961212158, -0.4360598027706146], [0.8209261894226074, 4.1502685546875, -1.36021888256073], [-1.2429896593093872, 3.776762008666992, -0.8402048349380493], [2.9111156463623047, 3.324728012084961, -0.47646963596343994], [0.4597528278827667, 4.608142852783203, -1.2361524105072021], [0.40122923254966736, 3.3697142601013184, -0.9827103018760681], [-0.049600470811128616, 1.3338934183120728, -0.45922306180000305], [-0.36840492486953735, 1.3738999366760254, -0.6539188623428345], [1.0243852138519287, 4.614221096038818, -0.3322118818759918], [-1.3120083808898926, 4.4540181159973145, -0.9510701298713684], [-2.1223397254943848, 4.517705917358398, -0.9276341795921326], [1.099855661392212, 3.303272247314453, -1.3775815963745117], [-0.3401331305503845, 2.4154558181762695, -1.1782236099243164], [-1.8733155727386475, 5.270479202270508, -0.5131598711013794], [-1.434418797492981, 2.976118564605713, -0.5435752868652344], [1.0511250495910645, 3.4517409801483154, -1.5352225303649902], [0.8765942454338074, 2.942277669906616, -1.6287310123443604], [1.273290753364563, 4.082516670227051, -1.7135673761367798], [-0.5687529444694519, 4.522246837615967, -0.841819167137146], [0.819017231464386, 4.064770698547363, -1.5039151906967163], [-0.19513651728630066, 2.6252171993255615, -0.8968864679336548], [-0.9702979922294617, 4.599729061126709, -0.38003405928611755], [0.5550751686096191, 4.775750160217285, -1.3936768770217896], [0.12379542738199234, 4.747463226318359, 0.05897322669625282], [2.6292033195495605, 3.0948119163513184, -0.9297096729278564], [1.2786457538604736, 4.711605072021484, -1.050066351890564], [-0.6075542569160461, 3.1967666149139404, -1.0807746648788452], [0.829414963722229, 1.7576984167099, -1.3244084119796753], [-0.4248057007789612, 4.54000997543335, -1.3461369276046753], [1.6238069534301758, 3.367189884185791, -0.2100205272436142], [-1.4745007753372192, 1.443359613418579, -0.7135831117630005], [0.2149532288312912, 4.130335807800293, -0.9113872647285461], [-0.09902448207139969, 5.187546253204346, -0.7424336671829224], [1.5730301141738892, 4.140717029571533, -0.9680286645889282], [-1.5191881656646729, 2.258197784423828, -0.7668908834457397], [-1.636739730834961, 1.527811884880066, -0.4118267893791199], [-0.9530563354492188, 1.1261926889419556, -0.6123627424240112], [1.8829679489135742, 4.095810890197754, -0.4020892083644867], [1.8801361322402954, 3.701002836227417, -1.0135948657989502], [1.8178768157958984, 3.4164793491363525, -1.193558692932129], [-1.8537741899490356, 5.257071495056152, -0.16569417715072632], [-0.3241429328918457, 1.4978622198104858, -0.8369688987731934], [-0.8347647786140442, 1.0228068828582764, -0.6408416628837585], [-2.0503463745117188, 2.580843210220337, 0.16788677871227264], [-0.7489219307899475, 4.207465648651123, -0.6649905443191528], [0.5894699692726135, 3.0493807792663574, -0.371214896440506], [0.48165133595466614, 4.282543182373047, -1.097767949104309], [-0.6541420221328735, 3.9293251037597656, 0.15746080875396729], [0.38478806614875793, 3.9414212703704834, -1.201413631439209], [-2.3218743801116943, 5.552342891693115, -0.4737469255924225], [2.132655143737793, 3.5374584197998047, -0.8258293867111206], [-1.253484845161438, 1.937474250793457, -0.8755593299865723], [1.016788125038147, 3.7583773136138916, -0.6241424083709717], [-1.4563474655151367, 1.1021748781204224, -0.2318693995475769], [0.8666809797286987, 4.931448936462402, 0.09942346066236496], [-1.8155769109725952, 2.661280870437622, -0.19078916311264038], [0.7970044016838074, 4.040553092956543, -0.3839561641216278], [2.6248092651367188, 3.1006593704223633, -0.2550883889198303], [0.22393612563610077, 2.443875789642334, -0.9251155853271484], [-0.6508451700210571, 2.9181060791015625, -1.0006744861602783], [-0.8299883008003235, 2.935978412628174, -0.6277530789375305], [-0.01725850999355316, 4.645467281341553, -0.0787845328450203], [0.4716223478317261, 5.105075359344482, -0.0506548136472702], [0.650888979434967, 3.676102876663208, -0.11362805217504501], [-0.90770024061203, 0.6642541885375977, -0.3477208614349365], [1.3589365482330322, 4.401618003845215, -1.7009316682815552], [-1.5445491075515747, 4.010852336883545, -0.9767881631851196], [-1.3201606273651123, 4.948207378387451, -0.687322735786438], [-1.651635766029358, 5.2150959968566895, 0.20126692950725555], [-0.6076949834823608, 2.428687334060669, -0.4173581302165985], [1.65182626247406, 3.7263150215148926, -1.5654360055923462], [-2.3607006072998047, 5.372984886169434, -0.9860233068466187]]"
2700,-1.7431155270801963,-0.4273185274284057,-0.4357788817700491,0.073069945978815,0.06459886743932686,0.559204321126672,0.8232729174177098,-1.7417756349838227,-0.42641468269618654,-0.4359535428952171,0.07318764887087738,0.0651834322030917,0.5594699091738277,0.8230359098775746,"[75, 95, 205, 229, 254, 284, 306, 373, 421, 429, 456, 656, 803, 877, 900, 1020, 1039, 1061, 1138, 1168, 1344, 1415, 1442, 1445, 1500, 1578, 1613, 1617, 1629, 1632, 1695, 1708, 1950, 1958, 1966, 2001, 2004, 2005, 2020, 2057, 2099, 2229, 2275, 2276, 2332, 2369, 2416, 2541, 2695, 2702, 2750, 2855, 2856, 2875, 3118, 3182, 3232, 3248, 3249, 3342, 3414, 3485, 3542, 3549, 3566, 3586, 3748, 3755, 3865, 3983, 4086, 4136, 4138, 4191, 4216, 4237, 4259, 4306, 4322, 4400, 4420, 4515, 4641, 4660, 4662, 4828, 4838, 4848, 4875, 4906, 4948]","[[0.1958042974155301, 5.58958904448556], [0.16848299415836843, 4.595534160312043], [0.3723093596601309, 4.841480830073869], [-0.2720059701082455, 5.747195061135593], [-0.37505369787946746, 3.662409527122848], [-0.5089813320088629, 4.7193010514754645], [-0.4195265740369134, 2.6914646877040123], [-0.5011082439656215, 2.999106154023895], [-0.3485100784644385, 4.6546841845990485], [0.04274059341373101, 2.7698542375066424], [-0.026331954380692295, 3.8482785990173567], [0.2628900808318887, 5.823427876221811], [-0.4799553580544779, 4.52497455787701], [-0.16000920668616822, 2.20579283042221], [-0.2520497257578297, 5.964136250342595], [-0.24857817515112293, 5.819180203740178], [-0.1858503560657988, 2.1858213727564255], [-0.397605599237416, 4.3740964986086], [-0.07230903119127331, 3.676622497261812], [-0.024526746700956635, 5.9172010639546535], [-0.1069764344163398, 5.753734956457628], [-0.16214730149685325, 5.328022590425489], [0.2389514088831531, 4.252808352276208], [-0.5047597518526875, 5.979501433946351], [-0.05891538263677616, 5.55426087388944], [-0.1542059762691032, 4.395962858363516], [-0.3823841977392639, 2.4441452838152515], [-0.28437917525146583, 2.2754732241961206], [-0.11558649010543288, 5.751484214578249], [0.2677683867127509, 4.925369947579007], [0.4322701417667831, 4.981286497936658], [-0.30124349979583803, 4.785639802219731], [0.3946813969559926, 5.69604402445217], [0.27881641194661944, 3.417314226543552], [-0.2808023634821766, 4.905128358613169], [-0.2479482983899337, 5.574077248185515], [0.12795250884247952, 5.100662604348578], [-0.17315042796849367, 5.27867403823301], [-0.11366415532351784, 3.451932692422741], [0.22396289612432344, 5.084428781700577], [-0.06712196714358092, 5.767886427592021], [0.050849108272592945, 5.523710367815588], [-0.5203907840821741, 5.635813125043968], [-0.1688017963968985, 5.9917328917564525], [0.04394058071279385, 3.851749805962752], [-0.5217415922489834, 3.4925457541853415], [0.08558080846282455, 5.219228519829529], [-0.33306778907906953, 5.078425865523817], [0.2034108659837963, 1.9095583109526169], [-0.04332326262602756, 4.984244705792893], [0.08274628037086904, 5.8575935746624], [-0.2596557657507091, 5.670128205698009], [0.26972727402766483, 2.713471802592666], [0.32089664653462546, 1.9572696259529574], [-0.10674679291474137, 1.7505488152128816], [-0.28892492256038227, 5.798165596280015], [-0.35184250243957554, 5.524309571466077], [-0.3846249255811985, 5.294213990891648], [0.4004771689620221, 5.6922470175172375], [-0.15192604339808977, 4.5132085250225105], [-0.27784508287942733, 2.424301236641242], [-0.19996790801410563, 1.7238386028762873], [0.5098430129907623, 3.0810204996042776], [0.15828207756255705, 4.745311533390599], [-0.20545815203629453, 4.187291217635656], [-0.08384281674048287, 5.251572138507977], [0.1576079906936952, 4.526609181973029], [-0.10071309024092434, 4.919224498828741], [-0.3987212268977517, 5.559192153052539], [-0.20533115617720687, 5.017789077192556], [0.2152079832038016, 1.5687715259090103], [-0.05551232706822919, 5.983237191721983], [-0.24574401637270568, 5.155664879655076], [0.4103929499955125, 3.09905712715169], [-0.13135483635579126, 5.139160691226033], [-0.5002160992804523, 5.617909060608028], [-0.24126468852139882, 3.5149229562631197], [0.031241969522845515, 3.563099336913952], [0.10273925637550378, 3.48828374812664], [0.06491315471393494, 5.369900923322499], [0.011737426144232505, 5.972305949956472], [-0.13213836244247743, 4.761968828084086], [-0.2586570985635685, 1.3770001826960525], [-0.2278427498017349, 5.878217317813036], [0.3068036214946393, 4.472457412517704], [-0.05494558063110339, 3.278826284240032], [0.2877011114999156, 5.394665988147745], [0.3786167525748101, 5.676699880514475], [0.003916036809910486, 3.0736928774057923], [-0.33562157788507774, 5.483960693275881], [0.4620604090450899, 5.859352983591481]]","[[-0.735512375831604, 5.071609973907471, -0.41982975602149963], [-0.781180739402771, 4.064624309539795, -0.38334643840789795], [-1.690869688987732, 4.409207820892334, -0.17856155335903168], [1.8264570236206055, 4.0445404052734375, 0.09593416750431061], [0.806373119354248, 2.1923611164093018, -0.25782671570777893], [1.9599865674972534, 2.4845328330993652, -0.1815185844898224], [0.07387864589691162, 1.4635895490646362, -1.033035159111023], [0.5423591136932373, 1.494657039642334, -0.7125662565231323], [1.3069241046905518, 3.06561541557312, -0.8319397568702698], [-0.7704256176948547, 2.14143443107605, -0.08076226711273193], [-0.2747912108898163, 3.1189844608306885, -0.7235056161880493], [-1.16005277633667, 5.355739593505859, -0.8161808848381042], [1.6088486909866333, 2.54795503616333, -1.0489627122879028], [-0.6045415997505188, 1.4616477489471436, -0.4349193871021271], [1.6519150733947754, 4.408895492553711, -1.2341716289520264], [1.4922736883163452, 4.299439907073975, -1.4589314460754395], [-0.6341307163238525, 1.4254730939865112, -0.7663598656654358], [1.311916470527649, 2.6942319869995117, -0.6828466653823853], [-0.21181979775428772, 2.891218423843384, -0.8401235938072205], [0.6671563982963562, 4.9510884284973145, 0.08018825948238373], [0.9604702591896057, 4.650146961212158, -0.4360598027706146], [0.8209261894226074, 4.1502685546875, -1.36021888256073], [-1.2429896593093872, 3.776762008666992, -0.8402048349380493], [2.9111156463623047, 3.324728012084961, -0.47646963596343994], [0.4597528278827667, 4.608142852783203, -1.2361524105072021], [0.40122923254966736, 3.3697142601013184, -0.9827103018760681], [-0.049600470811128616, 1.3338934183120728, -0.45922306180000305], [-0.36840492486953735, 1.3738999366760254, -0.6539188623428345], [1.0243852138519287, 4.614221096038818, -0.3322118818759918], [-1.3120083808898926, 4.4540181159973145, -0.9510701298713684], [-2.1223397254943848, 4.517705917358398, -0.9276341795921326], [1.099855661392212, 3.303272247314453, -1.3775815963745117], [-1.8733155727386475, 5.270479202270508, -0.5131598711013794], [-1.434418797492981, 2.976118564605713, -0.5435752868652344], [1.0511250495910645, 3.4517409801483154, -1.5352225303649902], [1.273290753364563, 4.082516670227051, -1.7135673761367798], [-0.5687529444694519, 4.522246837615967, -0.841819167137146], [0.819017231464386, 4.064770698547363, -1.5039151906967163], [-0.19513651728630066, 2.6252171993255615, -0.8968864679336548], [-0.9702979922294617, 4.599729061126709, -0.38003405928611755], [0.5550751686096191, 4.775750160217285, -1.3936768770217896], [0.12379542738199234, 4.747463226318359, 0.05897322669625282], [2.6292033195495605, 3.0948119163513184, -0.9297096729278564], [1.2786457538604736, 4.711605072021484, -1.050066351890564], [-0.6075542569160461, 3.1967666149139404, -1.0807746648788452], [0.829414963722229, 1.7576984167099, -1.3244084119796753], [-0.4248057007789612, 4.54000997543335, -1.3461369276046753], [1.6238069534301758, 3.367189884185791, -0.2100205272436142], [-1.4745007753372192, 1.443359613418579, -0.7135831117630005], [0.2149532288312912, 4.130335807800293, -0.9113872647285461], [-0.09902448207139969, 5.187546253204346, -0.7424336671829224], [1.5730301141738892, 4.140717029571533, -0.9680286645889282], [-1.5191881656646729, 2.258197784423828, -0.7668908834457397], [-1.636739730834961, 1.527811884880066, -0.4118267893791199], [-0.9530563354492188, 1.1261926889419556, -0.6123627424240112], [1.8829679489135742, 4.095810890197754, -0.4020892083644867], [1.8801361322402954, 3.701002836227417, -1.0135948657989502], [1.8178768157958984, 3.4164793491363525, -1.193558692932129], [-1.8537741899490356, 5.257071495056152, -0.16569417715072632], [0.6224063634872437, 3.3841347694396973, 0.07435598969459534], [-0.3241429328918457, 1.4978622198104858, -0.8369688987731934], [-0.8347647786140442, 1.0228068828582764, -0.6408416628837585], [-2.0503463745117188, 2.580843210220337, 0.16788677871227264], [-0.7489219307899475, 4.207465648651123, -0.6649905443191528], [0.5894699692726135, 3.0493807792663574, -0.371214896440506], [0.48165133595466614, 4.282543182373047, -1.097767949104309], [-0.6541420221328735, 3.9293251037597656, 0.15746080875396729], [0.38478806614875793, 3.9414212703704834, -1.201413631439209], [2.132655143737793, 3.5374584197998047, -0.8258293867111206], [1.016788125038147, 3.7583773136138916, -0.6241424083709717], [-1.4563474655151367, 1.1021748781204224, -0.2318693995475769], [0.8666809797286987, 4.931448936462402, 0.09942346066236496], [1.3445065021514893, 3.680060386657715, -0.0017258523730561137], [-1.8155769109725952, 2.661280870437622, -0.19078916311264038], [0.7970044016838074, 4.040553092956543, -0.3839561641216278], [2.6248092651367188, 3.1006593704223633, -0.2550883889198303], [0.22393612563610077, 2.443875789642334, -0.9251155853271484], [-0.6508451700210571, 2.9181060791015625, -1.0006744861602783], [-0.8299883008003235, 2.935978412628174, -0.6277530789375305], [-0.01725850999355316, 4.645467281341553, -0.0787845328450203], [0.4716223478317261, 5.105075359344482, -0.0506548136472702], [0.650888979434967, 3.676102876663208, -0.11362805217504501], [-0.90770024061203, 0.6642541885375977, -0.3477208614349365], [1.3589365482330322, 4.401618003845215, -1.7009316682815552], [-1.5445491075515747, 4.010852336883545, -0.9767881631851196], [-0.29389622807502747, 2.4829893112182617, -0.016923734918236732], [-1.3201606273651123, 4.948207378387451, -0.687322735786438], [-1.651635766029358, 5.2150959968566895, 0.20126692950725555], [-0.6076949834823608, 2.428687334060669, -0.4173581302165985], [1.65182626247406, 3.7263150215148926, -1.5654360055923462], [-2.3607006072998047, 5.372984886169434, -0.9860233068466187]]"
2702,-1.6972394563338205,-0.448922689226628,-0.4243098640834551,0.08354823504614149,0.05446991508740278,0.564638420147222,0.8192900434307102,-1.6958566514562767,-0.4488993719325033,-0.42545823458653736,0.08329177161239192,0.05450401852181398,0.5644211881030614,0.8194635532877417,"[75, 95, 205, 229, 254, 284, 306, 373, 421, 429, 456, 467, 478, 656, 803, 877, 900, 1020, 1039, 1061, 1138, 1168, 1344, 1415, 1442, 1445, 1500, 1578, 1613, 1617, 1629, 1632, 1708, 1787, 1950, 1958, 2004, 2020, 2057, 2099, 2229, 2276, 2541, 2702, 2750, 2781, 2855, 2875, 3118, 3182, 3232, 3248, 3249, 3342, 3414, 3432, 3485, 3542, 3549, 3566, 3586, 3748, 3755, 3865, 3983, 4086, 4100, 4136, 4138, 4191, 4216, 4237, 4255, 4259, 4322, 4400, 4420, 4515, 4641, 4828, 4838, 4848, 4875, 4906]","[[0.18633662405517648, 5.600965233675447], [0.16211391637536604, 4.605574660199918], [0.3645959653698413, 4.8628315390538415], [-0.2771127561668504, 5.733959632734014], [-0.37937847955970844, 3.6433500259731897], [-0.5122874435482172, 4.694311216585484], [-0.4190745765623201, 2.675619956509058], [-0.5017038153177712, 2.978990768979496], [-0.35418956812172936, 4.640702018888678], [0.04548850128282714, 2.77364435939294], [-0.030689247570118677, 3.852854592020058], [0.3317415977429369, 5.200609480260656], [-0.1876400223588376, 4.1621734756796895], [0.25269290354824614, 5.843762565704491], [-0.48659328194718127, 4.506045049236327], [-0.154084179603453, 2.201566938978087], [-0.26296918866943664, 5.957248864399394], [-0.2585582493563847, 5.813958830041854], [-0.17940690755625205, 2.1809156489857613], [-0.4050365120421204, 4.358783469817383], [-0.07557132334958565, 3.679200498290334], [-0.032605723884069515, 5.9176630832566435], [-0.11439238565168586, 5.749548371899044], [-0.1693045177399111, 5.32686901184781], [0.23134236903053898, 4.270153363107401], [-0.51394532157474, 5.958676661132141], [-0.06868503583218111, 5.559957800653572], [-0.16136565874876868, 4.393792811403403], [-0.3776157214457714, 2.4280706269965426], [-0.280749965202124, 2.2670075326093837], [-0.1250547533479918, 5.751394275977118], [0.25757881654982145, 4.947028109301297], [-0.310903516060283, 4.776834395263216], [0.212110440344659, 5.099057505043577], [0.3829904221171079, 5.724914793494367], [0.2741007451352363, 3.437912068826579], [0.12112036738796605, 5.11479275214527], [-0.11751814193666923, 3.454419521114195], [0.2170565706948439, 5.101235676491337], [-0.07932962047405763, 5.769210139214973], [0.04311911321438134, 5.526839394817967], [-0.1774961247689526, 5.989448617822531], [-0.33758858801791736, 5.064293899672644], [-0.05148743682859471, 4.985969441159118], [0.07455151982853653, 5.868310349155683], [-0.05952908805912585, 5.872308985604105], [-0.26941872569642905, 5.661283764917258], [0.3288342705795923, 1.9779167436698997], [-0.09658218509420892, 1.752056985565851], [-0.29521981961113225, 5.787893650152029], [-0.36262426243044477, 5.510732941685257], [-0.3958699497544637, 5.281269294693677], [0.391101534036694, 5.714196679934163], [-0.15704428603682533, 4.50812613966695], [-0.2791477289846341, 2.4173900713252934], [0.2874356318232352, 5.20310520556329], [-0.18845018744248962, 1.7175835496459644], [0.5051226374932783, 3.107191750235805], [0.14856157389259678, 4.7586494287323555], [-0.20898668274588914, 4.1809251718178375], [-0.09240853073782765, 5.254329485203703], [0.14917164783146528, 4.536648691823129], [-0.11072648844231212, 4.920718945280909], [-0.4086323999741116, 5.542518014851335], [-0.21369734454407124, 5.010864768632058], [0.22886946645548856, 1.5817618533687932], [0.019274687628155335, 5.000995725854729], [-0.06077926498308099, 5.982969618233755], [-0.2500831049110267, 5.1434951683643835], [0.4068435912154677, 3.120980012709039], [-0.14092262705290637, 5.137494887004012], [-0.5061592398904003, 5.5952049903344525], [0.3382030151737014, 5.42504008677264], [-0.245579479672788, 3.5081853967432726], [0.09887437008459722, 3.5020785103846697], [0.05553671622819052, 5.376279898001348], [0.003861256140754477, 5.974889720463217], [-0.1383232521006211, 4.756863609547462], [-0.23793719517717243, 1.3669847136890878], [-0.05612077202104452, 3.2755460122668616], [0.2778683019005987, 5.417300223227954], [0.3696752764415616, 5.699611255617551], [0.0038000908320062806, 3.0758009725789326], [-0.347450713268977, 5.472871989561515]]","[[-0.735512375831604, 5.071609973907471, -0.41982975602149963], [-0.781180739402771, 4.064624309539795, -0.38334643840789795], [-1.690869688987732, 4.409207820892334, -0.17856155335903168], [1.8264570236206055, 4.0445404052734375, 0.09593416750431061], [0.806373119354248, 2.1923611164093018, -0.25782671570777893], [1.9599865674972534, 2.4845328330993652, -0.1815185844898224], [0.07387864589691162, 1.4635895490646362, -1.033035159111023], [0.5423591136932373, 1.494657039642334, -0.7125662565231323], [1.3069241046905518, 3.06561541557312, -0.8319397568702698], [-0.7704256176948547, 2.14143443107605, -0.08076226711273193], [-0.2747912108898163, 3.1189844608306885, -0.7235056161880493], [-1.3475202322006226, 4.6160688400268555, 0.7044112086296082], [0.5631309151649475, 2.9999711513519287, 0.12128958851099014], [-1.16005277633667, 5.355739593505859, -0.8161808848381042], [1.6088486909866333, 2.54795503616333, -1.0489627122879028], [-0.6045415997505188, 1.4616477489471436, -0.4349193871021271], [1.6519150733947754, 4.408895492553711, -1.2341716289520264], [1.4922736883163452, 4.299439907073975, -1.4589314460754395], [-0.6341307163238525, 1.4254730939865112, -0.7663598656654358], [1.311916470527649, 2.6942319869995117, -0.6828466653823853], [-0.21181979775428772, 2.891218423843384, -0.8401235938072205], [0.6671563982963562, 4.9510884284973145, 0.08018825948238373], [0.9604702591896057, 4.650146961212158, -0.4360598027706146], [0.8209261894226074, 4.1502685546875, -1.36021888256073], [-1.2429896593093872, 3.776762008666992, -0.8402048349380493], [2.9111156463623047, 3.324728012084961, -0.47646963596343994], [0.4597528278827667, 4.608142852783203, -1.2361524105072021], [0.40122923254966736, 3.3697142601013184, -0.9827103018760681], [-0.049600470811128616, 1.3338934183120728, -0.45922306180000305], [-0.36840492486953735, 1.3738999366760254, -0.6539188623428345], [1.0243852138519287, 4.614221096038818, -0.3322118818759918], [-1.3120083808898926, 4.4540181159973145, -0.9510701298713684], [1.099855661392212, 3.303272247314453, -1.3775815963745117], [-0.7530555725097656, 4.44417667388916, 0.6593567728996277], [-1.8733155727386475, 5.270479202270508, -0.5131598711013794], [-1.434418797492981, 2.976118564605713, -0.5435752868652344], [-0.5687529444694519, 4.522246837615967, -0.841819167137146], [-0.19513651728630066, 2.6252171993255615, -0.8968864679336548], [-0.9702979922294617, 4.599729061126709, -0.38003405928611755], [0.5550751686096191, 4.775750160217285, -1.3936768770217896], [0.12379542738199234, 4.747463226318359, 0.05897322669625282], [1.2786457538604736, 4.711605072021484, -1.050066351890564], [1.6238069534301758, 3.367189884185791, -0.2100205272436142], [0.2149532288312912, 4.130335807800293, -0.9113872647285461], [-0.09902448207139969, 5.187546253204346, -0.7424336671829224], [0.8582029342651367, 4.764886379241943, 0.44744107127189636], [1.5730301141738892, 4.140717029571533, -0.9680286645889282], [-1.636739730834961, 1.527811884880066, -0.4118267893791199], [-0.9530563354492188, 1.1261926889419556, -0.6123627424240112], [1.8829679489135742, 4.095810890197754, -0.4020892083644867], [1.8801361322402954, 3.701002836227417, -1.0135948657989502], [1.8178768157958984, 3.4164793491363525, -1.193558692932129], [-1.8537741899490356, 5.257071495056152, -0.16569417715072632], [0.6224063634872437, 3.3841347694396973, 0.07435598969459534], [-0.3241429328918457, 1.4978622198104858, -0.8369688987731934], [-1.132378101348877, 4.613344192504883, 0.6494982838630676], [-0.8347647786140442, 1.0228068828582764, -0.6408416628837585], [-2.0503463745117188, 2.580843210220337, 0.16788677871227264], [-0.7489219307899475, 4.207465648651123, -0.6649905443191528], [0.5894699692726135, 3.0493807792663574, -0.371214896440506], [0.48165133595466614, 4.282543182373047, -1.097767949104309], [-0.6541420221328735, 3.9293251037597656, 0.15746080875396729], [0.38478806614875793, 3.9414212703704834, -1.201413631439209], [2.132655143737793, 3.5374584197998047, -0.8258293867111206], [1.016788125038147, 3.7583773136138916, -0.6241424083709717], [-1.4563474655151367, 1.1021748781204224, -0.2318693995475769], [0.11874957382678986, 4.134964942932129, 0.41843512654304504], [0.8666809797286987, 4.931448936462402, 0.09942346066236496], [1.3445065021514893, 3.680060386657715, -0.0017258523730561137], [-1.8155769109725952, 2.661280870437622, -0.19078916311264038], [0.7970044016838074, 4.040553092956543, -0.3839561641216278], [2.6248092651367188, 3.1006593704223633, -0.2550883889198303], [-1.3837485313415527, 4.844825267791748, 0.725816011428833], [0.22393612563610077, 2.443875789642334, -0.9251155853271484], [-0.8299883008003235, 2.935978412628174, -0.6277530789375305], [-0.01725850999355316, 4.645467281341553, -0.0787845328450203], [0.4716223478317261, 5.105075359344482, -0.0506548136472702], [0.650888979434967, 3.676102876663208, -0.11362805217504501], [-0.90770024061203, 0.6642541885375977, -0.3477208614349365], [-0.29389622807502747, 2.4829893112182617, -0.016923734918236732], [-1.3201606273651123, 4.948207378387451, -0.687322735786438], [-1.651635766029358, 5.2150959968566895, 0.20126692950725555], [-0.6076949834823608, 2.428687334060669, -0.4173581302165985], [1.65182626247406, 3.7263150215148926, -1.5654360055923462]]"
2704,-1.6445197880387838,-0.4679581159450002,-0.41112994700969596,0.08664055030685028,0.03843001596500932,0.5709020255688917,0.8155289241448103,-1.643496855494865,-0.46828907396549946,-0.41204692027266454,0.08826660405302336,0.037435275461897614,0.5703621335034786,0.815778550481317,"[75, 95, 205, 229, 254, 284, 373, 382, 421, 424, 429, 456, 467, 478, 490, 656, 803, 877, 900, 1020, 1039, 1061, 1138, 1168, 1344, 1500, 1547, 1578, 1613, 1617, 1629, 1787, 1937, 1950, 1958, 2004, 2020, 2057, 2229, 2276, 2470, 2527, 2541, 2556, 2702, 2750, 2781, 2855, 2875, 3118, 3182, 3232, 3248, 3249, 3342, 3414, 3432, 3485, 3542, 3549, 3566, 3586, 3748, 3865, 3983, 4061, 4086, 4100, 4107, 4136, 4138, 4191, 4216, 4237, 4246, 4255, 4259, 4322, 4400, 4420, 4515, 4641, 4828, 4838, 4848, 4875]","[[0.17960631981332636, 5.61464072857312], [0.1563186004524001, 4.613406296417244], [0.3567336596688882, 4.883524325169294], [-0.2848260538400383, 5.716364537872847], [-0.38395439573680384, 3.620328455555997], [-0.5219532804163839, 4.664527388478021], [-0.5058400553901616, 2.9539356750500905], [0.02265697691200267, 5.672285197708803], [-0.3606713859843254, 4.621022327003449], [0.08033610617360527, 3.884041961346677], [0.04485075226319849, 2.7715599882210937], [-0.03396091033922795, 3.850958268878049], [0.32008654742067394, 5.212276335877743], [-0.19289130232083834, 4.146181389792989], [-0.30960730464455455, 5.952811541202358], [0.24929782819045748, 5.857725931580243], [-0.4942440472469346, 4.4821540798704085], [-0.14888312912896315, 2.191866000444413], [-0.27003020463764904, 5.942724397773218], [-0.26591936061680005, 5.803772570887511], [-0.17268220330646572, 2.176863561837876], [-0.4115611661852952, 4.336167093058551], [-0.07719398153403113, 3.676488366497174], [-0.04113633534409299, 5.910520367160066], [-0.12490609799430837, 5.74210205862954], [-0.07714315802138565, 5.557560607437691], [0.04782489976808483, 4.723348399221606], [-0.1661427229935475, 4.386110661872478], [-0.37655118000065907, 2.4059104379912153], [-0.27538138946203544, 2.254462734327723], [-0.1314513169515693, 5.7413612521428385], [0.1996350424434026, 5.10682227418537], [-0.11067495367699384, 5.503254261540173], [0.37909794644804584, 5.745911140585326], [0.2739541029707976, 3.452655003142422], [0.11586091286035079, 5.122959813071103], [-0.1181307315306646, 3.449333291105126], [0.21050899552232902, 5.114226352072138], [0.03414522864884523, 5.528794039330846], [-0.18420881995593225, 5.982923370695253], [0.4260763191384842, 1.0619851527509525], [-0.44237261167284136, 3.5902373540209536], [-0.34691811181951765, 5.041766476454237], [-0.04564168888508292, 4.612689243950693], [-0.05671974849749053, 4.984189183156389], [0.06762600713352244, 5.8745113663182], [-0.07037073636584934, 5.863177700942428], [-0.2784306018417675, 5.649823737368121], [0.33889064178250194, 1.996368905710026], [-0.08314895139640911, 1.7475117886349971], [-0.3065348470183715, 5.7670027406396995], [-0.3709204840106281, 5.491924102119104], [-0.4030800511145988, 5.262035948971029], [0.3850264095729841, 5.733030489367495], [-0.16407448652567239, 4.495227207444566], [-0.27564654020264445, 2.4059088514893774], [0.27612756146008494, 5.215249375999393], [-0.17390261480640223, 1.7128494196940485], [0.502276806797879, 3.127977225797288], [0.14625822393063165, 4.76782049702968], [-0.2154762401795405, 4.165212749456914], [-0.09862128725364037, 5.24980095011629], [0.1444944270291267, 4.545222815398965], [-0.41607674987702503, 5.521100324423271], [-0.2199084536366265, 4.998357220721633], [-0.44682444455924114, 4.563495620863809], [0.24294253508859506, 1.5916959925209118], [0.010723524184437252, 4.9979086229320995], [0.16951943959718677, 4.711805502359883], [-0.07172597063705945, 5.97643611382576], [-0.25942464759019795, 5.12909018916441], [0.40647227942025854, 3.143221739671491], [-0.14790149238196806, 5.126170826220663], [-0.5140797090594005, 5.568103821957187], [0.5225339072693757, 5.239330595840714], [0.3270136688892723, 5.439274250885761], [-0.24790958360294713, 3.4984026070263883], [0.09839121370959716, 3.5068848146890037], [0.04786499361672535, 5.376111684036985], [-0.005377140759208782, 5.972204885347891], [-0.14512881548156834, 4.746660943480378], [-0.21870601516070667, 1.3511117208933952], [-0.058381191393578585, 3.2695078230485626], [0.2716041532390888, 5.43343688454007], [0.36059096729936674, 5.716881525523468], [0.0012682757715523137, 3.0771205515698736]]","[[-0.735512375831604, 5.071609973907471, -0.41982975602149963], [-0.781180739402771, 4.064624309539795, -0.38334643840789795], [-1.690869688987732, 4.409207820892334, -0.17856155335903168], [1.8264570236206055, 4.0445404052734375, 0.09593416750431061], [0.806373119354248, 2.1923611164093018, -0.25782671570777893], [1.9599865674972534, 2.4845328330993652, -0.1815185844898224], [0.5423591136932373, 1.494657039642334, -0.7125662565231323], [0.30824869871139526, 4.73850679397583, 0.7172616720199585], [1.3069241046905518, 3.06561541557312, -0.8319397568702698], [-0.5038958191871643, 3.150254726409912, 0.4329964220523834], [-0.7704256176948547, 2.14143443107605, -0.08076226711273193], [-0.2747912108898163, 3.1189844608306885, -0.7235056161880493], [-1.3475202322006226, 4.6160688400268555, 0.7044112086296082], [0.5631309151649475, 2.9999711513519287, 0.12128958851099014], [2.097599744796753, 4.09572172164917, 0.3754720985889435], [-1.16005277633667, 5.355739593505859, -0.8161808848381042], [1.6088486909866333, 2.54795503616333, -1.0489627122879028], [-0.6045415997505188, 1.4616477489471436, -0.4349193871021271], [1.6519150733947754, 4.408895492553711, -1.2341716289520264], [1.4922736883163452, 4.299439907073975, -1.4589314460754395], [-0.6341307163238525, 1.4254730939865112, -0.7663598656654358], [1.311916470527649, 2.6942319869995117, -0.6828466653823853], [-0.21181979775428772, 2.891218423843384, -0.8401235938072205], [0.6671563982963562, 4.9510884284973145, 0.08018825948238373], [0.9604702591896057, 4.650146961212158, -0.4360598027706146], [0.4597528278827667, 4.608142852783203, -1.2361524105072021], [-0.1251818686723709, 3.9142308235168457, 0.487517774105072], [0.40122923254966736, 3.3697142601013184, -0.9827103018760681], [-0.049600470811128616, 1.3338934183120728, -0.45922306180000305], [-0.36840492486953735, 1.3738999366760254, -0.6539188623428345], [1.0243852138519287, 4.614221096038818, -0.3322118818759918], [-0.7530555725097656, 4.44417667388916, 0.6593567728996277], [0.9093790054321289, 4.313949108123779, 0.5192649364471436], [-1.8733155727386475, 5.270479202270508, -0.5131598711013794], [-1.434418797492981, 2.976118564605713, -0.5435752868652344], [-0.5687529444694519, 4.522246837615967, -0.841819167137146], [-0.19513651728630066, 2.6252171993255615, -0.8968864679336548], [-0.9702979922294617, 4.599729061126709, -0.38003405928611755], [0.12379542738199234, 4.747463226318359, 0.05897322669625282], [1.2786457538604736, 4.711605072021484, -1.050066351890564], [-1.6888576745986938, 0.5541324615478516, -0.12070067971944809], [0.9547919034957886, 1.9833277463912964, -0.03672834113240242], [1.6238069534301758, 3.367189884185791, -0.2100205272436142], [0.23832537233829498, 3.6462972164154053, 0.48138654232025146], [0.2149532288312912, 4.130335807800293, -0.9113872647285461], [-0.09902448207139969, 5.187546253204346, -0.7424336671829224], [0.8582029342651367, 4.764886379241943, 0.44744107127189636], [1.5730301141738892, 4.140717029571533, -0.9680286645889282], [-1.636739730834961, 1.527811884880066, -0.4118267893791199], [-0.9530563354492188, 1.1261926889419556, -0.6123627424240112], [1.8829679489135742, 4.095810890197754, -0.4020892083644867], [1.8801361322402954, 3.701002836227417, -1.0135948657989502], [1.8178768157958984, 3.4164793491363525, -1.193558692932129], [-1.8537741899490356, 5.257071495056152, -0.16569417715072632], [0.6224063634872437, 3.3841347694396973, 0.07435598969459534], [-0.3241429328918457, 1.4978622198104858, -0.8369688987731934], [-1.132378101348877, 4.613344192504883, 0.6494982838630676], [-0.8347647786140442, 1.0228068828582764, -0.6408416628837585], [-2.0503463745117188, 2.580843210220337, 0.16788677871227264], [-0.7489219307899475, 4.207465648651123, -0.6649905443191528], [0.5894699692726135, 3.0493807792663574, -0.371214896440506], [0.48165133595466614, 4.282543182373047, -1.097767949104309], [-0.6541420221328735, 3.9293251037597656, 0.15746080875396729], [2.132655143737793, 3.5374584197998047, -0.8258293867111206], [1.016788125038147, 3.7583773136138916, -0.6241424083709717], [1.6791714429855347, 2.608917236328125, 0.1538100242614746], [-1.4563474655151367, 1.1021748781204224, -0.2318693995475769], [0.11874957382678986, 4.134964942932129, 0.41843512654304504], [-0.6581828594207764, 4.016554832458496, 0.644450843334198], [0.8666809797286987, 4.931448936462402, 0.09942346066236496], [1.3445065021514893, 3.680060386657715, -0.0017258523730561137], [-1.8155769109725952, 2.661280870437622, -0.19078916311264038], [0.7970044016838074, 4.040553092956543, -0.3839561641216278], [2.6248092651367188, 3.1006593704223633, -0.2550883889198303], [-2.5261294841766357, 4.67857027053833, 0.03709970787167549], [-1.3837485313415527, 4.844825267791748, 0.725816011428833], [0.22393612563610077, 2.443875789642334, -0.9251155853271484], [-0.8299883008003235, 2.935978412628174, -0.6277530789375305], [-0.01725850999355316, 4.645467281341553, -0.0787845328450203], [0.4716223478317261, 5.105075359344482, -0.0506548136472702], [0.650888979434967, 3.676102876663208, -0.11362805217504501], [-0.90770024061203, 0.6642541885375977, -0.3477208614349365], [-0.29389622807502747, 2.4829893112182617, -0.016923734918236732], [-1.3201606273651123, 4.948207378387451, -0.687322735786438], [-1.651635766029358, 5.2150959968566895, 0.20126692950725555], [-0.6076949834823608, 2.428687334060669, -0.4173581302165985]]"
2706,-1.588011873579167,-0.4826841518046302,-0.39700296839479177,0.08117195254826154,0.018464232010027358,0.5770940774920656,0.8124239115014797,-1.5858123108416846,-0.4807626651147939,-0.39661475483454656,0.08081837480409791,0.01795244332672028,0.5776921297922551,0.8120455056514466,"[75, 95, 205, 229, 254, 373, 382, 421, 424, 429, 456, 467, 478, 490, 625, 656, 803, 877, 900, 1024, 1061, 1168, 1217, 1344, 1547, 1578, 1613, 1617, 1629, 1787, 1937, 1950, 1958, 2004, 2057, 2158, 2229, 2276, 2470, 2527, 2541, 2556, 2592, 2702, 2750, 2781, 2855, 2875, 3182, 3232, 3248, 3249, 3342, 3432, 3506, 3542, 3549, 3566, 3649, 3748, 3865, 3983, 4061, 4086, 4091, 4100, 4107, 4136, 4138, 4191, 4215, 4216, 4246, 4255, 4322, 4400, 4420, 4515, 4641, 4828, 4838, 4848, 4867, 4875]","[[0.1750900926452181, 5.620114966644028], [0.1547929338106975, 4.618738862416583], [0.35735208341425007, 4.897059462731076], [-0.29824965363957245, 5.692089861088739], [-0.38918104315134844, 3.593659826415844], [-0.5047940849721454, 2.922978145839752], [0.014235603701475408, 5.665002947875233], [-0.36418560796346733, 4.600116265579866], [0.07345698061848153, 3.882024211323314], [0.04627807078668786, 2.765602363637838], [-0.03226279862477761, 3.847054347874805], [0.3093985517466391, 5.22155744437735], [-0.19882861149424552, 4.125603627631404], [-0.3215033200975231, 5.928227188506846], [-0.20768331528095735, 4.814788606308739], [0.2455025077383954, 5.867967127505458], [-0.4998655865769137, 4.451517779416384], [-0.13958787244259105, 2.1780549887465455], [-0.27473754032908887, 5.928575729688381], [-0.12143038010499296, 3.1278145512495366], [-0.415721429340159, 4.309983434381687], [-0.049744719496290425, 5.903587831091414], [0.1423149159228703, 3.1381141506132746], [-0.1309060801699047, 5.731793393017635], [0.03806134022223561, 4.717857038266264], [-0.1654239001919044, 4.376461784145544], [-0.3700027840313644, 2.3809001423997103], [-0.26682532604496667, 2.2368349010968016], [-0.1390910149972966, 5.7282084708275045], [0.18849307964205977, 5.108511488075174], [-0.1190170233235306, 5.484397505216301], [0.3753657640999413, 5.761740048829062], [0.2786130773013567, 3.4654152652168317], [0.11595087706985616, 5.12845672204371], [0.21018320261024678, 5.121530700582584], [-0.34437669307395646, 3.6205465417338387], [0.027891164835126447, 5.520823823360963], [-0.19024045648500168, 5.96927127888556], [0.4547513588781245, 1.0773493101813043], [-0.44682976760016957, 3.5613005524792767], [-0.3524892885758681, 5.0189091278221785], [-0.054305097189095146, 4.600558531543646], [0.39345003646091353, 2.654748735934431], [-0.05869211709120598, 4.979931760609347], [0.06456180053334398, 5.873471335365756], [-0.07986554773320895, 5.852871730989599], [-0.28159265011073265, 5.6287149608511], [0.35285476778888075, 2.0107704972660154], [-0.31525130659633366, 5.745947697225607], [-0.375413700025365, 5.469239631817631], [-0.4077533787574474, 5.238045303177368], [0.3788792329811099, 5.749636526764781], [-0.16979100651537854, 4.478598097861249], [0.2675679654728257, 5.22359038346747], [-0.30919623398997537, 5.5190614051000955], [0.4967389108140153, 3.1494083693845543], [0.1443831588938564, 4.772911468998253], [-0.21776321496542222, 4.148098399174976], [0.2106907221184404, 4.014122405407776], [0.1390547242556728, 4.545181500130966], [-0.42421525938641697, 5.494420991859765], [-0.22717937719904696, 4.980580873074395], [-0.45696640015736, 4.531974135114], [0.2592265682654677, 1.5978470443113137], [0.11140515980883346, 2.4491003487026957], [0.0004521024824288512, 4.9900421299911715], [0.15869508010505637, 4.709598032624691], [-0.08175964266326989, 5.965292447620677], [-0.26704699602439613, 5.10672730084027], [0.4094934572623322, 3.157279122103973], [-0.0552007167286195, 5.127912805966173], [-0.15339312774774114, 5.111944091693642], [0.5163627507849738, 5.263443286644881], [0.31434390120970424, 5.447326006156403], [0.10096604147869748, 3.5085575436254035], [0.040501312238936084, 5.37258456621797], [-0.012469766352687133, 5.964077375587504], [-0.15114408670076712, 4.730275866773527], [-0.19576363299515398, 1.3333492243039047], [-0.06171542918560945, 3.2558950730311205], [0.2724351802868254, 5.444043960767223], [0.35333239569999525, 5.728578670868356], [-0.1655696688159487, 3.5684075682669163], [0.0045656068865068695, 3.072796638337026]]","[[-0.735512375831604, 5.071609973907471, -0.41982975602149963], [-0.781180739402771, 4.064624309539795, -0.38334643840789795], [-1.690869688987732, 4.409207820892334, -0.17856155335903168], [1.8264570236206055, 4.0445404052734375, 0.09593416750431061], [0.806373119354248, 2.1923611164093018, -0.25782671570777893], [0.5423591136932373, 1.494657039642334, -0.7125662565231323], [0.30824869871139526, 4.73850679397583, 0.7172616720199585], [1.3069241046905518, 3.06561541557312, -0.8319397568702698], [-0.5038958191871643, 3.150254726409912, 0.4329964220523834], [-0.7704256176948547, 2.14143443107605, -0.08076226711273193], [-0.2747912108898163, 3.1189844608306885, -0.7235056161880493], [-1.3475202322006226, 4.6160688400268555, 0.7044112086296082], [0.5631309151649475, 2.9999711513519287, 0.12128958851099014], [2.097599744796753, 4.09572172164917, 0.3754720985889435], [0.9735420346260071, 3.477978229522705, 0.5639318823814392], [-1.16005277633667, 5.355739593505859, -0.8161808848381042], [1.6088486909866333, 2.54795503616333, -1.0489627122879028], [-0.6045415997505188, 1.4616477489471436, -0.4349193871021271], [1.6519150733947754, 4.408895492553711, -1.2341716289520264], [-0.15580470860004425, 2.233808755874634, 0.1942511945962906], [1.311916470527649, 2.6942319869995117, -0.6828466653823853], [0.6671563982963562, 4.9510884284973145, 0.08018825948238373], [-0.9142951965332031, 2.4783380031585693, 0.3966814875602722], [0.9604702591896057, 4.650146961212158, -0.4360598027706146], [-0.1251818686723709, 3.9142308235168457, 0.487517774105072], [0.40122923254966736, 3.3697142601013184, -0.9827103018760681], [-0.049600470811128616, 1.3338934183120728, -0.45922306180000305], [-0.36840492486953735, 1.3738999366760254, -0.6539188623428345], [1.0243852138519287, 4.614221096038818, -0.3322118818759918], [-0.7530555725097656, 4.44417667388916, 0.6593567728996277], [0.9093790054321289, 4.313949108123779, 0.5192649364471436], [-1.8733155727386475, 5.270479202270508, -0.5131598711013794], [-1.434418797492981, 2.976118564605713, -0.5435752868652344], [-0.5687529444694519, 4.522246837615967, -0.841819167137146], [-0.9702979922294617, 4.599729061126709, -0.38003405928611755], [0.7296291589736938, 2.2370800971984863, 0.18609796464443207], [0.12379542738199234, 4.747463226318359, 0.05897322669625282], [1.2786457538604736, 4.711605072021484, -1.050066351890564], [-1.6888576745986938, 0.5541324615478516, -0.12070067971944809], [0.9547919034957886, 1.9833277463912964, -0.03672834113240242], [1.6238069534301758, 3.367189884185791, -0.2100205272436142], [0.23832537233829498, 3.6462972164154053, 0.48138654232025146], [-1.666896104812622, 2.0661416053771973, 0.3364695608615875], [0.2149532288312912, 4.130335807800293, -0.9113872647285461], [-0.09902448207139969, 5.187546253204346, -0.7424336671829224], [0.8582029342651367, 4.764886379241943, 0.44744107127189636], [1.5730301141738892, 4.140717029571533, -0.9680286645889282], [-1.636739730834961, 1.527811884880066, -0.4118267893791199], [1.8829679489135742, 4.095810890197754, -0.4020892083644867], [1.8801361322402954, 3.701002836227417, -1.0135948657989502], [1.8178768157958984, 3.4164793491363525, -1.193558692932129], [-1.8537741899490356, 5.257071495056152, -0.16569417715072632], [0.6224063634872437, 3.3841347694396973, 0.07435598969459534], [-1.132378101348877, 4.613344192504883, 0.6494982838630676], [1.798193335533142, 3.787522315979004, 0.46751636266708374], [-2.0503463745117188, 2.580843210220337, 0.16788677871227264], [-0.7489219307899475, 4.207465648651123, -0.6649905443191528], [0.5894699692726135, 3.0493807792663574, -0.371214896440506], [-0.9895907044410706, 3.3452248573303223, 0.6578116416931152], [-0.6541420221328735, 3.9293251037597656, 0.15746080875396729], [2.132655143737793, 3.5374584197998047, -0.8258293867111206], [1.016788125038147, 3.7583773136138916, -0.6241424083709717], [1.6791714429855347, 2.608917236328125, 0.1538100242614746], [-1.4563474655151367, 1.1021748781204224, -0.2318693995475769], [-0.9894141554832458, 1.8149076700210571, 0.20754870772361755], [0.11874957382678986, 4.134964942932129, 0.41843512654304504], [-0.6581828594207764, 4.016554832458496, 0.644450843334198], [0.8666809797286987, 4.931448936462402, 0.09942346066236496], [1.3445065021514893, 3.680060386657715, -0.0017258523730561137], [-1.8155769109725952, 2.661280870437622, -0.19078916311264038], [0.4667784869670868, 4.105175495147705, 0.6162322163581848], [0.7970044016838074, 4.040553092956543, -0.3839561641216278], [-2.5261294841766357, 4.67857027053833, 0.03709970787167549], [-1.3837485313415527, 4.844825267791748, 0.725816011428833], [-0.8299883008003235, 2.935978412628174, -0.6277530789375305], [-0.01725850999355316, 4.645467281341553, -0.0787845328450203], [0.4716223478317261, 5.105075359344482, -0.0506548136472702], [0.650888979434967, 3.676102876663208, -0.11362805217504501], [-0.90770024061203, 0.6642541885375977, -0.3477208614349365], [-0.29389622807502747, 2.4829893112182617, -0.016923734918236732], [-1.3201606273651123, 4.948207378387451, -0.687322735786438], [-1.651635766029358, 5.2150959968566895, 0.20126692950725555], [0.1801232248544693, 2.5401113033294678, 0.28212225437164307], [-0.6076949834823608, 2.428687334060669, -0.4173581302165985]]"
2708,-1.5278458821945116,-0.4929651858562539,-0.3819614705486279,0.0677407469594927,-0.0035086672752718197,0.582744736233474,0.809819395203338,-1.5280991378391064,-0.4932509278303706,-0.38273709449370746,0.06738605582339963,-0.0038953575429989985,0.5832052377546533,0.8095156553926034,"[75, 95, 205, 229, 254, 373, 382, 421, 424, 429, 456, 467, 478, 490, 625, 693, 877, 1024, 1061, 1168, 1217, 1344, 1547, 1613, 1629, 1787, 1937, 1950, 1958, 2057, 2158, 2229, 2470, 2527, 2541, 2556, 2592, 2750, 2781, 2855, 2875, 3127, 3182, 3228, 3232, 3249, 3321, 3342, 3432, 3506, 3542, 3546, 3549, 3566, 3649, 3690, 3748, 3865, 3983, 4061, 4086, 4091, 4100, 4107, 4136, 4138, 4191, 4215, 4216, 4246, 4255, 4322, 4400, 4420, 4515, 4641, 4703, 4828, 4838, 4848, 4867, 4875]","[[0.17598329276246444, 5.622569293155531], [0.15620559244947974, 4.616618183173649], [0.3548163472447596, 4.906986204068757], [-0.30599137510289204, 5.662947797258012], [-0.38906475450805544, 3.5586605687824213], [-0.49897793267102913, 2.88904347293121], [0.0009802507942339646, 5.651233081948479], [-0.36601149776951375, 4.573235131746221], [0.06665408540962392, 3.873062582277592], [0.049709243814542274, 2.7570702413821495], [-0.02484491503916236, 3.8385393462852715], [0.2995776540160267, 5.226711018974757], [-0.20581158373250727, 4.102069814128469], [-0.3318385363446363, 5.896934465121751], [-0.2200954847605447, 4.786488096172607], [0.2641425532918009, 3.713872401963242], [-0.1250659744173634, 2.161749934876711], [-0.12432754355288377, 3.105403735916127], [-0.415305923518494, 4.279578277811557], [-0.054419919812262164, 5.888046791297968], [0.1393636915770509, 3.1316444147975755], [-0.1329024519369658, 5.712609652821525], [0.028543076430758443, 4.705908645966366], [-0.364142593689195, 2.3515971365185973], [-0.14364650210676966, 5.7104865079551095], [0.1810259225894892, 5.102916861184067], [-0.12902712504510594, 5.464705297908222], [0.37654552648988077, 5.775584892987301], [0.29065800065244213, 3.4749453057714246], [0.2111582158246297, 5.123104671571201], [-0.3492442648020025, 3.587918452712336], [0.02106742906005737, 5.509562647232068], [0.4860211886905356, 1.0922523428758426], [-0.45285986553079305, 3.524754706616389], [-0.35639151970091887, 4.985973028200965], [-0.06254289834886918, 4.583497822007096], [0.3910619042106362, 2.662012242502988], [0.06658602498548595, 5.86910619386295], [-0.0897185231122931, 5.833512589086522], [-0.2836943363123696, 5.605885338240813], [0.37251716961840664, 2.024127503533601], [-0.2993484752688134, 4.146782774596554], [-0.32103577506583947, 5.7172204595487095], [-0.3489581225095481, 2.3230330840362106], [-0.3782541483738092, 5.440904186804682], [0.37764343659924554, 5.761650230526647], [0.17677191981677653, 3.391748444841957], [-0.17616734969554462, 4.456999288064682], [0.2582421010264747, 5.224379896207572], [-0.3202463463857261, 5.486436575212529], [0.4981808789686471, 3.1656588497279876], [0.0847438832170874, 3.8355566411146036], [0.1483429271025307, 4.773494206943868], [-0.21901489598377621, 4.124939420243358], [0.20251813434206176, 4.013714566843611], [-0.5017200863241539, 5.2955821331239985], [0.13575239360034047, 4.539156805901569], [-0.4262972770407886, 5.462639939660074], [-0.2252423320696314, 4.959577579216979], [-0.4652299795316096, 4.493663448527855], [0.2826240706179218, 1.604518644050899], [0.11113990364883193, 2.4430694094753727], [-0.004192705883652206, 4.976806259688283], [0.1477412358367641, 4.705645399331066], [-0.0867000059688497, 5.9481825043107195], [-0.2725938017653669, 5.080220834275435], [0.4149674149632885, 3.1724046310031717], [-0.06790117121614074, 5.1092811561986515], [-0.15482712036048543, 5.095001238534305], [0.5143375633694071, 5.284973729718116], [0.30925304682706467, 5.456097195162937], [0.1125648223144719, 3.509729176161187], [0.03884692225224537, 5.363639276467547], [-0.01818820285414185, 5.951213380398969], [-0.15626116438337986, 4.711444529629465], [-0.17086657469097286, 1.3127502800872302], [-0.09344529031584288, 5.844674114975359], [-0.062096549567308305, 3.2429842249192444], [0.2755964242156183, 5.45384044975137], [0.3476780749804778, 5.740846183220962], [-0.17078803385799685, 3.5431263699104907], [0.01094476133865099, 3.0627039407713497]]","[[-0.735512375831604, 5.071609973907471, -0.41982975602149963], [-0.781180739402771, 4.064624309539795, -0.38334643840789795], [-1.690869688987732, 4.409207820892334, -0.17856155335903168], [1.8264570236206055, 4.0445404052734375, 0.09593416750431061], [0.806373119354248, 2.1923611164093018, -0.25782671570777893], [0.5423591136932373, 1.494657039642334, -0.7125662565231323], [0.30824869871139526, 4.73850679397583, 0.7172616720199585], [1.3069241046905518, 3.06561541557312, -0.8319397568702698], [-0.5038958191871643, 3.150254726409912, 0.4329964220523834], [-0.7704256176948547, 2.14143443107605, -0.08076226711273193], [-0.2747912108898163, 3.1189844608306885, -0.7235056161880493], [-1.3475202322006226, 4.6160688400268555, 0.7044112086296082], [0.5631309151649475, 2.9999711513519287, 0.12128958851099014], [2.097599744796753, 4.09572172164917, 0.3754720985889435], [0.9735420346260071, 3.477978229522705, 0.5639318823814392], [-1.2529512643814087, 3.0691990852355957, 0.6317134499549866], [-0.6045415997505188, 1.4616477489471436, -0.4349193871021271], [-0.15580470860004425, 2.233808755874634, 0.1942511945962906], [1.311916470527649, 2.6942319869995117, -0.6828466653823853], [0.6671563982963562, 4.9510884284973145, 0.08018825948238373], [-0.9142951965332031, 2.4783380031585693, 0.3966814875602722], [0.9604702591896057, 4.650146961212158, -0.4360598027706146], [-0.1251818686723709, 3.9142308235168457, 0.487517774105072], [-0.049600470811128616, 1.3338934183120728, -0.45922306180000305], [1.0243852138519287, 4.614221096038818, -0.3322118818759918], [-0.7530555725097656, 4.44417667388916, 0.6593567728996277], [0.9093790054321289, 4.313949108123779, 0.5192649364471436], [-1.8733155727386475, 5.270479202270508, -0.5131598711013794], [-1.434418797492981, 2.976118564605713, -0.5435752868652344], [-0.9702979922294617, 4.599729061126709, -0.38003405928611755], [0.7296291589736938, 2.2370800971984863, 0.18609796464443207], [0.12379542738199234, 4.747463226318359, 0.05897322669625282], [-1.6888576745986938, 0.5541324615478516, -0.12070067971944809], [0.9547919034957886, 1.9833277463912964, -0.03672834113240242], [1.6238069534301758, 3.367189884185791, -0.2100205272436142], [0.23832537233829498, 3.6462972164154053, 0.48138654232025146], [-1.666896104812622, 2.0661416053771973, 0.3364695608615875], [-0.09902448207139969, 5.187546253204346, -0.7424336671829224], [0.8582029342651367, 4.764886379241943, 0.44744107127189636], [1.5730301141738892, 4.140717029571533, -0.9680286645889282], [-1.636739730834961, 1.527811884880066, -0.4118267893791199], [0.9084689617156982, 2.7410616874694824, 0.50437331199646], [1.8829679489135742, 4.095810890197754, -0.4020892083644867], [-0.0657423734664917, 1.2583720684051514, 0.05360399931669235], [1.8801361322402954, 3.701002836227417, -1.0135948657989502], [-1.8537741899490356, 5.257071495056152, -0.16569417715072632], [-0.9890633225440979, 2.737027883529663, 0.4969906806945801], [0.6224063634872437, 3.3841347694396973, 0.07435598969459534], [-1.132378101348877, 4.613344192504883, 0.6494982838630676], [1.798193335533142, 3.787522315979004, 0.46751636266708374], [-2.0503463745117188, 2.580843210220337, 0.16788677871227264], [-0.5776119232177734, 3.100867509841919, 0.564811110496521], [-0.7489219307899475, 4.207465648651123, -0.6649905443191528], [0.5894699692726135, 3.0493807792663574, -0.371214896440506], [-0.9895907044410706, 3.3452248573303223, 0.6578116416931152], [2.3693573474884033, 2.9616832733154297, 0.5697939991950989], [-0.6541420221328735, 3.9293251037597656, 0.15746080875396729], [2.132655143737793, 3.5374584197998047, -0.8258293867111206], [1.016788125038147, 3.7583773136138916, -0.6241424083709717], [1.6791714429855347, 2.608917236328125, 0.1538100242614746], [-1.4563474655151367, 1.1021748781204224, -0.2318693995475769], [-0.9894141554832458, 1.8149076700210571, 0.20754870772361755], [0.11874957382678986, 4.134964942932129, 0.41843512654304504], [-0.6581828594207764, 4.016554832458496, 0.644450843334198], [0.8666809797286987, 4.931448936462402, 0.09942346066236496], [1.3445065021514893, 3.680060386657715, -0.0017258523730561137], [-1.8155769109725952, 2.661280870437622, -0.19078916311264038], [0.4667784869670868, 4.105175495147705, 0.6162322163581848], [0.7970044016838074, 4.040553092956543, -0.3839561641216278], [-2.5261294841766357, 4.67857027053833, 0.03709970787167549], [-1.3837485313415527, 4.844825267791748, 0.725816011428833], [-0.8299883008003235, 2.935978412628174, -0.6277530789375305], [-0.01725850999355316, 4.645467281341553, -0.0787845328450203], [0.4716223478317261, 5.105075359344482, -0.0506548136472702], [0.650888979434967, 3.676102876663208, -0.11362805217504501], [-0.90770024061203, 0.6642541885375977, -0.3477208614349365], [0.8937721848487854, 4.650120735168457, 0.9672383666038513], [-0.29389622807502747, 2.4829893112182617, -0.016923734918236732], [-1.3201606273651123, 4.948207378387451, -0.687322735786438], [-1.651635766029358, 5.2150959968566895, 0.20126692950725555], [0.1801232248544693, 2.5401113033294678, 0.28212225437164307], [-0.6076949834823608, 2.428687334060669, -0.4173581302165985]]"
2710,-1.4600665164426205,-0.49891321140908185,-0.36501662911065513,0.04628674468060981,-0.026644047198677308,0.587945929053577,0.8071351909841827,-1.4599568762901047,-0.49964431909412244,-0.36413491649055824,0.04727655787412384,-0.02735939905772365,0.5878483957376798,0.8071249308424385,"[16, 75, 95, 205, 229, 239, 254, 382, 424, 429, 467, 478, 490, 625, 693, 877, 1024, 1061, 1168, 1217, 1282, 1344, 1547, 1613, 1629, 1787, 1937, 1950, 1958, 2057, 2158, 2229, 2302, 2368, 2470, 2527, 2541, 2556, 2572, 2592, 2617, 2750, 2781, 2875, 2986, 3127, 3182, 3228, 3249, 3321, 3342, 3432, 3506, 3542, 3546, 3549, 3566, 3649, 3690, 3735, 3748, 3865, 3983, 4061, 4086, 4091, 4100, 4107, 4136, 4138, 4191, 4215, 4216, 4246, 4255, 4400, 4420, 4515, 4641, 4703, 4828, 4838, 4848, 4867, 4875]","[[-0.23379965026207924, 1.343440712141289], [0.18114285218058476, 5.618311467226995], [0.1631449610583661, 4.614508057148928], [0.35825189531192586, 4.915713090137808], [-0.3106981591102772, 5.627919559821888], [-0.26508243724699315, 5.684837250100144], [-0.38944613142904577, 3.5223392616976374], [-0.007112762176374233, 5.6330222682559805], [0.060783642015176664, 3.8565444837256337], [0.05757470750062195, 2.743361438168411], [0.2935662449317764, 5.227741852012858], [-0.20707710454885672, 4.073312950903927], [-0.340836091639115, 5.861749374032469], [-0.2281467745210074, 4.756507251037292], [0.2585015579737455, 3.7131869953110863], [-0.10401352401395807, 2.141318595812602], [-0.12506644119265534, 3.0810360962600734], [-0.41158291903548466, 4.242707045248177], [-0.05899355106926178, 5.869243988166193], [0.13557997005550823, 3.1214908790562843], [-0.5172948973117582, 4.355954737775222], [-0.13003312440557246, 5.689329479485032], [0.02384394280811776, 4.691006953866679], [-0.35264700981929803, 2.3163168751261356], [-0.14473434696574333, 5.685440329459008], [0.17364789328732347, 5.097725987006288], [-0.13961554430664863, 5.438192087749423], [0.3834772046086963, 5.7844131819482145], [0.3009345770826024, 3.4788325540575156], [0.21457456722434065, 5.122048843880198], [-0.3549901207269538, 3.5506513694698736], [0.02157297417391952, 5.499352005357893], [-0.4804524134120181, 4.722489516651856], [-0.2760464913502979, 3.4145625809432802], [0.5220405210282119, 1.1059652135993174], [-0.4545174226752278, 3.4812853511360684], [-0.361366386956753, 4.952108856868449], [-0.06901593600137344, 4.560808629840382], [-0.2737946533999931, 5.025586608558894], [0.39329862460137943, 2.6672270094777852], [-0.20255434917492773, 4.8653043026172496], [0.07290678665253156, 5.860462031240973], [-0.09746512188201834, 5.811694206396791], [0.39645980043543866, 2.0357885746657454], [-0.4159282545515053, 1.7656605706608792], [-0.3073843735872878, 4.108827270532785], [-0.32137514389134436, 5.683258928302994], [-0.34810313158878387, 2.2859439713729235], [0.3786538869580397, 5.771141228610506], [0.17242730588230795, 3.3826173018062216], [-0.17603965167497113, 4.42994968476494], [0.2500224657058076, 5.2229103280256455], [-0.3305742151667418, 5.451221112365962], [0.4987076045830164, 3.181094287575557], [0.07824204620987665, 3.8234819678667993], [0.15640935502098788, 4.770238562748618], [-0.21521939906145168, 4.1003267456784815], [0.1945722200554205, 4.004993144382253], [-0.5127681671886567, 5.2485117751176675], [-0.31568784024375846, 3.839266476550296], [0.13416379907731177, 4.532097479446762], [-0.42523054766257873, 5.425201863333666], [-0.22184414044121364, 4.932902192091681], [-0.47317995024547954, 4.449987477030563], [0.30762666822512674, 1.6079411325549988], [0.1154221147951244, 2.4307584819877164], [-0.012153421740087276, 4.960248618966415], [0.1416118689081297, 4.696861561964849], [-0.09226574423604375, 5.928323442564753], [-0.2771836855092826, 5.049350685001806], [0.42358169994222655, 3.186463847900172], [-0.07678915661542823, 5.0892307266063845], [-0.1519298437891901, 5.071577401280542], [0.5150636595880481, 5.299586755588497], [0.2995829465348282, 5.454036511274758], [0.038431930452622, 5.351545988462924], [-0.01964547451577324, 5.9368374084969515], [-0.15659264980441187, 4.685790082667547], [-0.13521616347694904, 1.2885349668151964], [-0.10524122762564567, 5.814654455948278], [-0.057742016490049376, 3.2209813667998035], [0.2855812110866178, 5.458219469906345], [0.3456823065722578, 5.744518465478552], [-0.17554234172473335, 3.5151146796846304], [0.025874560618936122, 3.051525129965385]]","[[-0.7718660235404968, 0.607114315032959, -0.03994431346654892], [-0.735512375831604, 5.071609973907471, -0.41982975602149963], [-0.781180739402771, 4.064624309539795, -0.38334643840789795], [-1.690869688987732, 4.409207820892334, -0.17856155335903168], [1.8264570236206055, 4.0445404052734375, 0.09593416750431061], [1.6176284551620483, 4.096442222595215, 0.938147783279419], [0.806373119354248, 2.1923611164093018, -0.25782671570777893], [0.30824869871139526, 4.73850679397583, 0.7172616720199585], [-0.5038958191871643, 3.150254726409912, 0.4329964220523834], [-0.7704256176948547, 2.14143443107605, -0.08076226711273193], [-1.3475202322006226, 4.6160688400268555, 0.7044112086296082], [0.5631309151649475, 2.9999711513519287, 0.12128958851099014], [2.097599744796753, 4.09572172164917, 0.3754720985889435], [0.9735420346260071, 3.477978229522705, 0.5639318823814392], [-1.2529512643814087, 3.0691990852355957, 0.6317134499549866], [-0.6045415997505188, 1.4616477489471436, -0.4349193871021271], [-0.15580470860004425, 2.233808755874634, 0.1942511945962906], [1.311916470527649, 2.6942319869995117, -0.6828466653823853], [0.6671563982963562, 4.9510884284973145, 0.08018825948238373], [-0.9142951965332031, 2.4783380031585693, 0.3966814875602722], [1.7228246927261353, 2.317826509475708, 0.5801055431365967], [0.9604702591896057, 4.650146961212158, -0.4360598027706146], [-0.1251818686723709, 3.9142308235168457, 0.487517774105072], [-0.049600470811128616, 1.3338934183120728, -0.45922306180000305], [1.0243852138519287, 4.614221096038818, -0.3322118818759918], [-0.7530555725097656, 4.44417667388916, 0.6593567728996277], [0.9093790054321289, 4.313949108123779, 0.5192649364471436], [-1.8733155727386475, 5.270479202270508, -0.5131598711013794], [-1.434418797492981, 2.976118564605713, -0.5435752868652344], [-0.9702979922294617, 4.599729061126709, -0.38003405928611755], [0.7296291589736938, 2.2370800971984863, 0.18609796464443207], [0.12379542738199234, 4.747463226318359, 0.05897322669625282], [1.8903381824493408, 2.692002058029175, 0.5670227408409119], [0.4132384955883026, 2.2306692600250244, 0.46351492404937744], [-1.6888576745986938, 0.5541324615478516, -0.12070067971944809], [0.9547919034957886, 1.9833277463912964, -0.03672834113240242], [1.6238069534301758, 3.367189884185791, -0.2100205272436142], [0.23832537233829498, 3.6462972164154053, 0.48138654232025146], [1.2931238412857056, 3.53771710395813, 0.7972477078437805], [-1.666896104812622, 2.0661416053771973, 0.3364695608615875], [0.9247138500213623, 3.581916570663452, 0.7817375659942627], [-0.09902448207139969, 5.187546253204346, -0.7424336671829224], [0.8582029342651367, 4.764886379241943, 0.44744107127189636], [-1.636739730834961, 1.527811884880066, -0.4118267893791199], [-0.3025670051574707, 0.761637806892395, 0.05829368531703949], [0.9084689617156982, 2.7410616874694824, 0.50437331199646], [1.8829679489135742, 4.095810890197754, -0.4020892083644867], [-0.0657423734664917, 1.2583720684051514, 0.05360399931669235], [-1.8537741899490356, 5.257071495056152, -0.16569417715072632], [-0.9890633225440979, 2.737027883529663, 0.4969906806945801], [0.6224063634872437, 3.3841347694396973, 0.07435598969459534], [-1.132378101348877, 4.613344192504883, 0.6494982838630676], [1.798193335533142, 3.787522315979004, 0.46751636266708374], [-2.0503463745117188, 2.580843210220337, 0.16788677871227264], [-0.5776119232177734, 3.100867509841919, 0.564811110496521], [-0.7489219307899475, 4.207465648651123, -0.6649905443191528], [0.5894699692726135, 3.0493807792663574, -0.371214896440506], [-0.9895907044410706, 3.3452248573303223, 0.6578116416931152], [2.3693573474884033, 2.9616832733154297, 0.5697939991950989], [0.7728717923164368, 2.505786895751953, 0.4832989275455475], [-0.6541420221328735, 3.9293251037597656, 0.15746080875396729], [2.132655143737793, 3.5374584197998047, -0.8258293867111206], [1.016788125038147, 3.7583773136138916, -0.6241424083709717], [1.6791714429855347, 2.608917236328125, 0.1538100242614746], [-1.4563474655151367, 1.1021748781204224, -0.2318693995475769], [-0.9894141554832458, 1.8149076700210571, 0.20754870772361755], [0.11874957382678986, 4.134964942932129, 0.41843512654304504], [-0.6581828594207764, 4.016554832458496, 0.644450843334198], [0.8666809797286987, 4.931448936462402, 0.09942346066236496], [1.3445065021514893, 3.680060386657715, -0.0017258523730561137], [-1.8155769109725952, 2.661280870437622, -0.19078916311264038], [0.4667784869670868, 4.105175495147705, 0.6162322163581848], [0.7970044016838074, 4.040553092956543, -0.3839561641216278], [-2.5261294841766357, 4.67857027053833, 0.03709970787167549], [-1.3837485313415527, 4.844825267791748, 0.725816011428833], [-0.01725850999355316, 4.645467281341553, -0.0787845328450203], [0.4716223478317261, 5.105075359344482, -0.0506548136472702], [0.650888979434967, 3.676102876663208, -0.11362805217504501], [-0.90770024061203, 0.6642541885375977, -0.3477208614349365], [0.8937721848487854, 4.650120735168457, 0.9672383666038513], [-0.29389622807502747, 2.4829893112182617, -0.016923734918236732], [-1.3201606273651123, 4.948207378387451, -0.687322735786438], [-1.651635766029358, 5.2150959968566895, 0.20126692950725555], [0.1801232248544693, 2.5401113033294678, 0.28212225437164307], [-0.6076949834823608, 2.428687334060669, -0.4173581302165985]]"
2712,-1.3928025176303982,-0.4997741897687031,-0.34820062940759955,0.02146888582723967,-0.04595184352020733,0.5922637112241214,0.8041462624333101,-1.3891187411155679,-0.49978833924491295,-0.34821254831935416,0.02166549975328091,-0.04562896725398232,0.592956707124231,0.8036485220195234,"[16, 75, 95, 205, 229, 239, 242, 254, 382, 424, 429, 467, 478, 490, 625, 656, 877, 1024, 1168, 1217, 1344, 1547, 1613, 1629, 1787, 1937, 1950, 1958, 2057, 2128, 2158, 2229, 2302, 2344, 2368, 2527, 2541, 2553, 2556, 2572, 2592, 2617, 2750, 2781, 2875, 2986, 3078, 3127, 3182, 3224, 3228, 3249, 3321, 3342, 3432, 3478, 3506, 3513, 3542, 3546, 3549, 3566, 3649, 3690, 3735, 3748, 3983, 4061, 4086, 4091, 4100, 4107, 4136, 4138, 4191, 4215, 4216, 4246, 4255, 4400, 4420, 4515, 4641, 4703, 4828, 4838, 4848, 4867, 4875]","[[-0.21044686107316163, 1.3082115162713306], [0.18493354853655058, 5.61055526145723], [0.16973959754033452, 4.605162060323958], [0.36175123418770383, 4.921865030382349], [-0.31490166260971086, 5.588493935153039], [-0.2763752670159879, 5.64678217965439], [-0.34683987327826127, 3.66554044389187], [-0.38509401734842963, 3.478609442391602], [-0.015319374096200232, 5.611765829641168], [0.05741171654083965, 3.8390656016567446], [0.06846681267985198, 2.7292091415508275], [0.2853215459313925, 5.223988884030501], [-0.21064180822234294, 4.039214113352863], [-0.34656671371660136, 5.820873953464281], [-0.23554586476257075, 4.719823222125817], [0.26653116993329984, 5.88003964665802], [-0.08126825999036351, 2.118131320292679], [-0.12498901180970373, 3.050475907773794], [-0.05960583539061314, 5.845728782934991], [0.13597253411118257, 3.1074010276055337], [-0.12805425233698647, 5.665365179960848], [0.018055277780893664, 4.668240899001541], [-0.33353810567371966, 2.2779414788422576], [-0.14046281004008593, 5.657775206805686], [0.16824500925313352, 5.087897906867345], [-0.14681372000894055, 5.408268824955199], [0.3877938961358504, 5.792328185608948], [0.31652435765465553, 3.482631663356358], [0.22062690997287684, 5.1177338011711875], [-0.02182746046092469, 4.749930070667859], [-0.35496630986009653, 3.506414965695978], [0.019239533661808965, 5.476412862390869], [-0.49196990199518853, 4.6704762017927095], [0.5229988692707171, 4.75807281505835], [-0.280919841367451, 3.3734906267869222], [-0.4566217803021285, 3.435664811401506], [-0.3635490902295685, 4.911517457431308], [-0.36981930926742884, 5.285361495936555], [-0.07470489788596128, 4.534288974022387], [-0.2823243744465054, 4.986378903710026], [0.39576865828147245, 2.668068106638113], [-0.21611250871664825, 4.8284247633166455], [0.08054757448596585, 5.846838292362857], [-0.10214225482066064, 5.782431780313128], [0.4253000261398343, 2.0434402349591907], [-0.4100618727938064, 1.718940749702068], [-0.19195143773217552, 5.77354188620721], [-0.3141288873731242, 4.068137166355159], [-0.31931279752379454, 5.645789806034586], [-0.27108114339971456, 5.973031094731562], [-0.34377379669560404, 2.243315944956475], [0.3805736355954828, 5.779932927153771], [0.16749454115089615, 3.3695296283418266], [-0.17843576646806042, 4.3987752095226655], [0.24533737614020504, 5.216696806844503], [-0.038331435781039785, 3.9172119820219504], [-0.3375057396398497, 5.409487721345475], [0.0019813595012033126, 4.806908501720779], [0.5043031348781487, 3.190200292515106], [0.07295785894234834, 3.8059824611247066], [0.16858621983546676, 4.761862685172136], [-0.2073027368442943, 4.065419156043993], [0.18836277097742207, 3.994925264452434], [-0.521771270520005, 5.196131722316371], [-0.3216014328907252, 3.7996017659874597], [0.13382242143683448, 4.519584495001583], [-0.21577954376339592, 4.901698745847914], [-0.47666734632792795, 4.404278761179456], [0.3369183084222788, 1.6055885404243553], [0.12155388953764579, 2.4152136747939674], [-0.016497176542024396, 4.936048759902468], [0.13312298133874903, 4.6850782985550685], [-0.09314768955901356, 5.902435558521783], [-0.2788400093892618, 5.013225676556019], [0.4340657888434605, 3.1932162238001576], [-0.08328227484896214, 5.059801816469147], [-0.14840604660054388, 5.04158465316472], [0.5134165846686165, 5.31317041440574], [0.2930251695464239, 5.451057382676053], [0.040924051448480075, 5.333499646255834], [-0.02060436532317994, 5.916089875598762], [-0.15444207556860703, 4.657737943676595], [-0.09578049992947354, 1.26374578162481], [-0.11729931302298766, 5.789053624957088], [-0.0541116745299746, 3.1983914727312], [0.29168547810820283, 5.4601779738678], [0.34436488175689967, 5.7471699865281085], [-0.17558107217650382, 3.4834799304745974], [0.03971059805219468, 3.0325778721366357]]","[[-0.7718660235404968, 0.607114315032959, -0.03994431346654892], [-0.735512375831604, 5.071609973907471, -0.41982975602149963], [-0.781180739402771, 4.064624309539795, -0.38334643840789795], [-1.690869688987732, 4.409207820892334, -0.17856155335903168], [1.8264570236206055, 4.0445404052734375, 0.09593416750431061], [1.6176284551620483, 4.096442222595215, 0.938147783279419], [0.7538830041885376, 2.314903974533081, 0.5854530334472656], [0.806373119354248, 2.1923611164093018, -0.25782671570777893], [0.30824869871139526, 4.73850679397583, 0.7172616720199585], [-0.5038958191871643, 3.150254726409912, 0.4329964220523834], [-0.7704256176948547, 2.14143443107605, -0.08076226711273193], [-1.3475202322006226, 4.6160688400268555, 0.7044112086296082], [0.5631309151649475, 2.9999711513519287, 0.12128958851099014], [2.097599744796753, 4.09572172164917, 0.3754720985889435], [0.9735420346260071, 3.477978229522705, 0.5639318823814392], [-1.16005277633667, 5.355739593505859, -0.8161808848381042], [-0.6045415997505188, 1.4616477489471436, -0.4349193871021271], [-0.15580470860004425, 2.233808755874634, 0.1942511945962906], [0.6671563982963562, 4.9510884284973145, 0.08018825948238373], [-0.9142951965332031, 2.4783380031585693, 0.3966814875602722], [0.9604702591896057, 4.650146961212158, -0.4360598027706146], [-0.1251818686723709, 3.9142308235168457, 0.487517774105072], [-0.049600470811128616, 1.3338934183120728, -0.45922306180000305], [1.0243852138519287, 4.614221096038818, -0.3322118818759918], [-0.7530555725097656, 4.44417667388916, 0.6593567728996277], [0.9093790054321289, 4.313949108123779, 0.5192649364471436], [-1.8733155727386475, 5.270479202270508, -0.5131598711013794], [-1.434418797492981, 2.976118564605713, -0.5435752868652344], [-0.9702979922294617, 4.599729061126709, -0.38003405928611755], [0.0504140630364418, 3.844172477722168, 0.9141488671302795], [0.7296291589736938, 2.2370800971984863, 0.18609796464443207], [0.12379542738199234, 4.747463226318359, 0.05897322669625282], [1.8903381824493408, 2.692002058029175, 0.5670227408409119], [-2.464837074279785, 4.037117004394531, 0.5971192717552185], [0.4132384955883026, 2.2306692600250244, 0.46351492404937744], [0.9547919034957886, 1.9833277463912964, -0.03672834113240242], [1.6238069534301758, 3.367189884185791, -0.2100205272436142], [1.7968621253967285, 3.468876361846924, 1.0605802536010742], [0.23832537233829498, 3.6462972164154053, 0.48138654232025146], [1.2931238412857056, 3.53771710395813, 0.7972477078437805], [-1.666896104812622, 2.0661416053771973, 0.3364695608615875], [0.9247138500213623, 3.581916570663452, 0.7817375659942627], [-0.09902448207139969, 5.187546253204346, -0.7424336671829224], [0.8582029342651367, 4.764886379241943, 0.44744107127189636], [-1.636739730834961, 1.527811884880066, -0.4118267893791199], [-0.3025670051574707, 0.761637806892395, 0.05829368531703949], [1.2469576597213745, 4.395224571228027, 1.1930838823318481], [0.9084689617156982, 2.7410616874694824, 0.50437331199646], [1.8829679489135742, 4.095810890197754, -0.4020892083644867], [1.7741444110870361, 4.417745590209961, 0.8527701497077942], [-0.0657423734664917, 1.2583720684051514, 0.05360399931669235], [-1.8537741899490356, 5.257071495056152, -0.16569417715072632], [-0.9890633225440979, 2.737027883529663, 0.4969906806945801], [0.6224063634872437, 3.3841347694396973, 0.07435598969459534], [-1.132378101348877, 4.613344192504883, 0.6494982838630676], [-0.14224176108837128, 3.0581369400024414, 0.7034266591072083], [1.798193335533142, 3.787522315979004, 0.46751636266708374], [-0.05047990381717682, 3.9298436641693115, 0.9450393319129944], [-2.0503463745117188, 2.580843210220337, 0.16788677871227264], [-0.5776119232177734, 3.100867509841919, 0.564811110496521], [-0.7489219307899475, 4.207465648651123, -0.6649905443191528], [0.5894699692726135, 3.0493807792663574, -0.371214896440506], [-0.9895907044410706, 3.3452248573303223, 0.6578116416931152], [2.3693573474884033, 2.9616832733154297, 0.5697939991950989], [0.7728717923164368, 2.505786895751953, 0.4832989275455475], [-0.6541420221328735, 3.9293251037597656, 0.15746080875396729], [1.016788125038147, 3.7583773136138916, -0.6241424083709717], [1.6791714429855347, 2.608917236328125, 0.1538100242614746], [-1.4563474655151367, 1.1021748781204224, -0.2318693995475769], [-0.9894141554832458, 1.8149076700210571, 0.20754870772361755], [0.11874957382678986, 4.134964942932129, 0.41843512654304504], [-0.6581828594207764, 4.016554832458496, 0.644450843334198], [0.8666809797286987, 4.931448936462402, 0.09942346066236496], [1.3445065021514893, 3.680060386657715, -0.0017258523730561137], [-1.8155769109725952, 2.661280870437622, -0.19078916311264038], [0.4667784869670868, 4.105175495147705, 0.6162322163581848], [0.7970044016838074, 4.040553092956543, -0.3839561641216278], [-2.5261294841766357, 4.67857027053833, 0.03709970787167549], [-1.3837485313415527, 4.844825267791748, 0.725816011428833], [-0.01725850999355316, 4.645467281341553, -0.0787845328450203], [0.4716223478317261, 5.105075359344482, -0.0506548136472702], [0.650888979434967, 3.676102876663208, -0.11362805217504501], [-0.90770024061203, 0.6642541885375977, -0.3477208614349365], [0.8937721848487854, 4.650120735168457, 0.9672383666038513], [-0.29389622807502747, 2.4829893112182617, -0.016923734918236732], [-1.3201606273651123, 4.948207378387451, -0.687322735786438], [-1.651635766029358, 5.2150959968566895, 0.20126692950725555], [0.1801232248544693, 2.5401113033294678, 0.28212225437164307], [-0.6076949834823608, 2.428687334060669, -0.4173581302165985]]"
2714,-1.3268256034962536,-0.49640101921726243,-0.3317064008740634,-0.0036217983649360595,-0.06013755237341243,0.5962152622143001,0.8005608774314869,-1.325797416840905,-0.4951025433752707,-0.33172868331110444,-0.0039367972641172,-0.06095251984297095,0.5966696179746455,0.8001591460066455,"[16, 75, 95, 205, 229, 239, 242, 254, 382, 424, 429, 467, 478, 490, 625, 656, 789, 877, 1024, 1168, 1217, 1344, 1547, 1613, 1629, 1695, 1787, 1937, 1950, 1958, 2057, 2128, 2158, 2229, 2302, 2344, 2368, 2527, 2541, 2553, 2556, 2572, 2617, 2750, 2781, 2875, 2986, 3078, 3127, 3182, 3224, 3228, 3249, 3321, 3342, 3432, 3478, 3506, 3542, 3546, 3549, 3566, 3735, 3748, 3949, 3983, 4061, 4086, 4091, 4100, 4107, 4136, 4138, 4191, 4215, 4216, 4246, 4255, 4322, 4400, 4420, 4515, 4641, 4703, 4828, 4838, 4848, 4867, 4875, 4948]","[[-0.18503991556224142, 1.2686821339704788], [0.18938745371274565, 5.600522731583982], [0.17666300267744042, 4.594307731890127], [0.3651559940391632, 4.9222362531545025], [-0.3161538460958759, 5.546333553042705], [-0.28737913808204885, 5.6025337583454435], [-0.35446132536239444, 3.6155404354327754], [-0.3791823639667689, 3.4328162146279824], [-0.023742714657914034, 5.584249312863631], [0.05344394149545483, 3.815301900836716], [0.07641236545745446, 2.707376559225367], [0.2779527151159573, 5.216957945060636], [-0.2085336183621494, 4.000473810190539], [-0.35348927929064977, 5.770894938512232], [-0.24220927737334202, 4.680333592326379], [0.27441566755470403, 5.874883514591897], [-0.27197957732505806, 4.98338665615664], [-0.05801609085121661, 2.0899967193861797], [-0.12317163883043634, 3.0166717016258002], [-0.06067967084927468, 5.815657624089655], [0.13443177070353624, 3.0889051435700674], [-0.12387869356703095, 5.632660150999342], [0.013286889854281015, 4.644090374034272], [-0.31369200120612095, 2.2346685755283175], [-0.13708648831610062, 5.626847920044865], [0.46483493375824336, 5.1116060512354675], [0.15966437068580527, 5.072876049455733], [-0.15122443858379522, 5.37215112761004], [0.3903506214341165, 5.7973265300072825], [0.3321992506789552, 3.479509874155148], [0.22557558213794593, 5.108306457551195], [-0.03400208255635385, 4.720462829941878], [-0.3591327222087396, 3.4590597208777605], [0.019658776720452638, 5.45443555675326], [-0.503706650184226, 4.617478305482003], [0.5154246078631776, 4.765918673388322], [-0.28672119320999395, 3.3295862791991775], [-0.454538953227489, 3.3811691155607284], [-0.3630246030409821, 4.862992838824993], [-0.38578443142897373, 5.2356596105919095], [-0.0800770257552785, 4.502276008985092], [-0.2934595261107671, 4.940291153838931], [-0.22343024351071586, 4.790316762191994], [0.0873828464472342, 5.82913473822823], [-0.11036591450769917, 5.749442172720984], [0.44965172290572886, 2.0500224144843058], [-0.4020613909720166, 1.670200377838761], [-0.2057020774563485, 5.7337791302468375], [-0.3211022147814625, 4.020771425347683], [-0.31632098310872675, 5.600998505696667], [-0.2802627664327963, 5.9310003436204335], [-0.33876676511564063, 2.1955648087365343], [0.3830827998933866, 5.779526261483374], [0.16631057607091515, 3.353929442956987], [-0.1761805503833336, 4.361773972622803], [0.23734086567742613, 5.20774052327042], [-0.049293767497072594, 3.8882475901663778], [-0.34374545658147754, 5.3626958984832545], [0.5045974549086439, 3.20092822403756], [0.06849201382493672, 3.782875672677247], [0.17830636561737126, 4.7500486718632295], [-0.19991223396661564, 4.029865691487194], [-0.32739253235126, 3.7544106695257615], [0.13398437278689268, 4.5048391253215545], [-0.44936716575525487, 5.951549646411444], [-0.20575803419688152, 4.866887062119873], [-0.4796840599759019, 4.346749254182608], [0.36749907569366097, 1.6056478113146004], [0.12816312892079784, 2.398814048127559], [-0.020224631295012924, 4.908684663656147], [0.12833841658205358, 4.663543436309559], [-0.09643868883945583, 5.86929805100933], [-0.2788910295013235, 4.969800845226041], [0.44213801961455435, 3.198665363833405], [-0.09287988560997544, 5.030700652782209], [-0.14364661358099914, 5.01087848322664], [0.5128689140104846, 5.324179012192347], [0.28347157426919545, 5.445323463856903], [0.15832213906041576, 3.4799361803053004], [0.04100716077086455, 5.310828901496047], [-0.019697954273484218, 5.892192085543419], [-0.15323535664774976, 4.6219790430702865], [-0.05190957808739454, 1.2317388700043232], [-0.1308833824539073, 5.754759594611729], [-0.04695307251887719, 3.168399002835401], [0.29779582755294937, 5.456616232007586], [0.34001627248506333, 5.746587112806334], [-0.17690504172047816, 3.4446720705828904], [0.053393678057058185, 3.0147749805264463], [0.4779427481809701, 5.995382814515038]]","[[-0.7718660235404968, 0.607114315032959, -0.03994431346654892], [-0.735512375831604, 5.071609973907471, -0.41982975602149963], [-0.781180739402771, 4.064624309539795, -0.38334643840789795], [-1.690869688987732, 4.409207820892334, -0.17856155335903168], [1.8264570236206055, 4.0445404052734375, 0.09593416750431061], [1.6176284551620483, 4.096442222595215, 0.938147783279419], [0.7538830041885376, 2.314903974533081, 0.5854530334472656], [0.806373119354248, 2.1923611164093018, -0.25782671570777893], [0.30824869871139526, 4.73850679397583, 0.7172616720199585], [-0.5038958191871643, 3.150254726409912, 0.4329964220523834], [-0.7704256176948547, 2.14143443107605, -0.08076226711273193], [-1.3475202322006226, 4.6160688400268555, 0.7044112086296082], [0.5631309151649475, 2.9999711513519287, 0.12128958851099014], [2.097599744796753, 4.09572172164917, 0.3754720985889435], [0.9735420346260071, 3.477978229522705, 0.5639318823814392], [-1.16005277633667, 5.355739593505859, -0.8161808848381042], [1.1839803457260132, 3.5905325412750244, 1.0190378427505493], [-0.6045415997505188, 1.4616477489471436, -0.4349193871021271], [-0.15580470860004425, 2.233808755874634, 0.1942511945962906], [0.6671563982963562, 4.9510884284973145, 0.08018825948238373], [-0.9142951965332031, 2.4783380031585693, 0.3966814875602722], [0.9604702591896057, 4.650146961212158, -0.4360598027706146], [-0.1251818686723709, 3.9142308235168457, 0.487517774105072], [-0.049600470811128616, 1.3338934183120728, -0.45922306180000305], [1.0243852138519287, 4.614221096038818, -0.3322118818759918], [-2.1223397254943848, 4.517705917358398, -0.9276341795921326], [-0.7530555725097656, 4.44417667388916, 0.6593567728996277], [0.9093790054321289, 4.313949108123779, 0.5192649364471436], [-1.8733155727386475, 5.270479202270508, -0.5131598711013794], [-1.434418797492981, 2.976118564605713, -0.5435752868652344], [-0.9702979922294617, 4.599729061126709, -0.38003405928611755], [0.0504140630364418, 3.844172477722168, 0.9141488671302795], [0.7296291589736938, 2.2370800971984863, 0.18609796464443207], [0.12379542738199234, 4.747463226318359, 0.05897322669625282], [1.8903381824493408, 2.692002058029175, 0.5670227408409119], [-2.464837074279785, 4.037117004394531, 0.5971192717552185], [0.4132384955883026, 2.2306692600250244, 0.46351492404937744], [0.9547919034957886, 1.9833277463912964, -0.03672834113240242], [1.6238069534301758, 3.367189884185791, -0.2100205272436142], [1.7968621253967285, 3.468876361846924, 1.0605802536010742], [0.23832537233829498, 3.6462972164154053, 0.48138654232025146], [1.2931238412857056, 3.53771710395813, 0.7972477078437805], [0.9247138500213623, 3.581916570663452, 0.7817375659942627], [-0.09902448207139969, 5.187546253204346, -0.7424336671829224], [0.8582029342651367, 4.764886379241943, 0.44744107127189636], [-1.636739730834961, 1.527811884880066, -0.4118267893791199], [-0.3025670051574707, 0.761637806892395, 0.05829368531703949], [1.2469576597213745, 4.395224571228027, 1.1930838823318481], [0.9084689617156982, 2.7410616874694824, 0.50437331199646], [1.8829679489135742, 4.095810890197754, -0.4020892083644867], [1.7741444110870361, 4.417745590209961, 0.8527701497077942], [-0.0657423734664917, 1.2583720684051514, 0.05360399931669235], [-1.8537741899490356, 5.257071495056152, -0.16569417715072632], [-0.9890633225440979, 2.737027883529663, 0.4969906806945801], [0.6224063634872437, 3.3841347694396973, 0.07435598969459534], [-1.132378101348877, 4.613344192504883, 0.6494982838630676], [-0.14224176108837128, 3.0581369400024414, 0.7034266591072083], [1.798193335533142, 3.787522315979004, 0.46751636266708374], [-2.0503463745117188, 2.580843210220337, 0.16788677871227264], [-0.5776119232177734, 3.100867509841919, 0.564811110496521], [-0.7489219307899475, 4.207465648651123, -0.6649905443191528], [0.5894699692726135, 3.0493807792663574, -0.371214896440506], [0.7728717923164368, 2.505786895751953, 0.4832989275455475], [-0.6541420221328735, 3.9293251037597656, 0.15746080875396729], [2.4914770126342773, 3.739055871963501, 1.3702725172042847], [1.016788125038147, 3.7583773136138916, -0.6241424083709717], [1.6791714429855347, 2.608917236328125, 0.1538100242614746], [-1.4563474655151367, 1.1021748781204224, -0.2318693995475769], [-0.9894141554832458, 1.8149076700210571, 0.20754870772361755], [0.11874957382678986, 4.134964942932129, 0.41843512654304504], [-0.6581828594207764, 4.016554832458496, 0.644450843334198], [0.8666809797286987, 4.931448936462402, 0.09942346066236496], [1.3445065021514893, 3.680060386657715, -0.0017258523730561137], [-1.8155769109725952, 2.661280870437622, -0.19078916311264038], [0.4667784869670868, 4.105175495147705, 0.6162322163581848], [0.7970044016838074, 4.040553092956543, -0.3839561641216278], [-2.5261294841766357, 4.67857027053833, 0.03709970787167549], [-1.3837485313415527, 4.844825267791748, 0.725816011428833], [-0.8299883008003235, 2.935978412628174, -0.6277530789375305], [-0.01725850999355316, 4.645467281341553, -0.0787845328450203], [0.4716223478317261, 5.105075359344482, -0.0506548136472702], [0.650888979434967, 3.676102876663208, -0.11362805217504501], [-0.90770024061203, 0.6642541885375977, -0.3477208614349365], [0.8937721848487854, 4.650120735168457, 0.9672383666038513], [-0.29389622807502747, 2.4829893112182617, -0.016923734918236732], [-1.3201606273651123, 4.948207378387451, -0.687322735786438], [-1.651635766029358, 5.2150959968566895, 0.20126692950725555], [0.1801232248544693, 2.5401113033294678, 0.28212225437164307], [-0.6076949834823608, 2.428687334060669, -0.4173581302165985], [-2.3607006072998047, 5.372984886169434, -0.9860233068466187]]"
2716,-1.253492628401685,-0.48837537399338576,-0.31337315710042124,-0.02979143223576762,-0.06968152141213717,0.6008601593767883,0.7957537464647791,-1.252487981394694,-0.4873023976806191,-0.31345678640586067,-0.02919553918772389,-0.06942960626208075,0.6002652430146613,0.7962466880900543,"[16, 75, 95, 205, 229, 239, 242, 254, 382, 424, 429, 467, 478, 490, 625, 656, 789, 877, 1024, 1168, 1344, 1442, 1547, 1629, 1632, 1695, 1787, 1937, 1950, 1958, 2004, 2057, 2158, 2229, 2302, 2368, 2527, 2541, 2553, 2556, 2572, 2617, 2750, 2781, 2875, 2986, 3078, 3127, 3182, 3224, 3228, 3249, 3342, 3432, 3506, 3542, 3546, 3549, 3566, 3735, 3748, 3949, 3983, 4061, 4086, 4091, 4100, 4107, 4136, 4138, 4191, 4215, 4216, 4246, 4255, 4322, 4400, 4420, 4515, 4641, 4662, 4703, 4828, 4838, 4848, 4867, 4875]","[[-0.15915814904774161, 1.22785895557433], [0.19120676122476327, 5.585629853959009], [0.1799765441120606, 4.5784473800774395], [0.36387748770736045, 4.918089919923574], [-0.3208070057591323, 5.496472500615534], [-0.3030246115912444, 5.553318284155461], [-0.3646018994158563, 3.5633995944985504], [-0.37445659126212033, 3.380590981431762], [-0.032493500403376965, 5.550430975781293], [0.05183777152112585, 3.787216854478309], [0.08926045761933346, 2.6859270256577803], [0.26786513107437254, 5.204948721792206], [-0.21104517452431018, 3.9568875892246576], [-0.35908909328947014, 5.718887426492183], [-0.25068329579983306, 4.634354030971714], [0.2779931997243749, 5.865368356221903], [-0.2854355785763938, 4.9363453376054816], [-0.02993748367934239, 2.0583496585492753], [-0.12078330398771032, 2.978381107296351], [-0.06374508508914575, 5.782443588625062], [-0.12135323707035149, 5.598795061146626], [0.2952724873889515, 4.297701641534082], [0.007145222989507595, 4.616340081810146], [-0.13785267376932023, 5.587372686274519], [0.3109704956561107, 4.982065189831488], [0.4678612197561783, 5.119064253759403], [0.1511325406519609, 5.052674134327221], [-0.15959962279140666, 5.333584566967281], [0.39106049051713326, 5.797888296410794], [0.3427168073544756, 3.4785975202479924], [0.15990329001029735, 5.084072216703376], [0.2256096282969893, 5.095570986681775], [-0.36048773441542803, 3.4073739897549844], [0.01567462952121932, 5.426609599260063], [-0.5122721912179925, 4.559277189677466], [-0.29343247451797966, 3.2820131768859366], [-0.45468569569083356, 3.326997738257383], [-0.3600631287587176, 4.8104011961209885], [-0.3988382100291644, 5.182973197890122], [-0.08503046967672724, 4.466552725144916], [-0.30448946057843707, 4.893016424097175], [-0.23527988614631365, 4.74191368235837], [0.09277626811959128, 5.806363750984385], [-0.11559328230640722, 5.713713882098132], [0.47175022531889155, 2.0558343845954434], [-0.3893089861962377, 1.6150491844445152], [-0.22185153129282278, 5.689022575644154], [-0.3270690970989966, 3.9723165174696677], [-0.3145598764911498, 5.55401111196595], [-0.29114950211366863, 5.880492238989198], [-0.331089345960696, 2.144192405643522], [0.37892761107736017, 5.777486563900832], [-0.17857392666786198, 4.319274727816523], [0.22994754065109715, 5.192509452613186], [-0.3507922490988268, 5.311274891805814], [0.5089489203823228, 3.206764066929692], [0.06387151876631494, 3.7544032927580595], [0.18434997954097995, 4.735143606025281], [-0.195471904090658, 3.988757799378055], [-0.3323547242486585, 3.701553587461641], [0.13335134640655413, 4.484450755486582], [-0.4662531391731431, 5.8925844777715115], [-0.1995739701145197, 4.8263311762185435], [-0.48653855275807495, 4.290908985375993], [0.39757305258761755, 1.6063784018004996], [0.1352887723503499, 2.3760367566072484], [-0.027948950222643702, 4.877514532294233], [0.11989739785307635, 4.641966271218767], [-0.09876623773755612, 5.834723540728049], [-0.2810618227027133, 4.921136958276254], [0.44990728725087825, 3.20190374629485], [-0.09974209547547776, 4.993184116872196], [-0.14087991080445303, 4.97192979271855], [0.5095209822743181, 5.334051338991182], [0.27496529166371664, 5.4360836625767], [0.17045689045740392, 3.464883241190367], [0.040544348239966235, 5.287394079438141], [-0.023240140584318815, 5.859569386306905], [-0.1503571831329775, 4.5823173458270965], [-0.004655160548591272, 1.203124021068278], [0.36606093357309605, 4.556480553511773], [-0.1390611749966481, 5.715321941900116], [-0.04207837529672618, 3.1377398654520583], [0.3015575763704422, 5.45010783794497], [0.3350016495538061, 5.742387858088004], [-0.17897563407907274, 3.403220531373194], [0.06697477183916357, 2.9895127935045473]]","[[-0.7718660235404968, 0.607114315032959, -0.03994431346654892], [-0.735512375831604, 5.071609973907471, -0.41982975602149963], [-0.781180739402771, 4.064624309539795, -0.38334643840789795], [-1.690869688987732, 4.409207820892334, -0.17856155335903168], [1.8264570236206055, 4.0445404052734375, 0.09593416750431061], [1.6176284551620483, 4.096442222595215, 0.938147783279419], [0.7538830041885376, 2.314903974533081, 0.5854530334472656], [0.806373119354248, 2.1923611164093018, -0.25782671570777893], [0.30824869871139526, 4.73850679397583, 0.7172616720199585], [-0.5038958191871643, 3.150254726409912, 0.4329964220523834], [-0.7704256176948547, 2.14143443107605, -0.08076226711273193], [-1.3475202322006226, 4.6160688400268555, 0.7044112086296082], [0.5631309151649475, 2.9999711513519287, 0.12128958851099014], [2.097599744796753, 4.09572172164917, 0.3754720985889435], [0.9735420346260071, 3.477978229522705, 0.5639318823814392], [-1.16005277633667, 5.355739593505859, -0.8161808848381042], [1.1839803457260132, 3.5905325412750244, 1.0190378427505493], [-0.6045415997505188, 1.4616477489471436, -0.4349193871021271], [-0.15580470860004425, 2.233808755874634, 0.1942511945962906], [0.6671563982963562, 4.9510884284973145, 0.08018825948238373], [0.9604702591896057, 4.650146961212158, -0.4360598027706146], [-1.2429896593093872, 3.776762008666992, -0.8402048349380493], [-0.1251818686723709, 3.9142308235168457, 0.487517774105072], [1.0243852138519287, 4.614221096038818, -0.3322118818759918], [-1.3120083808898926, 4.4540181159973145, -0.9510701298713684], [-2.1223397254943848, 4.517705917358398, -0.9276341795921326], [-0.7530555725097656, 4.44417667388916, 0.6593567728996277], [0.9093790054321289, 4.313949108123779, 0.5192649364471436], [-1.8733155727386475, 5.270479202270508, -0.5131598711013794], [-1.434418797492981, 2.976118564605713, -0.5435752868652344], [-0.5687529444694519, 4.522246837615967, -0.841819167137146], [-0.9702979922294617, 4.599729061126709, -0.38003405928611755], [0.7296291589736938, 2.2370800971984863, 0.18609796464443207], [0.12379542738199234, 4.747463226318359, 0.05897322669625282], [1.8903381824493408, 2.692002058029175, 0.5670227408409119], [0.4132384955883026, 2.2306692600250244, 0.46351492404937744], [0.9547919034957886, 1.9833277463912964, -0.03672834113240242], [1.6238069534301758, 3.367189884185791, -0.2100205272436142], [1.7968621253967285, 3.468876361846924, 1.0605802536010742], [0.23832537233829498, 3.6462972164154053, 0.48138654232025146], [1.2931238412857056, 3.53771710395813, 0.7972477078437805], [0.9247138500213623, 3.581916570663452, 0.7817375659942627], [-0.09902448207139969, 5.187546253204346, -0.7424336671829224], [0.8582029342651367, 4.764886379241943, 0.44744107127189636], [-1.636739730834961, 1.527811884880066, -0.4118267893791199], [-0.3025670051574707, 0.761637806892395, 0.05829368531703949], [1.2469576597213745, 4.395224571228027, 1.1930838823318481], [0.9084689617156982, 2.7410616874694824, 0.50437331199646], [1.8829679489135742, 4.095810890197754, -0.4020892083644867], [1.7741444110870361, 4.417745590209961, 0.8527701497077942], [-0.0657423734664917, 1.2583720684051514, 0.05360399931669235], [-1.8537741899490356, 5.257071495056152, -0.16569417715072632], [0.6224063634872437, 3.3841347694396973, 0.07435598969459534], [-1.132378101348877, 4.613344192504883, 0.6494982838630676], [1.798193335533142, 3.787522315979004, 0.46751636266708374], [-2.0503463745117188, 2.580843210220337, 0.16788677871227264], [-0.5776119232177734, 3.100867509841919, 0.564811110496521], [-0.7489219307899475, 4.207465648651123, -0.6649905443191528], [0.5894699692726135, 3.0493807792663574, -0.371214896440506], [0.7728717923164368, 2.505786895751953, 0.4832989275455475], [-0.6541420221328735, 3.9293251037597656, 0.15746080875396729], [2.4914770126342773, 3.739055871963501, 1.3702725172042847], [1.016788125038147, 3.7583773136138916, -0.6241424083709717], [1.6791714429855347, 2.608917236328125, 0.1538100242614746], [-1.4563474655151367, 1.1021748781204224, -0.2318693995475769], [-0.9894141554832458, 1.8149076700210571, 0.20754870772361755], [0.11874957382678986, 4.134964942932129, 0.41843512654304504], [-0.6581828594207764, 4.016554832458496, 0.644450843334198], [0.8666809797286987, 4.931448936462402, 0.09942346066236496], [1.3445065021514893, 3.680060386657715, -0.0017258523730561137], [-1.8155769109725952, 2.661280870437622, -0.19078916311264038], [0.4667784869670868, 4.105175495147705, 0.6162322163581848], [0.7970044016838074, 4.040553092956543, -0.3839561641216278], [-2.5261294841766357, 4.67857027053833, 0.03709970787167549], [-1.3837485313415527, 4.844825267791748, 0.725816011428833], [-0.8299883008003235, 2.935978412628174, -0.6277530789375305], [-0.01725850999355316, 4.645467281341553, -0.0787845328450203], [0.4716223478317261, 5.105075359344482, -0.0506548136472702], [0.650888979434967, 3.676102876663208, -0.11362805217504501], [-0.90770024061203, 0.6642541885375977, -0.3477208614349365], [-1.5445491075515747, 4.010852336883545, -0.9767881631851196], [0.8937721848487854, 4.650120735168457, 0.9672383666038513], [-0.29389622807502747, 2.4829893112182617, -0.016923734918236732], [-1.3201606273651123, 4.948207378387451, -0.687322735786438], [-1.651635766029358, 5.2150959968566895, 0.20126692950725555], [0.1801232248544693, 2.5401113033294678, 0.28212225437164307], [-0.6076949834823608, 2.428687334060669, -0.4173581302165985]]"
2718,-1.1772721607537249,-0.4758523169272726,-0.2943180401884312,-0.05280854497080326,-0.07254276949886591,0.6063931922645699,0.7900861348908014,-1.177119372139485,-0.4779000290544627,-0.2938705411624134,-0.05261300465237538,-0.07277402145647285,0.6065619486178595,0.7899483628892505,"[16, 75, 95, 205, 229, 239, 242, 254, 382, 424, 429, 456, 478, 490, 625, 626, 656, 669, 877, 1024, 1168, 1344, 1442, 1547, 1629, 1632, 1695, 1787, 1937, 1950, 1958, 2004, 2057, 2158, 2229, 2368, 2527, 2541, 2553, 2556, 2572, 2617, 2731, 2750, 2781, 2856, 2875, 2986, 3127, 3182, 3224, 3228, 3249, 3342, 3432, 3506, 3549, 3566, 3735, 3748, 3949, 3983, 4061, 4064, 4086, 4100, 4136, 4138, 4191, 4215, 4216, 4246, 4322, 4400, 4420, 4515, 4641, 4662, 4703, 4828, 4838, 4848, 4867, 4875]","[[-0.12668180420066263, 1.1835318804051196], [0.18798136450011513, 5.567315337455395], [0.17862456191785875, 4.558141422707133], [0.3602470628147027, 4.915019582886448], [-0.3268006419502204, 5.442016702886942], [-0.31365901669678736, 5.497711371422538], [-0.37304520957188037, 3.5048372439403996], [-0.3701007006246226, 3.324236761113872], [-0.04219528725486125, 5.515196237237648], [0.0471432363061791, 3.7591290404653606], [0.09540046148919983, 2.657259885782189], [0.03922320906407339, 3.731606798258512], [-0.21182871188910976, 3.908080441211127], [-0.3685837585312157, 5.661748184433482], [-0.26049751536838495, 4.583497640845632], [0.5193883661845893, 5.902166269945296], [0.276411686100064, 5.855875055046302], [-0.31953431754041534, 5.99776411446723], [-0.00940299062561793, 2.0254422439597413], [-0.12044599762658302, 2.9364652157785773], [-0.07059089506947754, 5.745838540021313], [-0.12243425415699341, 5.556808187583244], [0.2994519065365681, 4.2876206002646], [0.00028473385101888954, 4.5805274229986095], [-0.1398215258591678, 5.545128507763365], [0.3137459296234711, 4.9737930210479275], [0.46957486833046574, 5.120046030182441], [0.14264892426621345, 5.029215712149698], [-0.16922391269682843, 5.286673110936041], [0.3873701508789971, 5.792608300169696], [0.34741070468503793, 3.4713607616848683], [0.16307263116622595, 5.06395167943662], [0.2239526532758462, 5.081069460710112], [-0.36468304207166824, 3.3515830627339938], [0.01033704477206123, 5.3937708605328964], [-0.29998201802353014, 3.2291447485517595], [-0.4539087052908673, 3.262900438525157], [-0.36349986687649755, 4.756221705942987], [-0.4141083140070501, 5.123264093542466], [-0.09265943825035712, 4.426945831810222], [-0.31750499998504783, 4.839619288751582], [-0.24731552322501518, 4.6951718171147965], [-0.10772518216597332, 5.992293851959263], [0.0888271918274977, 5.78268569188511], [-0.12522643245457776, 5.670421502968595], [0.4132184595581308, 2.7938482603528647], [0.4919508208726902, 2.0596127852829644], [-0.37968603858296196, 1.5575026393586426], [-0.33419541261652685, 3.915857765177704], [-0.31746228507356206, 5.50269956660234], [-0.3019380377663501, 5.828066945053458], [-0.32550393566916125, 2.0890100538072685], [0.3730122276135086, 5.774582807711727], [-0.18169028376796253, 4.275420713932445], [0.21999724204026952, 5.176473212223048], [-0.3616320834263668, 5.253849713686228], [0.18663537238616984, 4.7167706123592446], [-0.19312440586623286, 3.9450837515649826], [-0.3415500056898872, 3.6475033767212937], [0.12747196398653104, 4.457947684596306], [-0.48544356258064997, 5.831925931203566], [-0.20085008526966372, 4.7791286385560525], [-0.4918693741718227, 4.227993516134487], [0.518689850436855, 5.212469476625696], [0.4275966115470443, 1.604309373012226], [-0.03376467720134693, 4.8438462480925475], [-0.10541586436007766, 5.792296282571315], [-0.28470200375877736, 4.87047882099937], [0.45312237708223535, 3.202397742520884], [-0.10732619737915851, 4.9497526276529165], [-0.14096258822011948, 4.929636724664741], [0.503390130693134, 5.337406552337873], [0.18038057983784872, 3.4465400910357618], [0.0355816832666503, 5.255883624985871], [-0.027784741274679114, 5.825272666283654], [-0.15353292476400265, 4.5398959335444], [0.042455400660634815, 1.1723869795184536], [0.368588714380283, 4.552994043992542], [-0.15328874885908889, 5.670000553429574], [-0.0398455471704286, 3.100001120892818], [0.302317598288954, 5.441913301010652], [0.3295020071231608, 5.731149067393372], [-0.1822147852376154, 3.3579457434195663], [0.0802745679688586, 2.9621599069405105]]","[[-0.7718660235404968, 0.607114315032959, -0.03994431346654892], [-0.735512375831604, 5.071609973907471, -0.41982975602149963], [-0.781180739402771, 4.064624309539795, -0.38334643840789795], [-1.690869688987732, 4.409207820892334, -0.17856155335903168], [1.8264570236206055, 4.0445404052734375, 0.09593416750431061], [1.6176284551620483, 4.096442222595215, 0.938147783279419], [0.7538830041885376, 2.314903974533081, 0.5854530334472656], [0.806373119354248, 2.1923611164093018, -0.25782671570777893], [0.30824869871139526, 4.73850679397583, 0.7172616720199585], [-0.5038958191871643, 3.150254726409912, 0.4329964220523834], [-0.7704256176948547, 2.14143443107605, -0.08076226711273193], [-0.2747912108898163, 3.1189844608306885, -0.7235056161880493], [0.5631309151649475, 2.9999711513519287, 0.12128958851099014], [2.097599744796753, 4.09572172164917, 0.3754720985889435], [0.9735420346260071, 3.477978229522705, 0.5639318823814392], [-2.764158248901367, 5.197350025177002, 0.06001332402229309], [-1.16005277633667, 5.355739593505859, -0.8161808848381042], [2.0338191986083984, 4.5210676193237305, 0.5370109677314758], [-0.6045415997505188, 1.4616477489471436, -0.4349193871021271], [-0.15580470860004425, 2.233808755874634, 0.1942511945962906], [0.6671563982963562, 4.9510884284973145, 0.08018825948238373], [0.9604702591896057, 4.650146961212158, -0.4360598027706146], [-1.2429896593093872, 3.776762008666992, -0.8402048349380493], [-0.1251818686723709, 3.9142308235168457, 0.487517774105072], [1.0243852138519287, 4.614221096038818, -0.3322118818759918], [-1.3120083808898926, 4.4540181159973145, -0.9510701298713684], [-2.1223397254943848, 4.517705917358398, -0.9276341795921326], [-0.7530555725097656, 4.44417667388916, 0.6593567728996277], [0.9093790054321289, 4.313949108123779, 0.5192649364471436], [-1.8733155727386475, 5.270479202270508, -0.5131598711013794], [-1.434418797492981, 2.976118564605713, -0.5435752868652344], [-0.5687529444694519, 4.522246837615967, -0.841819167137146], [-0.9702979922294617, 4.599729061126709, -0.38003405928611755], [0.7296291589736938, 2.2370800971984863, 0.18609796464443207], [0.12379542738199234, 4.747463226318359, 0.05897322669625282], [0.4132384955883026, 2.2306692600250244, 0.46351492404937744], [0.9547919034957886, 1.9833277463912964, -0.03672834113240242], [1.6238069534301758, 3.367189884185791, -0.2100205272436142], [1.7968621253967285, 3.468876361846924, 1.0605802536010742], [0.23832537233829498, 3.6462972164154053, 0.48138654232025146], [1.2931238412857056, 3.53771710395813, 0.7972477078437805], [0.9247138500213623, 3.581916570663452, 0.7817375659942627], [1.0732896327972412, 5.052921772003174, -0.8341825008392334], [-0.09902448207139969, 5.187546253204346, -0.7424336671829224], [0.8582029342651367, 4.764886379241943, 0.44744107127189636], [-1.5191881656646729, 2.258197784423828, -0.7668908834457397], [-1.636739730834961, 1.527811884880066, -0.4118267893791199], [-0.3025670051574707, 0.761637806892395, 0.05829368531703949], [0.9084689617156982, 2.7410616874694824, 0.50437331199646], [1.8829679489135742, 4.095810890197754, -0.4020892083644867], [1.7741444110870361, 4.417745590209961, 0.8527701497077942], [-0.0657423734664917, 1.2583720684051514, 0.05360399931669235], [-1.8537741899490356, 5.257071495056152, -0.16569417715072632], [0.6224063634872437, 3.3841347694396973, 0.07435598969459534], [-1.132378101348877, 4.613344192504883, 0.6494982838630676], [1.798193335533142, 3.787522315979004, 0.46751636266708374], [-0.7489219307899475, 4.207465648651123, -0.6649905443191528], [0.5894699692726135, 3.0493807792663574, -0.371214896440506], [0.7728717923164368, 2.505786895751953, 0.4832989275455475], [-0.6541420221328735, 3.9293251037597656, 0.15746080875396729], [2.4914770126342773, 3.739055871963501, 1.3702725172042847], [1.016788125038147, 3.7583773136138916, -0.6241424083709717], [1.6791714429855347, 2.608917236328125, 0.1538100242614746], [-2.573761224746704, 4.538285732269287, -0.027640456333756447], [-1.4563474655151367, 1.1021748781204224, -0.2318693995475769], [0.11874957382678986, 4.134964942932129, 0.41843512654304504], [0.8666809797286987, 4.931448936462402, 0.09942346066236496], [1.3445065021514893, 3.680060386657715, -0.0017258523730561137], [-1.8155769109725952, 2.661280870437622, -0.19078916311264038], [0.4667784869670868, 4.105175495147705, 0.6162322163581848], [0.7970044016838074, 4.040553092956543, -0.3839561641216278], [-2.5261294841766357, 4.67857027053833, 0.03709970787167549], [-0.8299883008003235, 2.935978412628174, -0.6277530789375305], [-0.01725850999355316, 4.645467281341553, -0.0787845328450203], [0.4716223478317261, 5.105075359344482, -0.0506548136472702], [0.650888979434967, 3.676102876663208, -0.11362805217504501], [-0.90770024061203, 0.6642541885375977, -0.3477208614349365], [-1.5445491075515747, 4.010852336883545, -0.9767881631851196], [0.8937721848487854, 4.650120735168457, 0.9672383666038513], [-0.29389622807502747, 2.4829893112182617, -0.016923734918236732], [-1.3201606273651123, 4.948207378387451, -0.687322735786438], [-1.651635766029358, 5.2150959968566895, 0.20126692950725555], [0.1801232248544693, 2.5401113033294678, 0.28212225437164307], [-0.6076949834823608, 2.428687334060669, -0.4173581302165985]]"
2720,-1.0983397787949216,-0.45894717190327255,-0.2745849446987304,-0.07043145765230692,-0.06840384194147855,0.6129928583508782,0.7839643357904981,-1.099150534740485,-0.45685405923225986,-0.27541205534526464,-0.07037215813964237,-0.06752130706868183,0.6131045473221094,0.7839588295972292,"[16, 75, 95, 205, 229, 239, 242, 254, 382, 429, 456, 478, 490, 625, 626, 656, 669, 877, 1024, 1168, 1344, 1442, 1547, 1613, 1629, 1632, 1695, 1937, 1950, 1958, 2004, 2057, 2158, 2229, 2368, 2527, 2541, 2553, 2556, 2572, 2617, 2695, 2702, 2731, 2750, 2781, 2856, 2875, 2938, 2986, 3127, 3182, 3224, 3228, 3249, 3342, 3506, 3549, 3566, 3735, 3748, 3983, 4061, 4064, 4086, 4100, 4136, 4138, 4191, 4215, 4216, 4246, 4322, 4400, 4420, 4515, 4641, 4662, 4703, 4828, 4838, 4848, 4867, 4875]","[[-0.09131445947499352, 1.1407219692443618], [0.18165937085536846, 5.543685238473492], [0.1775930052279802, 4.5375130772889145], [0.3574988934891084, 4.904610159470479], [-0.3383984692469558, 5.383069656828469], [-0.32846682504666375, 5.438920326567202], [-0.3835410843794644, 3.4449922586123236], [-0.3714840218799715, 3.264149587806514], [-0.05338301694447965, 5.4737098206576364], [0.10269074809895502, 2.6285221118637034], [0.04258053808661785, 3.698757387576097], [-0.21671263822034142, 3.858182146256809], [-0.38262353825756734, 5.601441926264916], [-0.2691353847837866, 4.526877373722724], [0.5125158374927248, 5.906267936228812], [0.2693647756744681, 5.8407442986358005], [-0.33510646016686807, 5.93838687449033], [0.009352327287583397, 1.9890906329133358], [-0.11901207784037893, 2.892539418745172], [-0.07896132325538366, 5.701093785567808], [-0.13023382091962418, 5.509301341722762], [0.3025579188556766, 4.275949136213818], [-0.006455286433604257, 4.545212485529747], [-0.2626144678577252, 2.0872394162097487], [-0.14625629462892667, 5.498275428676913], [0.3086650132878535, 4.9642937097754425], [0.46399122111698293, 5.124125849944669], [-0.17751605545677748, 5.238634205643376], [0.38258874431010365, 5.7865722413076295], [0.35310200219114113, 3.4611843405070584], [0.15599260836749493, 5.039898163703456], [0.21853122871813635, 5.0618993361228135], [-0.36832091781911097, 3.289934865831826], [0.003670833437647005, 5.358643949380395], [-0.30410381601471853, 3.1727455030022575], [-0.45911604078337687, 3.198496182414598], [-0.36972749065846094, 4.696495302332072], [-0.43061073772869213, 5.058298483863217], [-0.1013435793356175, 4.382546122294956], [-0.3284884551703121, 4.780365430425075], [-0.2578391630616451, 4.640531138331106], [0.473019314528371, 1.987641880961074], [-0.005058130522166285, 4.81661858588981], [-0.1074911181539492, 5.950227764526568], [0.08504563490387958, 5.753502680480529], [-0.13532031348578652, 5.626001523295135], [0.42382597539781935, 2.7937010088833256], [0.5122078729895893, 2.0632867916711617], [-0.18360453103716864, 5.990584668761105], [-0.3661184477114256, 1.4943020524829758], [-0.3479873359337767, 3.856976392912905], [-0.3245149651834454, 5.446805005694803], [-0.3181172256677798, 5.77256592649447], [-0.3193091098316151, 2.029371553882358], [0.3650061629031763, 5.766674173998694], [-0.18633498867286308, 4.226381312172048], [-0.3735879217206056, 5.193337890135494], [0.18459913491513785, 4.695521132677766], [-0.19546690671786005, 3.8942337016753386], [-0.34978531049215816, 3.588087989984807], [0.1243375503738349, 4.432015102993634], [-0.2017325976377787, 4.731350765726208], [-0.49946110660946247, 4.15931548622955], [0.5138696715965416, 5.215128837081382], [0.4565486029812145, 1.6025948528328775], [-0.04204367147451454, 4.803157523061505], [-0.11526720356530076, 5.748445184651888], [-0.29116953993634487, 4.815353246096584], [0.4596432078885256, 3.201599893847084], [-0.11725799266179043, 4.905948412055647], [-0.14668849141475387, 4.883437530597408], [0.49742979797397013, 5.341822387586136], [0.18313528970986764, 3.423828991282039], [0.028155453876442738, 5.219763597738488], [-0.03674732019283734, 5.784018843103356], [-0.15739498947276206, 4.492448759576028], [0.09072527287102941, 1.1418275604109396], [0.36853197935327264, 4.54690273797177], [-0.16641518117911355, 5.622907954132231], [-0.03614666045216794, 3.0604171686596136], [0.29542356861267555, 5.427563206345309], [0.3202824611801626, 5.72078547896952], [-0.18473059131348363, 3.3094022758281856], [0.08526083498820325, 2.933714087896126]]","[[-0.7718660235404968, 0.607114315032959, -0.03994431346654892], [-0.735512375831604, 5.071609973907471, -0.41982975602149963], [-0.781180739402771, 4.064624309539795, -0.38334643840789795], [-1.690869688987732, 4.409207820892334, -0.17856155335903168], [1.8264570236206055, 4.0445404052734375, 0.09593416750431061], [1.6176284551620483, 4.096442222595215, 0.938147783279419], [0.7538830041885376, 2.314903974533081, 0.5854530334472656], [0.806373119354248, 2.1923611164093018, -0.25782671570777893], [0.30824869871139526, 4.73850679397583, 0.7172616720199585], [-0.7704256176948547, 2.14143443107605, -0.08076226711273193], [-0.2747912108898163, 3.1189844608306885, -0.7235056161880493], [0.5631309151649475, 2.9999711513519287, 0.12128958851099014], [2.097599744796753, 4.09572172164917, 0.3754720985889435], [0.9735420346260071, 3.477978229522705, 0.5639318823814392], [-2.764158248901367, 5.197350025177002, 0.06001332402229309], [-1.16005277633667, 5.355739593505859, -0.8161808848381042], [2.0338191986083984, 4.5210676193237305, 0.5370109677314758], [-0.6045415997505188, 1.4616477489471436, -0.4349193871021271], [-0.15580470860004425, 2.233808755874634, 0.1942511945962906], [0.6671563982963562, 4.9510884284973145, 0.08018825948238373], [0.9604702591896057, 4.650146961212158, -0.4360598027706146], [-1.2429896593093872, 3.776762008666992, -0.8402048349380493], [-0.1251818686723709, 3.9142308235168457, 0.487517774105072], [-0.049600470811128616, 1.3338934183120728, -0.45922306180000305], [1.0243852138519287, 4.614221096038818, -0.3322118818759918], [-1.3120083808898926, 4.4540181159973145, -0.9510701298713684], [-2.1223397254943848, 4.517705917358398, -0.9276341795921326], [0.9093790054321289, 4.313949108123779, 0.5192649364471436], [-1.8733155727386475, 5.270479202270508, -0.5131598711013794], [-1.434418797492981, 2.976118564605713, -0.5435752868652344], [-0.5687529444694519, 4.522246837615967, -0.841819167137146], [-0.9702979922294617, 4.599729061126709, -0.38003405928611755], [0.7296291589736938, 2.2370800971984863, 0.18609796464443207], [0.12379542738199234, 4.747463226318359, 0.05897322669625282], [0.4132384955883026, 2.2306692600250244, 0.46351492404937744], [0.9547919034957886, 1.9833277463912964, -0.03672834113240242], [1.6238069534301758, 3.367189884185791, -0.2100205272436142], [1.7968621253967285, 3.468876361846924, 1.0605802536010742], [0.23832537233829498, 3.6462972164154053, 0.48138654232025146], [1.2931238412857056, 3.53771710395813, 0.7972477078437805], [0.9247138500213623, 3.581916570663452, 0.7817375659942627], [-1.4745007753372192, 1.443359613418579, -0.7135831117630005], [0.2149532288312912, 4.130335807800293, -0.9113872647285461], [1.0732896327972412, 5.052921772003174, -0.8341825008392334], [-0.09902448207139969, 5.187546253204346, -0.7424336671829224], [0.8582029342651367, 4.764886379241943, 0.44744107127189636], [-1.5191881656646729, 2.258197784423828, -0.7668908834457397], [-1.636739730834961, 1.527811884880066, -0.4118267893791199], [1.4634310007095337, 4.947659015655518, -0.586247444152832], [-0.3025670051574707, 0.761637806892395, 0.05829368531703949], [0.9084689617156982, 2.7410616874694824, 0.50437331199646], [1.8829679489135742, 4.095810890197754, -0.4020892083644867], [1.7741444110870361, 4.417745590209961, 0.8527701497077942], [-0.0657423734664917, 1.2583720684051514, 0.05360399931669235], [-1.8537741899490356, 5.257071495056152, -0.16569417715072632], [0.6224063634872437, 3.3841347694396973, 0.07435598969459534], [1.798193335533142, 3.787522315979004, 0.46751636266708374], [-0.7489219307899475, 4.207465648651123, -0.6649905443191528], [0.5894699692726135, 3.0493807792663574, -0.371214896440506], [0.7728717923164368, 2.505786895751953, 0.4832989275455475], [-0.6541420221328735, 3.9293251037597656, 0.15746080875396729], [1.016788125038147, 3.7583773136138916, -0.6241424083709717], [1.6791714429855347, 2.608917236328125, 0.1538100242614746], [-2.573761224746704, 4.538285732269287, -0.027640456333756447], [-1.4563474655151367, 1.1021748781204224, -0.2318693995475769], [0.11874957382678986, 4.134964942932129, 0.41843512654304504], [0.8666809797286987, 4.931448936462402, 0.09942346066236496], [1.3445065021514893, 3.680060386657715, -0.0017258523730561137], [-1.8155769109725952, 2.661280870437622, -0.19078916311264038], [0.4667784869670868, 4.105175495147705, 0.6162322163581848], [0.7970044016838074, 4.040553092956543, -0.3839561641216278], [-2.5261294841766357, 4.67857027053833, 0.03709970787167549], [-0.8299883008003235, 2.935978412628174, -0.6277530789375305], [-0.01725850999355316, 4.645467281341553, -0.0787845328450203], [0.4716223478317261, 5.105075359344482, -0.0506548136472702], [0.650888979434967, 3.676102876663208, -0.11362805217504501], [-0.90770024061203, 0.6642541885375977, -0.3477208614349365], [-1.5445491075515747, 4.010852336883545, -0.9767881631851196], [0.8937721848487854, 4.650120735168457, 0.9672383666038513], [-0.29389622807502747, 2.4829893112182617, -0.016923734918236732], [-1.3201606273651123, 4.948207378387451, -0.687322735786438], [-1.651635766029358, 5.2150959968566895, 0.20126692950725555], [0.1801232248544693, 2.5401113033294678, 0.28212225437164307], [-0.6076949834823608, 2.428687334060669, -0.4173581302165985]]"
2722,-1.0168773078188331,-0.4378156171219557,-0.2542193269547083,-0.08099778407764588,-0.05759241776243448,0.6204953106617502,0.7778869081284029,-1.0176736232872539,-0.43791586989241876,-0.2534312886967684,-0.08093922459908381,-0.05757696600319362,0.6202694048082228,0.7780742897474633,"[75, 95, 205, 229, 239, 254, 429, 456, 478, 490, 625, 626, 656, 669, 877, 1024, 1138, 1168, 1245, 1344, 1442, 1613, 1629, 1632, 1695, 1937, 1950, 1958, 2004, 2057, 2158, 2229, 2276, 2527, 2541, 2556, 2572, 2695, 2702, 2731, 2750, 2781, 2856, 2938, 2986, 3118, 3127, 3182, 3224, 3228, 3249, 3342, 3506, 3549, 3566, 3586, 3735, 3748, 3983, 4061, 4064, 4086, 4100, 4136, 4138, 4191, 4215, 4216, 4246, 4322, 4400, 4420, 4515, 4641, 4662, 4828, 4838, 4848, 4867, 4875]","[[0.17452324198932567, 5.519416940889244], [0.174911771908627, 4.508789420947905], [0.351530725041143, 4.893667935785264], [-0.348782901653622, 5.322162949944074], [-0.34096932388620566, 5.378689502505726], [-0.3770633811962586, 3.2004990708259187], [0.11204811742141367, 2.596304592428569], [0.04285875559879921, 3.6622104843595733], [-0.222226134845582, 3.8016800572668887], [-0.3922656877380454, 5.536999216793535], [-0.2778421650259187, 4.466068594665271], [0.508569290423284, 5.9072293739925], [0.26243877998357606, 5.822124144812864], [-0.34967441805094457, 5.875429594754563], [0.026602582801742613, 1.9522036427837948], [-0.11774773122595882, 2.841306983768216], [0.018789976739810765, 3.4741147350268893], [-0.08955641704390753, 5.656295604393762], [-0.5086612851898307, 5.784534762015549], [-0.1374679276494685, 5.460415654847785], [0.2954790079368237, 4.260912378682938], [-0.2534100111111079, 2.0299800810555237], [-0.15577100039584438, 5.449048405377958], [0.3021021188214661, 4.949813318057642], [0.4584152697702143, 5.1219832870403845], [-0.1879521816658382, 5.186729611805513], [0.3728330842139639, 5.776665519394642], [0.3536664613189525, 3.451302809397038], [0.15358551236327397, 5.015325117042114], [0.21422752939230846, 5.038892765094721], [-0.3766329005137313, 3.2259354940676968], [-0.005283357390670949, 5.317961132147585], [-0.16442629765481767, 5.694628315469347], [-0.4651924911933044, 3.1286874054921783], [-0.3790685596404118, 4.631861282958957], [-0.1085399725113569, 4.333760722381145], [-0.3403135907428762, 4.715441487586554], [0.49430319188478516, 1.9881611435744242], [-0.012204740368160787, 4.775903507407915], [-0.1182642657865134, 5.9050872708083295], [0.07505833661731676, 5.72082968109149], [-0.14746320376913138, 5.57533851360842], [0.4325357171814202, 2.7911860391904164], [-0.19385996859156232, 5.937272009191117], [-0.350029994610549, 1.4314076174294263], [0.22315780160582419, 1.606926149568126], [-0.3531730109306835, 3.7936057421751217], [-0.33512832551417754, 5.3824296832788185], [-0.32904178646551346, 5.708647374388381], [-0.3127254229137316, 1.9686260964635234], [0.35877770761537897, 5.75757965152857], [-0.19399458328925856, 4.174110779027925], [-0.3829071471262622, 5.127867444865296], [0.17987831471196702, 4.669552510496537], [-0.197475594082115, 3.841342271270812], [-0.04870328401214154, 5.022725450999622], [-0.35802836799337806, 3.5235479799606777], [0.11968141792663219, 4.401408259453297], [-0.2095013348811459, 4.677901539497125], [-0.511538789668859, 4.089386189023062], [0.5115627190124279, 5.218959838307958], [0.49144643640554847, 1.6002584101470565], [-0.048124023134043424, 4.758210754142353], [-0.12439395629195268, 5.70088978753109], [-0.30407335115453427, 4.756048805545116], [0.46346567087138735, 3.199350675226647], [-0.12733866251783538, 4.857566491152682], [-0.1546156018778144, 4.833387819277124], [0.49247980108295764, 5.340984319016182], [0.1846306361520818, 3.4005982718003143], [0.019626325271256927, 5.183963587360046], [-0.04612802121056029, 5.742370330716429], [-0.16469171084730327, 4.4412129225295836], [0.13959094585261045, 1.111056958539242], [0.36554696089559, 4.537741955050992], [-0.03432021333381628, 3.018495228178939], [0.28986223701939307, 5.411234322014893], [0.31263870456062276, 5.70634148794777], [-0.1885598034916047, 3.25510482142968], [0.09201142871840773, 2.9003412242664375]]","[[-0.735512375831604, 5.071609973907471, -0.41982975602149963], [-0.781180739402771, 4.064624309539795, -0.38334643840789795], [-1.690869688987732, 4.409207820892334, -0.17856155335903168], [1.8264570236206055, 4.0445404052734375, 0.09593416750431061], [1.6176284551620483, 4.096442222595215, 0.938147783279419], [0.806373119354248, 2.1923611164093018, -0.25782671570777893], [-0.7704256176948547, 2.14143443107605, -0.08076226711273193], [-0.2747912108898163, 3.1189844608306885, -0.7235056161880493], [0.5631309151649475, 2.9999711513519287, 0.12128958851099014], [2.097599744796753, 4.09572172164917, 0.3754720985889435], [0.9735420346260071, 3.477978229522705, 0.5639318823814392], [-2.764158248901367, 5.197350025177002, 0.06001332402229309], [-1.16005277633667, 5.355739593505859, -0.8161808848381042], [2.0338191986083984, 4.5210676193237305, 0.5370109677314758], [-0.6045415997505188, 1.4616477489471436, -0.4349193871021271], [-0.15580470860004425, 2.233808755874634, 0.1942511945962906], [-0.21181979775428772, 2.891218423843384, -0.8401235938072205], [0.6671563982963562, 4.9510884284973145, 0.08018825948238373], [2.9315404891967773, 3.770655632019043, -0.6837735772132874], [0.9604702591896057, 4.650146961212158, -0.4360598027706146], [-1.2429896593093872, 3.776762008666992, -0.8402048349380493], [-0.049600470811128616, 1.3338934183120728, -0.45922306180000305], [1.0243852138519287, 4.614221096038818, -0.3322118818759918], [-1.3120083808898926, 4.4540181159973145, -0.9510701298713684], [-2.1223397254943848, 4.517705917358398, -0.9276341795921326], [0.9093790054321289, 4.313949108123779, 0.5192649364471436], [-1.8733155727386475, 5.270479202270508, -0.5131598711013794], [-1.434418797492981, 2.976118564605713, -0.5435752868652344], [-0.5687529444694519, 4.522246837615967, -0.841819167137146], [-0.9702979922294617, 4.599729061126709, -0.38003405928611755], [0.7296291589736938, 2.2370800971984863, 0.18609796464443207], [0.12379542738199234, 4.747463226318359, 0.05897322669625282], [1.2786457538604736, 4.711605072021484, -1.050066351890564], [0.9547919034957886, 1.9833277463912964, -0.03672834113240242], [1.6238069534301758, 3.367189884185791, -0.2100205272436142], [0.23832537233829498, 3.6462972164154053, 0.48138654232025146], [1.2931238412857056, 3.53771710395813, 0.7972477078437805], [-1.4745007753372192, 1.443359613418579, -0.7135831117630005], [0.2149532288312912, 4.130335807800293, -0.9113872647285461], [1.0732896327972412, 5.052921772003174, -0.8341825008392334], [-0.09902448207139969, 5.187546253204346, -0.7424336671829224], [0.8582029342651367, 4.764886379241943, 0.44744107127189636], [-1.5191881656646729, 2.258197784423828, -0.7668908834457397], [1.4634310007095337, 4.947659015655518, -0.586247444152832], [-0.3025670051574707, 0.761637806892395, 0.05829368531703949], [-0.9530563354492188, 1.1261926889419556, -0.6123627424240112], [0.9084689617156982, 2.7410616874694824, 0.50437331199646], [1.8829679489135742, 4.095810890197754, -0.4020892083644867], [1.7741444110870361, 4.417745590209961, 0.8527701497077942], [-0.0657423734664917, 1.2583720684051514, 0.05360399931669235], [-1.8537741899490356, 5.257071495056152, -0.16569417715072632], [0.6224063634872437, 3.3841347694396973, 0.07435598969459534], [1.798193335533142, 3.787522315979004, 0.46751636266708374], [-0.7489219307899475, 4.207465648651123, -0.6649905443191528], [0.5894699692726135, 3.0493807792663574, -0.371214896440506], [0.48165133595466614, 4.282543182373047, -1.097767949104309], [0.7728717923164368, 2.505786895751953, 0.4832989275455475], [-0.6541420221328735, 3.9293251037597656, 0.15746080875396729], [1.016788125038147, 3.7583773136138916, -0.6241424083709717], [1.6791714429855347, 2.608917236328125, 0.1538100242614746], [-2.573761224746704, 4.538285732269287, -0.027640456333756447], [-1.4563474655151367, 1.1021748781204224, -0.2318693995475769], [0.11874957382678986, 4.134964942932129, 0.41843512654304504], [0.8666809797286987, 4.931448936462402, 0.09942346066236496], [1.3445065021514893, 3.680060386657715, -0.0017258523730561137], [-1.8155769109725952, 2.661280870437622, -0.19078916311264038], [0.4667784869670868, 4.105175495147705, 0.6162322163581848], [0.7970044016838074, 4.040553092956543, -0.3839561641216278], [-2.5261294841766357, 4.67857027053833, 0.03709970787167549], [-0.8299883008003235, 2.935978412628174, -0.6277530789375305], [-0.01725850999355316, 4.645467281341553, -0.0787845328450203], [0.4716223478317261, 5.105075359344482, -0.0506548136472702], [0.650888979434967, 3.676102876663208, -0.11362805217504501], [-0.90770024061203, 0.6642541885375977, -0.3477208614349365], [-1.5445491075515747, 4.010852336883545, -0.9767881631851196], [-0.29389622807502747, 2.4829893112182617, -0.016923734918236732], [-1.3201606273651123, 4.948207378387451, -0.687322735786438], [-1.651635766029358, 5.2150959968566895, 0.20126692950725555], [0.1801232248544693, 2.5401113033294678, 0.28212225437164307], [-0.6076949834823608, 2.428687334060669, -0.4173581302165985]]"
2724,-0.933072401324965,-0.41265225147134765,-0.23326810033124126,-0.0835701729512862,-0.041063199451602125,0.6284614169882593,0.7722474261535608,-0.9340769108408038,-0.4132590359247552,-0.23425243463371034,-0.08287464629086316,-0.0410484595270695,0.6290767469497971,0.7718220412891044,"[75, 95, 205, 229, 254, 421, 429, 456, 478, 490, 625, 656, 669, 877, 1061, 1138, 1168, 1245, 1344, 1442, 1500, 1556, 1578, 1613, 1629, 1632, 1695, 1937, 1950, 1958, 2004, 2020, 2057, 2158, 2229, 2276, 2332, 2416, 2512, 2527, 2541, 2659, 2695, 2702, 2731, 2750, 2781, 2855, 2856, 2938, 3118, 3182, 3228, 3249, 3342, 3506, 3549, 3566, 3586, 3748, 3865, 3887, 3983, 4034, 4061, 4064, 4100, 4136, 4138, 4191, 4216, 4306, 4322, 4400, 4420, 4515, 4641, 4662, 4828, 4838, 4848, 4867, 4875]","[[0.16826450727392764, 5.49253506750251], [0.16980795910008883, 4.4842236930637975], [0.35171662545231847, 4.882247722080304], [-0.3595627644424601, 5.2516170177911174], [-0.3803055305011461, 3.1336815290823314], [-0.3393065249277233, 4.1821803910939765], [0.12493827537986606, 2.5642937131088663], [0.03993786569983214, 3.6258091410169446], [-0.2273720756613604, 3.742800474063668], [-0.4053522139208249, 5.4669731975188585], [-0.28256506549898486, 4.405762808450228], [0.2529233026358337, 5.802372945038576], [-0.3583836129511654, 5.810322394291794], [0.046764379190035114, 1.9125564430908508], [-0.3973233979685684, 3.858527680625377], [0.019667906237964074, 3.4370696904589733], [-0.09782291551834571, 5.6055548921643314], [-0.5199726822430103, 5.712771017494352], [-0.14696359063585618, 5.410501653500528], [0.2945452643012367, 4.243286020001377], [-0.035210001592850725, 5.306650674934144], [-0.13625794330701022, 5.955221107795694], [-0.10132936345737643, 4.080420848781584], [-0.24209486553658205, 1.967372316647688], [-0.1637719226901355, 5.3946049070235915], [0.29913006446979346, 4.934232871482358], [0.45186360790661156, 5.119049859479804], [-0.19509629468561315, 5.1291997976100605], [0.36765434662477514, 5.7659764737415395], [0.35670245066798356, 3.43914031020443], [0.14588842891864237, 4.9859642447212424], [0.0003552284738158203, 3.195402756949095], [0.2093742427230472, 5.01575405798665], [-0.3783041521385284, 3.155786673470969], [-0.01167213058950434, 5.276129193634529], [-0.17561211919084763, 5.639562924548009], [0.1508175592079982, 3.7211163564618626], [0.13683096825453628, 5.101920850620859], [-0.0931234501458667, 5.985353984756726], [-0.47142430371991967, 3.0561543967881564], [-0.3886208993303528, 4.563215844444413], [-0.004255296886225329, 5.979604416969361], [0.5143254057669121, 1.9927683262520806], [-0.02022771865401586, 4.735137634867548], [-0.12858092486456543, 5.8508526059485115], [0.0660589181880473, 5.6855429620825415], [-0.15256442821279134, 5.520358364688568], [-0.26965557545215263, 5.248001764930465], [0.44056558744121993, 2.7866383118700915], [-0.2038053454631419, 5.882423913631901], [0.25297071519977626, 1.5851415047708353], [-0.3460801410596632, 5.3194452308791185], [-0.30163332443104723, 1.9054152069465533], [0.3546559666590202, 5.742940295286334], [-0.199904934626293, 4.113620008188927], [-0.3944717237206171, 5.05880505514618], [0.17580956411570237, 4.642473259253495], [-0.20401587297148238, 3.7845232086668386], [-0.05634347165997415, 4.98053030209298], [0.1193756662715751, 4.369351816266248], [-0.4309879889477993, 5.035905497619152], [0.3745931094144, 2.4590914470085266], [-0.2168188801095568, 4.621529850741124], [0.5208524969627039, 5.914746097101298], [-0.5211569209380486, 4.014256469324686], [0.5098136971845402, 5.2205579888401665], [-0.051273645151407796, 4.712870195402892], [-0.13429965913474298, 5.649540716855374], [-0.31155592938897875, 4.690626035146764], [0.4727310119649664, 3.199429238332232], [-0.16220208553637802, 4.779781947007251], [0.15225101973083552, 3.4312619805722715], [0.18710683615511803, 3.373792927716612], [0.015908218912346356, 5.1423601689878105], [-0.05359015674319441, 5.6948137166797315], [-0.16964611655973544, 4.386730405887061], [0.19209681053436475, 1.0838167476725702], [0.3586105511438006, 4.528530161279145], [-0.029857618903003588, 2.972656956309278], [0.2839846063003384, 5.39279450997936], [0.311719399768162, 5.690387211327308], [-0.1869771273429045, 3.1969619572547825], [0.0966211743753803, 2.8653350200645193]]","[[-0.735512375831604, 5.071609973907471, -0.41982975602149963], [-0.781180739402771, 4.064624309539795, -0.38334643840789795], [-1.690869688987732, 4.409207820892334, -0.17856155335903168], [1.8264570236206055, 4.0445404052734375, 0.09593416750431061], [0.806373119354248, 2.1923611164093018, -0.25782671570777893], [1.3069241046905518, 3.06561541557312, -0.8319397568702698], [-0.7704256176948547, 2.14143443107605, -0.08076226711273193], [-0.2747912108898163, 3.1189844608306885, -0.7235056161880493], [0.5631309151649475, 2.9999711513519287, 0.12128958851099014], [2.097599744796753, 4.09572172164917, 0.3754720985889435], [0.9735420346260071, 3.477978229522705, 0.5639318823814392], [-1.16005277633667, 5.355739593505859, -0.8161808848381042], [2.0338191986083984, 4.5210676193237305, 0.5370109677314758], [-0.6045415997505188, 1.4616477489471436, -0.4349193871021271], [1.311916470527649, 2.6942319869995117, -0.6828466653823853], [-0.21181979775428772, 2.891218423843384, -0.8401235938072205], [0.6671563982963562, 4.9510884284973145, 0.08018825948238373], [2.9315404891967773, 3.770655632019043, -0.6837735772132874], [0.9604702591896057, 4.650146961212158, -0.4360598027706146], [-1.2429896593093872, 3.776762008666992, -0.8402048349380493], [0.4597528278827667, 4.608142852783203, -1.2361524105072021], [1.155704140663147, 5.119636535644531, -0.9208241105079651], [0.40122923254966736, 3.3697142601013184, -0.9827103018760681], [-0.049600470811128616, 1.3338934183120728, -0.45922306180000305], [1.0243852138519287, 4.614221096038818, -0.3322118818759918], [-1.3120083808898926, 4.4540181159973145, -0.9510701298713684], [-2.1223397254943848, 4.517705917358398, -0.9276341795921326], [0.9093790054321289, 4.313949108123779, 0.5192649364471436], [-1.8733155727386475, 5.270479202270508, -0.5131598711013794], [-1.434418797492981, 2.976118564605713, -0.5435752868652344], [-0.5687529444694519, 4.522246837615967, -0.841819167137146], [-0.19513651728630066, 2.6252171993255615, -0.8968864679336548], [-0.9702979922294617, 4.599729061126709, -0.38003405928611755], [0.7296291589736938, 2.2370800971984863, 0.18609796464443207], [0.12379542738199234, 4.747463226318359, 0.05897322669625282], [1.2786457538604736, 4.711605072021484, -1.050066351890564], [-0.6075542569160461, 3.1967666149139404, -1.0807746648788452], [-0.4248057007789612, 4.54000997543335, -1.3461369276046753], [0.9454124569892883, 5.1928606033325195, -1.166559100151062], [0.9547919034957886, 1.9833277463912964, -0.03672834113240242], [1.6238069534301758, 3.367189884185791, -0.2100205272436142], [0.2728913426399231, 5.443265914916992, -0.1400608867406845], [-1.4745007753372192, 1.443359613418579, -0.7135831117630005], [0.2149532288312912, 4.130335807800293, -0.9113872647285461], [1.0732896327972412, 5.052921772003174, -0.8341825008392334], [-0.09902448207139969, 5.187546253204346, -0.7424336671829224], [0.8582029342651367, 4.764886379241943, 0.44744107127189636], [1.5730301141738892, 4.140717029571533, -0.9680286645889282], [-1.5191881656646729, 2.258197784423828, -0.7668908834457397], [1.4634310007095337, 4.947659015655518, -0.586247444152832], [-0.9530563354492188, 1.1261926889419556, -0.6123627424240112], [1.8829679489135742, 4.095810890197754, -0.4020892083644867], [-0.0657423734664917, 1.2583720684051514, 0.05360399931669235], [-1.8537741899490356, 5.257071495056152, -0.16569417715072632], [0.6224063634872437, 3.3841347694396973, 0.07435598969459534], [1.798193335533142, 3.787522315979004, 0.46751636266708374], [-0.7489219307899475, 4.207465648651123, -0.6649905443191528], [0.5894699692726135, 3.0493807792663574, -0.371214896440506], [0.48165133595466614, 4.282543182373047, -1.097767949104309], [-0.6541420221328735, 3.9293251037597656, 0.15746080875396729], [2.132655143737793, 3.5374584197998047, -0.8258293867111206], [-1.253484845161438, 1.937474250793457, -0.8755593299865723], [1.016788125038147, 3.7583773136138916, -0.6241424083709717], [-2.6915078163146973, 5.164315700531006, -1.1206786632537842], [1.6791714429855347, 2.608917236328125, 0.1538100242614746], [-2.573761224746704, 4.538285732269287, -0.027640456333756447], [0.11874957382678986, 4.134964942932129, 0.41843512654304504], [0.8666809797286987, 4.931448936462402, 0.09942346066236496], [1.3445065021514893, 3.680060386657715, -0.0017258523730561137], [-1.8155769109725952, 2.661280870437622, -0.19078916311264038], [0.7970044016838074, 4.040553092956543, -0.3839561641216278], [-0.6508451700210571, 2.9181060791015625, -1.0006744861602783], [-0.8299883008003235, 2.935978412628174, -0.6277530789375305], [-0.01725850999355316, 4.645467281341553, -0.0787845328450203], [0.4716223478317261, 5.105075359344482, -0.0506548136472702], [0.650888979434967, 3.676102876663208, -0.11362805217504501], [-0.90770024061203, 0.6642541885375977, -0.3477208614349365], [-1.5445491075515747, 4.010852336883545, -0.9767881631851196], [-0.29389622807502747, 2.4829893112182617, -0.016923734918236732], [-1.3201606273651123, 4.948207378387451, -0.687322735786438], [-1.651635766029358, 5.2150959968566895, 0.20126692950725555], [0.1801232248544693, 2.5401113033294678, 0.28212225437164307], [-0.6076949834823608, 2.428687334060669, -0.4173581302165985]]"
2726,-0.8471181087481175,-0.3836888024805053,-0.2117795271870294,-0.07799911733776076,-0.020336168405211862,0.6363488916056504,0.7671783795841652,-0.8458355599521443,-0.3836014781107396,-0.21260204870380614,-0.07781249633433092,-0.020149361937591048,0.6363271828191591,0.7672202650042295,"[75, 95, 205, 229, 254, 421, 429, 456, 478, 490, 656, 669, 677, 748, 877, 900, 1061, 1138, 1168, 1344, 1442, 1500, 1556, 1578, 1613, 1629, 1632, 1695, 1950, 1958, 2004, 2020, 2057, 2099, 2158, 2229, 2276, 2332, 2416, 2512, 2527, 2541, 2659, 2702, 2731, 2750, 2781, 2855, 2856, 2938, 3118, 3182, 3228, 3232, 3249, 3342, 3506, 3549, 3566, 3586, 3748, 3755, 3865, 3887, 3983, 4034, 4064, 4136, 4138, 4191, 4216, 4306, 4322, 4400, 4420, 4515, 4641, 4662, 4828, 4838, 4875]","[[0.16575548148967725, 5.461211644703721], [0.17031487740578516, 4.453313122745795], [0.35299143443951597, 4.866535085662515], [-0.3674626888514603, 5.184036271419759], [-0.38409204076905323, 3.061440815262978], [-0.3485762211379258, 4.112315949904565], [0.1419627460376078, 2.5315052968500917], [0.039228994269977654, 3.5850661630742855], [-0.22598258192634996, 3.680688273356623], [-0.41298505701937693, 5.3929716898040905], [0.2469268368568768, 5.778701163013908], [-0.36621572149092263, 5.7367309860645], [-0.3593681361252564, 5.8554105474866684], [-0.06439135163993474, 5.997820166596636], [0.06659938454822327, 1.874166281259079], [-0.26761722195263704, 5.50113659039378], [-0.4068981628042346, 3.789816302392321], [0.01613330338471096, 3.39375526984063], [-0.10266435072652456, 5.552868991228031], [-0.15486643219385518, 5.353079484767733], [0.2929071402969859, 4.227357570788292], [-0.044024943563321935, 5.260989073296605], [-0.14782160006594122, 5.898456630305833], [-0.10859248981117177, 4.031175590496842], [-0.23034589226948823, 1.9093288146083938], [-0.1731283242159778, 5.339007331669234], [0.29287429626176154, 4.9137844239194965], [0.44939764000993626, 5.116583609291568], [0.3652290236262292, 5.7542721664024965], [0.3634139317562135, 3.425823854600871], [0.140055788875363, 4.952520949214783], [-0.0004979250038447352, 3.154629415619528], [0.20872685999565543, 4.987301381349808], [-0.04994483254923134, 5.473343353591223], [-0.3776510300092018, 3.0848856472531927], [-0.015353724962669076, 5.228191328113493], [-0.18955684886508248, 5.583254613604508], [0.14608582742342788, 3.692327431119176], [0.1276547221542857, 5.070646195238469], [-0.10495569556449426, 5.934790511360553], [-0.4754193190782796, 2.9796990853685594], [-0.3990999900732742, 4.489331883262385], [-0.012722654834986524, 5.934835845939054], [-0.027581341931149507, 4.689083778479164], [-0.13978962111905058, 5.799121340035775], [0.059225032450102355, 5.646686427717682], [-0.1565829256417632, 5.462486206496322], [-0.28286292749979314, 5.1868191695145915], [0.4487065939189606, 2.781634107048345], [-0.2141149965969888, 5.822134476217133], [0.28017957641947344, 1.565690444936368], [-0.35578220441666863, 5.2504525521375465], [-0.2828226253326855, 1.837195514823223], [-0.3753046612276834, 4.978232145706177], [0.35421752448466504, 5.730371518684355], [-0.2005470200669382, 4.056051453138571], [-0.40389289330389394, 4.988512358546134], [0.17114423011281554, 4.614699833293734], [-0.2046677469653033, 3.7244442788942673], [-0.07012158311664052, 4.930542744596684], [0.1258863282727051, 4.334418569930686], [-0.06114488369591315, 4.605098093706422], [-0.4452588710217155, 4.963208115796051], [0.3833296841538469, 2.4481316157198556], [-0.22545794774999925, 4.561101730479281], [0.5142990406457562, 5.917235628076451], [0.5140969117900958, 5.219487251110793], [-0.13711664147292715, 5.593481017505227], [-0.31707358802410507, 4.622099901603489], [0.48669310827458007, 3.195716987276334], [-0.16760561486481684, 4.723475565116623], [0.15288207079285587, 3.40187468817314], [0.19051658667520738, 3.3463199727264112], [0.012900890615796592, 5.098199620058789], [-0.05839605536016623, 5.646503228970083], [-0.17361974685578993, 4.328036090828195], [0.25351840619908417, 1.0586114794347476], [0.3537748121619785, 4.515619514838647], [-0.018600803460826442, 2.9264457411625133], [0.2783124918607954, 5.373607984284755], [0.10712407618092454, 2.830062762786928]]","[[-0.735512375831604, 5.071609973907471, -0.41982975602149963], [-0.781180739402771, 4.064624309539795, -0.38334643840789795], [-1.690869688987732, 4.409207820892334, -0.17856155335903168], [1.8264570236206055, 4.0445404052734375, 0.09593416750431061], [0.806373119354248, 2.1923611164093018, -0.25782671570777893], [1.3069241046905518, 3.06561541557312, -0.8319397568702698], [-0.7704256176948547, 2.14143443107605, -0.08076226711273193], [-0.2747912108898163, 3.1189844608306885, -0.7235056161880493], [0.5631309151649475, 2.9999711513519287, 0.12128958851099014], [2.097599744796753, 4.09572172164917, 0.3754720985889435], [-1.16005277633667, 5.355739593505859, -0.8161808848381042], [2.0338191986083984, 4.5210676193237305, 0.5370109677314758], [2.2709784507751465, 4.476779937744141, -1.177621603012085], [0.7337834239006042, 5.300148963928223, -1.2826670408248901], [-0.6045415997505188, 1.4616477489471436, -0.4349193871021271], [1.6519150733947754, 4.408895492553711, -1.2341716289520264], [1.311916470527649, 2.6942319869995117, -0.6828466653823853], [-0.21181979775428772, 2.891218423843384, -0.8401235938072205], [0.6671563982963562, 4.9510884284973145, 0.08018825948238373], [0.9604702591896057, 4.650146961212158, -0.4360598027706146], [-1.2429896593093872, 3.776762008666992, -0.8402048349380493], [0.4597528278827667, 4.608142852783203, -1.2361524105072021], [1.155704140663147, 5.119636535644531, -0.9208241105079651], [0.40122923254966736, 3.3697142601013184, -0.9827103018760681], [-0.049600470811128616, 1.3338934183120728, -0.45922306180000305], [1.0243852138519287, 4.614221096038818, -0.3322118818759918], [-1.3120083808898926, 4.4540181159973145, -0.9510701298713684], [-2.1223397254943848, 4.517705917358398, -0.9276341795921326], [-1.8733155727386475, 5.270479202270508, -0.5131598711013794], [-1.434418797492981, 2.976118564605713, -0.5435752868652344], [-0.5687529444694519, 4.522246837615967, -0.841819167137146], [-0.19513651728630066, 2.6252171993255615, -0.8968864679336548], [-0.9702979922294617, 4.599729061126709, -0.38003405928611755], [0.5550751686096191, 4.775750160217285, -1.3936768770217896], [0.7296291589736938, 2.2370800971984863, 0.18609796464443207], [0.12379542738199234, 4.747463226318359, 0.05897322669625282], [1.2786457538604736, 4.711605072021484, -1.050066351890564], [-0.6075542569160461, 3.1967666149139404, -1.0807746648788452], [-0.4248057007789612, 4.54000997543335, -1.3461369276046753], [0.9454124569892883, 5.1928606033325195, -1.166559100151062], [0.9547919034957886, 1.9833277463912964, -0.03672834113240242], [1.6238069534301758, 3.367189884185791, -0.2100205272436142], [0.2728913426399231, 5.443265914916992, -0.1400608867406845], [0.2149532288312912, 4.130335807800293, -0.9113872647285461], [1.0732896327972412, 5.052921772003174, -0.8341825008392334], [-0.09902448207139969, 5.187546253204346, -0.7424336671829224], [0.8582029342651367, 4.764886379241943, 0.44744107127189636], [1.5730301141738892, 4.140717029571533, -0.9680286645889282], [-1.5191881656646729, 2.258197784423828, -0.7668908834457397], [1.4634310007095337, 4.947659015655518, -0.586247444152832], [-0.9530563354492188, 1.1261926889419556, -0.6123627424240112], [1.8829679489135742, 4.095810890197754, -0.4020892083644867], [-0.0657423734664917, 1.2583720684051514, 0.05360399931669235], [1.8801361322402954, 3.701002836227417, -1.0135948657989502], [-1.8537741899490356, 5.257071495056152, -0.16569417715072632], [0.6224063634872437, 3.3841347694396973, 0.07435598969459534], [1.798193335533142, 3.787522315979004, 0.46751636266708374], [-0.7489219307899475, 4.207465648651123, -0.6649905443191528], [0.5894699692726135, 3.0493807792663574, -0.371214896440506], [0.48165133595466614, 4.282543182373047, -1.097767949104309], [-0.6541420221328735, 3.9293251037597656, 0.15746080875396729], [0.38478806614875793, 3.9414212703704834, -1.201413631439209], [2.132655143737793, 3.5374584197998047, -0.8258293867111206], [-1.253484845161438, 1.937474250793457, -0.8755593299865723], [1.016788125038147, 3.7583773136138916, -0.6241424083709717], [-2.6915078163146973, 5.164315700531006, -1.1206786632537842], [-2.573761224746704, 4.538285732269287, -0.027640456333756447], [0.8666809797286987, 4.931448936462402, 0.09942346066236496], [1.3445065021514893, 3.680060386657715, -0.0017258523730561137], [-1.8155769109725952, 2.661280870437622, -0.19078916311264038], [0.7970044016838074, 4.040553092956543, -0.3839561641216278], [-0.6508451700210571, 2.9181060791015625, -1.0006744861602783], [-0.8299883008003235, 2.935978412628174, -0.6277530789375305], [-0.01725850999355316, 4.645467281341553, -0.0787845328450203], [0.4716223478317261, 5.105075359344482, -0.0506548136472702], [0.650888979434967, 3.676102876663208, -0.11362805217504501], [-0.90770024061203, 0.6642541885375977, -0.3477208614349365], [-1.5445491075515747, 4.010852336883545, -0.9767881631851196], [-0.29389622807502747, 2.4829893112182617, -0.016923734918236732], [-1.3201606273651123, 4.948207378387451, -0.687322735786438], [-0.6076949834823608, 2.428687334060669, -0.4173581302165985]]"
2728,-0.759212430757879,-0.35119199235824555,-0.18980310768946976,-0.06491528836830893,0.002625123194769263,0.6437234589779621,0.762495391740645,-0.7591551990690573,-0.35054067157806307,-0.19002933536398017,-0.06498613685204914,0.0030650213339055163,0.6433345360354965,0.7628158902417161,"[75, 95, 205, 229, 254, 421, 429, 456, 478, 490, 626, 656, 677, 748, 877, 900, 1061, 1138, 1168, 1344, 1415, 1442, 1500, 1556, 1578, 1613, 1617, 1629, 1632, 1695, 1810, 1950, 1958, 2004, 2020, 2057, 2099, 2158, 2229, 2276, 2332, 2416, 2512, 2527, 2541, 2659, 2702, 2731, 2750, 2855, 2856, 2938, 3118, 3182, 3232, 3249, 3342, 3549, 3566, 3586, 3755, 3865, 3887, 3983, 4026, 4034, 4064, 4136, 4138, 4191, 4216, 4246, 4259, 4306, 4322, 4400, 4420, 4515, 4641, 4662, 4828, 4838, 4875, 4948]","[[0.16451998571302429, 5.426288853325525], [0.17523630937906282, 4.421757186296579], [0.35738433643690753, 4.850933704733498], [-0.37183961973681107, 5.108209337737984], [-0.3836255070186262, 2.9870986174944285], [-0.3592048788429105, 4.043791725068954], [0.1664882031845012, 2.4971696627573468], [0.04002250624007744, 3.5467229211353457], [-0.22240803623097083, 3.6173443634108264], [-0.4175769207607349, 5.315234199737809], [0.5098112815809679, 5.904536438750077], [0.2422302526433182, 5.7549500401224085], [-0.37261824085368067, 5.784173146595776], [-0.0754318639234263, 5.945790445355167], [0.0900653129552073, 1.8369900264878223], [-0.2788682701632847, 5.437837645085232], [-0.41661110924107714, 3.716350356367446], [0.01692508633663077, 3.351325295685327], [-0.10490144206722443, 5.498607934866738], [-0.16376247187882464, 5.293944122640473], [-0.14722248567899354, 4.9145535599028936], [0.2922305417752618, 4.208232385846173], [-0.056199918791475935, 5.213337515786456], [-0.15851721478996275, 5.841769841247233], [-0.1159500444765326, 3.976685839086814], [-0.21756770201500641, 1.8475295193772285], [-0.03344290090819883, 1.8281917881573815], [-0.1768885882276021, 5.278898318497615], [0.28810789410588433, 4.896455258062917], [0.4451928380237955, 5.1082107662150245], [0.5201425360357566, 5.761043473801713], [0.36183523952584823, 5.7410135258738775], [0.37021934042160987, 3.4123721763207526], [0.13589110819960146, 4.9233563691554805], [6.672430086603119e-05, 3.111872137797809], [0.2105911182528493, 4.959704934705351], [-0.0630516180856606, 5.428568879388113], [-0.3716290346461681, 3.010237668072392], [-0.011459415378949811, 5.179364798055264], [-0.20113685321346844, 5.5265713401215395], [0.14233403364941555, 3.6606792612013996], [0.11795449514438724, 5.0369585580780765], [-0.11632527747364355, 5.881074366348513], [-0.4729931812105941, 2.9007348967535274], [-0.40293825779964754, 4.416758784921108], [-0.012731371915378318, 5.88440980653214], [-0.03321624907331965, 4.64262798693685], [-0.15036486677492408, 5.742921415712582], [0.05447793489111876, 5.605913531662921], [-0.2953102556457643, 5.121379320486964], [0.4582399955982891, 2.779056874430523], [-0.22267232203952342, 5.75867603595213], [0.3125118665411345, 1.5511719350926831], [-0.36722747198650924, 5.1777100449502935], [-0.3913642840427224, 4.906210156231591], [0.35958601527276307, 5.7136575019415154], [-0.19748249468172124, 3.9906236906746906], [0.17099855820005966, 4.585755266248818], [-0.20783551081789467, 3.6609067073577632], [-0.07841236335930997, 4.881797081474654], [-0.07064123590404045, 4.55357483398318], [-0.4579905162288074, 4.887996339397426], [0.3938247154862869, 2.440584901016748], [-0.23317526340257744, 4.498755912015835], [0.18241011362996748, 5.89900997012075], [0.5086037061768776, 5.915690916139557], [0.5216789580902779, 5.219268442941057], [-0.13974383928363804, 5.536862476788561], [-0.3207220175733272, 4.5494014857198675], [0.5044021661265465, 3.1924818811152997], [-0.1731787624149621, 4.664034616355967], [0.5039514181124779, 5.336544687311792], [-0.14809069245321765, 3.051618995159049], [0.15165821097454454, 3.368840588788516], [0.19765625837608164, 3.316458649517913], [0.01525146260502499, 5.05305692591957], [-0.05966765283763825, 5.596362491863914], [-0.17435934561249508, 4.269212724050622], [0.3204257155945363, 1.0383698596876307], [0.3521911259873049, 4.5008121841039515], [-0.004742094026514569, 2.878184336182734], [0.27379725915773345, 5.352257200908787], [0.11614056523174893, 2.7922597932357713], [0.44467014030305696, 5.995586288227279]]","[[-0.735512375831604, 5.071609973907471, -0.41982975602149963], [-0.781180739402771, 4.064624309539795, -0.38334643840789795], [-1.690869688987732, 4.409207820892334, -0.17856155335903168], [1.8264570236206055, 4.0445404052734375, 0.09593416750431061], [0.806373119354248, 2.1923611164093018, -0.25782671570777893], [1.3069241046905518, 3.06561541557312, -0.8319397568702698], [-0.7704256176948547, 2.14143443107605, -0.08076226711273193], [-0.2747912108898163, 3.1189844608306885, -0.7235056161880493], [0.5631309151649475, 2.9999711513519287, 0.12128958851099014], [2.097599744796753, 4.09572172164917, 0.3754720985889435], [-2.764158248901367, 5.197350025177002, 0.06001332402229309], [-1.16005277633667, 5.355739593505859, -0.8161808848381042], [2.2709784507751465, 4.476779937744141, -1.177621603012085], [0.7337834239006042, 5.300148963928223, -1.2826670408248901], [-0.6045415997505188, 1.4616477489471436, -0.4349193871021271], [1.6519150733947754, 4.408895492553711, -1.2341716289520264], [1.311916470527649, 2.6942319869995117, -0.6828466653823853], [-0.21181979775428772, 2.891218423843384, -0.8401235938072205], [0.6671563982963562, 4.9510884284973145, 0.08018825948238373], [0.9604702591896057, 4.650146961212158, -0.4360598027706146], [0.8209261894226074, 4.1502685546875, -1.36021888256073], [-1.2429896593093872, 3.776762008666992, -0.8402048349380493], [0.4597528278827667, 4.608142852783203, -1.2361524105072021], [1.155704140663147, 5.119636535644531, -0.9208241105079651], [0.40122923254966736, 3.3697142601013184, -0.9827103018760681], [-0.049600470811128616, 1.3338934183120728, -0.45922306180000305], [-0.36840492486953735, 1.3738999366760254, -0.6539188623428345], [1.0243852138519287, 4.614221096038818, -0.3322118818759918], [-1.3120083808898926, 4.4540181159973145, -0.9510701298713684], [-2.1223397254943848, 4.517705917358398, -0.9276341795921326], [-2.6456050872802734, 4.913604259490967, -1.5754704475402832], [-1.8733155727386475, 5.270479202270508, -0.5131598711013794], [-1.434418797492981, 2.976118564605713, -0.5435752868652344], [-0.5687529444694519, 4.522246837615967, -0.841819167137146], [-0.19513651728630066, 2.6252171993255615, -0.8968864679336548], [-0.9702979922294617, 4.599729061126709, -0.38003405928611755], [0.5550751686096191, 4.775750160217285, -1.3936768770217896], [0.7296291589736938, 2.2370800971984863, 0.18609796464443207], [0.12379542738199234, 4.747463226318359, 0.05897322669625282], [1.2786457538604736, 4.711605072021484, -1.050066351890564], [-0.6075542569160461, 3.1967666149139404, -1.0807746648788452], [-0.4248057007789612, 4.54000997543335, -1.3461369276046753], [0.9454124569892883, 5.1928606033325195, -1.166559100151062], [0.9547919034957886, 1.9833277463912964, -0.03672834113240242], [1.6238069534301758, 3.367189884185791, -0.2100205272436142], [0.2728913426399231, 5.443265914916992, -0.1400608867406845], [0.2149532288312912, 4.130335807800293, -0.9113872647285461], [1.0732896327972412, 5.052921772003174, -0.8341825008392334], [-0.09902448207139969, 5.187546253204346, -0.7424336671829224], [1.5730301141738892, 4.140717029571533, -0.9680286645889282], [-1.5191881656646729, 2.258197784423828, -0.7668908834457397], [1.4634310007095337, 4.947659015655518, -0.586247444152832], [-0.9530563354492188, 1.1261926889419556, -0.6123627424240112], [1.8829679489135742, 4.095810890197754, -0.4020892083644867], [1.8801361322402954, 3.701002836227417, -1.0135948657989502], [-1.8537741899490356, 5.257071495056152, -0.16569417715072632], [0.6224063634872437, 3.3841347694396973, 0.07435598969459534], [-0.7489219307899475, 4.207465648651123, -0.6649905443191528], [0.5894699692726135, 3.0493807792663574, -0.371214896440506], [0.48165133595466614, 4.282543182373047, -1.097767949104309], [0.38478806614875793, 3.9414212703704834, -1.201413631439209], [2.132655143737793, 3.5374584197998047, -0.8258293867111206], [-1.253484845161438, 1.937474250793457, -0.8755593299865723], [1.016788125038147, 3.7583773136138916, -0.6241424083709717], [-0.7360708713531494, 5.328308582305908, -1.7845897674560547], [-2.6915078163146973, 5.164315700531006, -1.1206786632537842], [-2.573761224746704, 4.538285732269287, -0.027640456333756447], [0.8666809797286987, 4.931448936462402, 0.09942346066236496], [1.3445065021514893, 3.680060386657715, -0.0017258523730561137], [-1.8155769109725952, 2.661280870437622, -0.19078916311264038], [0.7970044016838074, 4.040553092956543, -0.3839561641216278], [-2.5261294841766357, 4.67857027053833, 0.03709970787167549], [0.22393612563610077, 2.443875789642334, -0.9251155853271484], [-0.6508451700210571, 2.9181060791015625, -1.0006744861602783], [-0.8299883008003235, 2.935978412628174, -0.6277530789375305], [-0.01725850999355316, 4.645467281341553, -0.0787845328450203], [0.4716223478317261, 5.105075359344482, -0.0506548136472702], [0.650888979434967, 3.676102876663208, -0.11362805217504501], [-0.90770024061203, 0.6642541885375977, -0.3477208614349365], [-1.5445491075515747, 4.010852336883545, -0.9767881631851196], [-0.29389622807502747, 2.4829893112182617, -0.016923734918236732], [-1.3201606273651123, 4.948207378387451, -0.687322735786438], [-0.6076949834823608, 2.428687334060669, -0.4173581302165985], [-2.3607006072998047, 5.372984886169434, -0.9860233068466187]]"
2730,-0.6639010784374921,-0.31312787904945266,-0.16597526960937303,-0.044297017916384206,0.02698562751130008,0.6508264059423883,0.7574526648178422,-0.6630771262772979,-0.3135253619335138,-0.16515219068349432,-0.04432032326009819,0.027313130533565898,0.6507311607365501,0.7575213913105285,"[75, 95, 205, 229, 254, 373, 421, 429, 456, 478, 626, 656, 677, 748, 803, 877, 900, 1020, 1061, 1138, 1168, 1344, 1415, 1442, 1500, 1556, 1578, 1580, 1613, 1629, 1632, 1695, 1810, 1950, 1958, 2004, 2020, 2057, 2099, 2229, 2276, 2332, 2416, 2512, 2527, 2541, 2659, 2702, 2731, 2750, 2855, 2856, 2938, 3182, 3232, 3248, 3249, 3342, 3549, 3566, 3586, 3755, 3865, 3983, 4034, 4136, 4138, 4191, 4216, 4246, 4259, 4306, 4322, 4400, 4420, 4515, 4641, 4662, 4828, 4838, 4848, 4875, 4948]","[[0.16462626357997545, 5.394048431877789], [0.17579415494973924, 4.387190418406104], [0.3663304293488594, 4.832515709435166], [-0.37418353984736785, 5.0310217298117825], [-0.38171219370835174, 2.9119856114637135], [-0.4220644655359956, 2.245118675299229], [-0.3675273156640853, 3.972649629953755], [0.19122167740856927, 2.460959785192707], [0.04106595530980302, 3.5005682154683853], [-0.21091491211485278, 3.5476261000618527], [0.5185445115832285, 5.901349467065021], [0.23900146567083758, 5.72906956916281], [-0.38855565617883625, 5.711605046016535], [-0.08738599416388493, 5.894434974396264], [-0.5024210558438686, 3.7645162368465868], [0.11706215227722698, 1.7993485274550012], [-0.29287148618251446, 5.370910624833296], [-0.2738654947182582, 5.2578391560040725], [-0.4218810668446176, 3.6387821863776355], [0.01531978204190492, 3.3070499697526303], [-0.09940617019867329, 5.43930657671509], [-0.16319373503936876, 5.2337981910570655], [-0.1578336020059033, 4.856431933552698], [0.29389708839837053, 4.1847031431821415], [-0.06715464264344871, 5.165239644772534], [-0.16742620529182656, 5.782841164002055], [-0.12219412669661035, 3.922517160541294], [-0.32763124664828974, 5.62064442950433], [-0.19844711001960416, 1.7867026947489304], [-0.1798692739640224, 5.215680587045797], [0.28665927639744443, 4.8770873951343034], [0.44415187871564277, 5.101676485481154], [0.512124183393928, 5.766074967318124], [0.365546656009153, 5.724165102361811], [0.3792698886316334, 3.4004394116789673], [0.1334215073026763, 4.8868349119584025], [-0.0017085500813668279, 3.066140457379657], [0.21202831219012408, 4.928203328585907], [-0.07706405538968499, 5.377307290931236], [-0.006851258439369718, 5.130902918135125], [-0.21076459134033868, 5.46157055051062], [0.1400823502703722, 3.6297336481943208], [0.1058220481253191, 5.002378716049088], [-0.12555108087559302, 5.825190864863733], [-0.46950685097542616, 2.8168225039833183], [-0.40648842421171916, 4.3377535669016245], [-0.010414439809336009, 5.83519510950354], [-0.040005773388938626, 4.594871537750649], [-0.1576583262265601, 5.683498607855056], [0.05009458753327851, 5.561537707759539], [-0.30737466327612856, 5.053420416161629], [0.46979304261731525, 2.774899080779137], [-0.23063979239531401, 5.692890060651982], [-0.3712426338997525, 5.099852928920376], [-0.4040414162331463, 4.832153812976583], [-0.4235578276526332, 4.6018799029494835], [0.3622888075224033, 5.696602600729559], [-0.18947568868406528, 3.924774834520805], [0.16948682549399222, 4.550108494232436], [-0.2046578306365952, 3.598619082431342], [-0.08592366504022629, 4.828958239297375], [-0.08220779189648386, 4.504538273054486], [-0.4674104281885196, 4.807930270215219], [-0.23649376616530618, 4.432565742884088], [0.5044222989631783, 5.919156712007114], [-0.13825581821848218, 5.473091315524211], [-0.3191485754567726, 4.478393944160173], [0.5210171027383584, 3.190300182576438], [-0.17349279042561386, 4.600663190903882], [0.509463340150176, 5.332603523758765], [-0.15125163611847678, 2.9961724072828058], [0.15075550577572483, 3.3388739005750763], [0.20247910146898643, 3.2881974905081783], [0.019275842412375573, 5.0041184348711605], [-0.05814433244949732, 5.541155913456296], [-0.1694867191397146, 4.205584926238975], [0.3907846983599546, 1.0231170681951092], [0.35161103688170875, 4.487955979548502], [0.01479373281475995, 2.8280330820354385], [0.2756510587592872, 5.3300857223854265], [0.3278824348525982, 5.628824722208479], [0.13248069661231707, 2.755344158194711], [0.4396622045052668, 5.992601391763543]]","[[-0.735512375831604, 5.071609973907471, -0.41982975602149963], [-0.781180739402771, 4.064624309539795, -0.38334643840789795], [-1.690869688987732, 4.409207820892334, -0.17856155335903168], [1.8264570236206055, 4.0445404052734375, 0.09593416750431061], [0.806373119354248, 2.1923611164093018, -0.25782671570777893], [0.5423591136932373, 1.494657039642334, -0.7125662565231323], [1.3069241046905518, 3.06561541557312, -0.8319397568702698], [-0.7704256176948547, 2.14143443107605, -0.08076226711273193], [-0.2747912108898163, 3.1189844608306885, -0.7235056161880493], [0.5631309151649475, 2.9999711513519287, 0.12128958851099014], [-2.764158248901367, 5.197350025177002, 0.06001332402229309], [-1.16005277633667, 5.355739593505859, -0.8161808848381042], [2.2709784507751465, 4.476779937744141, -1.177621603012085], [0.7337834239006042, 5.300148963928223, -1.2826670408248901], [1.6088486909866333, 2.54795503616333, -1.0489627122879028], [-0.6045415997505188, 1.4616477489471436, -0.4349193871021271], [1.6519150733947754, 4.408895492553711, -1.2341716289520264], [1.4922736883163452, 4.299439907073975, -1.4589314460754395], [1.311916470527649, 2.6942319869995117, -0.6828466653823853], [-0.21181979775428772, 2.891218423843384, -0.8401235938072205], [0.6671563982963562, 4.9510884284973145, 0.08018825948238373], [0.9604702591896057, 4.650146961212158, -0.4360598027706146], [0.8209261894226074, 4.1502685546875, -1.36021888256073], [-1.2429896593093872, 3.776762008666992, -0.8402048349380493], [0.4597528278827667, 4.608142852783203, -1.2361524105072021], [1.155704140663147, 5.119636535644531, -0.9208241105079651], [0.40122923254966736, 3.3697142601013184, -0.9827103018760681], [1.920730471611023, 4.470715522766113, -1.574533224105835], [-0.049600470811128616, 1.3338934183120728, -0.45922306180000305], [1.0243852138519287, 4.614221096038818, -0.3322118818759918], [-1.3120083808898926, 4.4540181159973145, -0.9510701298713684], [-2.1223397254943848, 4.517705917358398, -0.9276341795921326], [-2.6456050872802734, 4.913604259490967, -1.5754704475402832], [-1.8733155727386475, 5.270479202270508, -0.5131598711013794], [-1.434418797492981, 2.976118564605713, -0.5435752868652344], [-0.5687529444694519, 4.522246837615967, -0.841819167137146], [-0.19513651728630066, 2.6252171993255615, -0.8968864679336548], [-0.9702979922294617, 4.599729061126709, -0.38003405928611755], [0.5550751686096191, 4.775750160217285, -1.3936768770217896], [0.12379542738199234, 4.747463226318359, 0.05897322669625282], [1.2786457538604736, 4.711605072021484, -1.050066351890564], [-0.6075542569160461, 3.1967666149139404, -1.0807746648788452], [-0.4248057007789612, 4.54000997543335, -1.3461369276046753], [0.9454124569892883, 5.1928606033325195, -1.166559100151062], [0.9547919034957886, 1.9833277463912964, -0.03672834113240242], [1.6238069534301758, 3.367189884185791, -0.2100205272436142], [0.2728913426399231, 5.443265914916992, -0.1400608867406845], [0.2149532288312912, 4.130335807800293, -0.9113872647285461], [1.0732896327972412, 5.052921772003174, -0.8341825008392334], [-0.09902448207139969, 5.187546253204346, -0.7424336671829224], [1.5730301141738892, 4.140717029571533, -0.9680286645889282], [-1.5191881656646729, 2.258197784423828, -0.7668908834457397], [1.4634310007095337, 4.947659015655518, -0.586247444152832], [1.8829679489135742, 4.095810890197754, -0.4020892083644867], [1.8801361322402954, 3.701002836227417, -1.0135948657989502], [1.8178768157958984, 3.4164793491363525, -1.193558692932129], [-1.8537741899490356, 5.257071495056152, -0.16569417715072632], [0.6224063634872437, 3.3841347694396973, 0.07435598969459534], [-0.7489219307899475, 4.207465648651123, -0.6649905443191528], [0.5894699692726135, 3.0493807792663574, -0.371214896440506], [0.48165133595466614, 4.282543182373047, -1.097767949104309], [0.38478806614875793, 3.9414212703704834, -1.201413631439209], [2.132655143737793, 3.5374584197998047, -0.8258293867111206], [1.016788125038147, 3.7583773136138916, -0.6241424083709717], [-2.6915078163146973, 5.164315700531006, -1.1206786632537842], [0.8666809797286987, 4.931448936462402, 0.09942346066236496], [1.3445065021514893, 3.680060386657715, -0.0017258523730561137], [-1.8155769109725952, 2.661280870437622, -0.19078916311264038], [0.7970044016838074, 4.040553092956543, -0.3839561641216278], [-2.5261294841766357, 4.67857027053833, 0.03709970787167549], [0.22393612563610077, 2.443875789642334, -0.9251155853271484], [-0.6508451700210571, 2.9181060791015625, -1.0006744861602783], [-0.8299883008003235, 2.935978412628174, -0.6277530789375305], [-0.01725850999355316, 4.645467281341553, -0.0787845328450203], [0.4716223478317261, 5.105075359344482, -0.0506548136472702], [0.650888979434967, 3.676102876663208, -0.11362805217504501], [-0.90770024061203, 0.6642541885375977, -0.3477208614349365], [-1.5445491075515747, 4.010852336883545, -0.9767881631851196], [-0.29389622807502747, 2.4829893112182617, -0.016923734918236732], [-1.3201606273651123, 4.948207378387451, -0.687322735786438], [-1.651635766029358, 5.2150959968566895, 0.20126692950725555], [-0.6076949834823608, 2.428687334060669, -0.4173581302165985], [-2.3607006072998047, 5.372984886169434, -0.9860233068466187]]"
2732,-0.5783609303989768,-0.2768251139616183,-0.1445902325997442,-0.022179840478904273,0.046349104195370326,0.6566386751611334,0.7524529656392142,-0.578169548057987,-0.277706472493368,-0.14385474505298568,-0.022630840733645637,0.04659316452164955,0.6567788148045464,0.7523021404272902,"[75, 95, 205, 229, 254, 373, 421, 429, 456, 626, 656, 677, 748, 803, 877, 900, 1020, 1061, 1138, 1168, 1344, 1415, 1442, 1500, 1556, 1578, 1580, 1613, 1629, 1632, 1695, 1950, 1958, 2004, 2020, 2057, 2099, 2229, 2276, 2332, 2416, 2512, 2527, 2541, 2659, 2702, 2731, 2750, 2855, 2856, 2938, 3182, 3232, 3248, 3249, 3342, 3549, 3566, 3586, 3748, 3755, 3865, 3983, 4034, 4136, 4138, 4216, 4246, 4259, 4306, 4322, 4400, 4420, 4515, 4641, 4662, 4828, 4838, 4848, 4875, 4948]","[[0.1651936415716825, 5.3582501696522495], [0.18331716042149215, 4.350740450422197], [0.3732656203660102, 4.814555533488182], [-0.37171493382147786, 4.9514726174047565], [-0.37606123148964077, 2.831698730579955], [-0.4259422254789937, 2.171400637691091], [-0.3763793703982973, 3.8985925688431213], [0.21680868165541328, 2.42842829865554], [0.04237620329464727, 3.4565100049854562], [0.5220387610083963, 5.898045257409877], [0.23574026041094692, 5.703174071730588], [-0.4019838967362847, 5.635357662050965], [-0.0981305354766951, 5.841118631534322], [-0.5176097552204512, 3.685102423692774], [0.14704518719729537, 1.7634944438939093], [-0.30560989970658675, 5.301268584617203], [-0.2884407689049058, 5.192892550777483], [-0.42836114644644974, 3.561161134428057], [0.017016563746937267, 3.263511433860215], [-0.09654858926438775, 5.379871933721322], [-0.1680509085524151, 5.171413714061813], [-0.17338132038225618, 4.799529473152882], [0.2927472820108079, 4.165733876963058], [-0.07734552077267513, 5.11081030464405], [-0.17575558128944402, 5.720463944164535], [-0.12810640439398482, 3.866749408738386], [-0.3460929435320917, 5.549983494287194], [-0.1835879292443565, 1.7238583630994018], [-0.18119366564342917, 5.1499176366408115], [0.28215709180142395, 4.8544969304321395], [0.4392811906030121, 5.098352410109403], [0.3641821626039063, 5.70935330126065], [0.3883351573184573, 3.386111620646717], [0.130468773387716, 4.850610197224388], [-0.0006196460592946411, 3.0210979224907475], [0.2146509481403982, 4.89755399207628], [-0.08942908405271001, 5.327869916735017], [0.000783438822014543, 5.0764827197341535], [-0.2205001520310893, 5.400330001682631], [0.13646387992810846, 3.600402999545397], [0.09874550547872865, 4.966667725871161], [-0.13677285517153182, 5.770097638417437], [-0.462629113380955, 2.7329295011433574], [-0.40902843038339687, 4.2584448774618995], [-0.009900130203771064, 5.783155775680159], [-0.04496384289548249, 4.544182907513235], [-0.166853185211611, 5.622112561916291], [0.04695017179337839, 5.517546166106858], [-0.3173353433725196, 4.982732230163422], [0.4780261376901524, 2.774605664252692], [-0.2368524235543682, 5.62891850591426], [-0.37613806697330376, 5.023920234601546], [-0.41677951158703824, 4.7544800174198265], [-0.43622709742010185, 4.524691180062101], [0.3634312159846009, 5.680060949614879], [-0.1798340321873526, 3.85899978536828], [0.17089725738534955, 4.518196831832798], [-0.2030103518027984, 3.532427805605846], [-0.09745409677231448, 4.777132525939304], [0.1583925420200126, 4.2179498375599636], [-0.09171240276867496, 4.454463445016226], [-0.4798178388623584, 4.727794285204354], [-0.2408085595937157, 4.366114450632279], [0.49743943980599586, 5.9193700970468255], [-0.13471552770446574, 5.413686754746847], [-0.3174623468045419, 4.40164336313684], [-0.17385260579119124, 4.53720952739841], [0.5152420043968623, 5.326663153170846], [-0.15490411444359872, 2.9427139021022612], [0.1496675548752107, 3.3080664700829177], [0.20931281554139222, 3.258035891273217], [0.023866794878169968, 4.954487521958759], [-0.054667702266937415, 5.483742673103762], [-0.16423315518732753, 4.141147471685284], [0.46161271869344483, 1.016842437541264], [0.3486086584898605, 4.472459807226943], [0.03823414108543617, 2.776881007934058], [0.27263109233337346, 5.305388446135789], [0.3333786668042373, 5.6065443251056495], [0.14417066303057816, 2.7186749393321334], [0.43501462856528106, 5.983859987469059]]","[[-0.735512375831604, 5.071609973907471, -0.41982975602149963], [-0.781180739402771, 4.064624309539795, -0.38334643840789795], [-1.690869688987732, 4.409207820892334, -0.17856155335903168], [1.8264570236206055, 4.0445404052734375, 0.09593416750431061], [0.806373119354248, 2.1923611164093018, -0.25782671570777893], [0.5423591136932373, 1.494657039642334, -0.7125662565231323], [1.3069241046905518, 3.06561541557312, -0.8319397568702698], [-0.7704256176948547, 2.14143443107605, -0.08076226711273193], [-0.2747912108898163, 3.1189844608306885, -0.7235056161880493], [-2.764158248901367, 5.197350025177002, 0.06001332402229309], [-1.16005277633667, 5.355739593505859, -0.8161808848381042], [2.2709784507751465, 4.476779937744141, -1.177621603012085], [0.7337834239006042, 5.300148963928223, -1.2826670408248901], [1.6088486909866333, 2.54795503616333, -1.0489627122879028], [-0.6045415997505188, 1.4616477489471436, -0.4349193871021271], [1.6519150733947754, 4.408895492553711, -1.2341716289520264], [1.4922736883163452, 4.299439907073975, -1.4589314460754395], [1.311916470527649, 2.6942319869995117, -0.6828466653823853], [-0.21181979775428772, 2.891218423843384, -0.8401235938072205], [0.6671563982963562, 4.9510884284973145, 0.08018825948238373], [0.9604702591896057, 4.650146961212158, -0.4360598027706146], [0.8209261894226074, 4.1502685546875, -1.36021888256073], [-1.2429896593093872, 3.776762008666992, -0.8402048349380493], [0.4597528278827667, 4.608142852783203, -1.2361524105072021], [1.155704140663147, 5.119636535644531, -0.9208241105079651], [0.40122923254966736, 3.3697142601013184, -0.9827103018760681], [1.920730471611023, 4.470715522766113, -1.574533224105835], [-0.049600470811128616, 1.3338934183120728, -0.45922306180000305], [1.0243852138519287, 4.614221096038818, -0.3322118818759918], [-1.3120083808898926, 4.4540181159973145, -0.9510701298713684], [-2.1223397254943848, 4.517705917358398, -0.9276341795921326], [-1.8733155727386475, 5.270479202270508, -0.5131598711013794], [-1.434418797492981, 2.976118564605713, -0.5435752868652344], [-0.5687529444694519, 4.522246837615967, -0.841819167137146], [-0.19513651728630066, 2.6252171993255615, -0.8968864679336548], [-0.9702979922294617, 4.599729061126709, -0.38003405928611755], [0.5550751686096191, 4.775750160217285, -1.3936768770217896], [0.12379542738199234, 4.747463226318359, 0.05897322669625282], [1.2786457538604736, 4.711605072021484, -1.050066351890564], [-0.6075542569160461, 3.1967666149139404, -1.0807746648788452], [-0.4248057007789612, 4.54000997543335, -1.3461369276046753], [0.9454124569892883, 5.1928606033325195, -1.166559100151062], [0.9547919034957886, 1.9833277463912964, -0.03672834113240242], [1.6238069534301758, 3.367189884185791, -0.2100205272436142], [0.2728913426399231, 5.443265914916992, -0.1400608867406845], [0.2149532288312912, 4.130335807800293, -0.9113872647285461], [1.0732896327972412, 5.052921772003174, -0.8341825008392334], [-0.09902448207139969, 5.187546253204346, -0.7424336671829224], [1.5730301141738892, 4.140717029571533, -0.9680286645889282], [-1.5191881656646729, 2.258197784423828, -0.7668908834457397], [1.4634310007095337, 4.947659015655518, -0.586247444152832], [1.8829679489135742, 4.095810890197754, -0.4020892083644867], [1.8801361322402954, 3.701002836227417, -1.0135948657989502], [1.8178768157958984, 3.4164793491363525, -1.193558692932129], [-1.8537741899490356, 5.257071495056152, -0.16569417715072632], [0.6224063634872437, 3.3841347694396973, 0.07435598969459534], [-0.7489219307899475, 4.207465648651123, -0.6649905443191528], [0.5894699692726135, 3.0493807792663574, -0.371214896440506], [0.48165133595466614, 4.282543182373047, -1.097767949104309], [-0.6541420221328735, 3.9293251037597656, 0.15746080875396729], [0.38478806614875793, 3.9414212703704834, -1.201413631439209], [2.132655143737793, 3.5374584197998047, -0.8258293867111206], [1.016788125038147, 3.7583773136138916, -0.6241424083709717], [-2.6915078163146973, 5.164315700531006, -1.1206786632537842], [0.8666809797286987, 4.931448936462402, 0.09942346066236496], [1.3445065021514893, 3.680060386657715, -0.0017258523730561137], [0.7970044016838074, 4.040553092956543, -0.3839561641216278], [-2.5261294841766357, 4.67857027053833, 0.03709970787167549], [0.22393612563610077, 2.443875789642334, -0.9251155853271484], [-0.6508451700210571, 2.9181060791015625, -1.0006744861602783], [-0.8299883008003235, 2.935978412628174, -0.6277530789375305], [-0.01725850999355316, 4.645467281341553, -0.0787845328450203], [0.4716223478317261, 5.105075359344482, -0.0506548136472702], [0.650888979434967, 3.676102876663208, -0.11362805217504501], [-0.90770024061203, 0.6642541885375977, -0.3477208614349365], [-1.5445491075515747, 4.010852336883545, -0.9767881631851196], [-0.29389622807502747, 2.4829893112182617, -0.016923734918236732], [-1.3201606273651123, 4.948207378387451, -0.687322735786438], [-1.651635766029358, 5.2150959968566895, 0.20126692950725555], [-0.6076949834823608, 2.428687334060669, -0.4173581302165985], [-2.3607006072998047, 5.372984886169434, -0.9860233068466187]]"
2734,-0.48583170989036745,-0.23563988463978905,-0.12145792747259186,0.0031918196936099887,0.06284181832133137,0.6627993174611361,0.7461486332696484,-0.48275658505561486,-0.2365446306371511,-0.12073508997018519,0.003348141341689433,0.06181389568088023,0.6622688809221087,0.746704601306626,"[16, 40, 75, 95, 205, 229, 254, 373, 421, 429, 456, 494, 505, 585, 606, 626, 656, 677, 748, 877, 900, 1020, 1061, 1138, 1158, 1168, 1344, 1415, 1442, 1500, 1556, 1578, 1580, 1613, 1629, 1632, 1695, 1950, 1958, 2004, 2020, 2057, 2099, 2185, 2229, 2276, 2416, 2512, 2527, 2541, 2659, 2702, 2731, 2750, 2855, 2938, 3182, 3232, 3248, 3249, 3275, 3342, 3549, 3566, 3586, 3748, 3755, 3865, 3983, 4034, 4092, 4136, 4138, 4216, 4246, 4322, 4400, 4420, 4515, 4662, 4828, 4838, 4848, 4875, 4948]","[[0.45889917621337317, 0.894045561342319], [-0.3921987623694053, 5.973405986839329], [0.1627596228924266, 5.323299108348863], [0.18458911098500405, 4.31953059834298], [0.3733944313872659, 4.799597169145019], [-0.3721343687480459, 4.870123272638842], [-0.36860644856097297, 2.7538875536349643], [-0.4299725161596218, 2.0962501958063706], [-0.3864411248151283, 3.825133429168506], [0.24213327690888115, 2.3928619008299563], [0.0431540656914504, 3.416109865582865], [0.14889059529267523, 5.975641459057672], [-0.14686519928743347, 5.9416997474683795], [0.17706394287285648, 5.998223434818664], [0.10005463492171454, 5.9654922524185885], [0.521811664406445, 5.895054235485166], [0.23023135485948348, 5.677017421860226], [-0.4157035512093906, 5.560796383525377], [-0.11029987755632874, 5.786061078655113], [0.17415842347185925, 1.728495986838008], [-0.3205717808052008, 5.234677928760184], [-0.3040388156065481, 5.125460038186311], [-0.4364334529288178, 3.482091579667891], [0.015149039119688231, 3.2203490999136584], [0.22781788095935201, 5.974202071622418], [-0.09330524998004211, 5.3164396268181235], [-0.17011746526862306, 5.106630237079118], [-0.18745946110403405, 4.741257758472594], [0.2872801457484276, 4.1463739118822724], [-0.09121102737304258, 5.059225717765181], [-0.18461734219474932, 5.658593874568974], [-0.13717204297569435, 3.8136122892462594], [-0.36422727964755014, 5.482236384697686], [-0.16376690540839106, 1.6632142785958286], [-0.18448858030067497, 5.083211195921566], [0.2778148373284026, 4.834087715469958], [0.43085426591683496, 5.092403649621128], [0.3603172173199732, 5.6926147884282665], [0.39298616770110534, 3.3749400183217957], [0.12647681927665602, 4.8113203886901985], [-0.0028123253376131536, 2.979905878812957], [0.21455141944334086, 4.865998737461488], [-0.10451803657886523, 5.273528142657516], [0.26535773378717287, 5.956703103543214], [0.0027667748043483293, 5.023250257128877], [-0.2329074213638369, 5.3337205700484995], [0.08518303205679091, 4.930141466444694], [-0.14829882605337305, 5.710214999492369], [-0.45350650476145926, 2.646774306047847], [-0.40944565391391796, 4.1780673692362145], [-0.011308079025653254, 5.73020645016842], [-0.051889411378560915, 4.493444229596816], [-0.17472942385637963, 5.558450414693257], [0.04137460687664575, 5.473539344344883], [-0.3283411031578606, 4.9085440656242225], [-0.24276160193454788, 5.558046206156419], [-0.38168699026940034, 4.942993800406069], [-0.42849033025966216, 4.677191782903538], [-0.4530042450086991, 4.448568464251016], [0.36393649926031674, 5.66071267526588], [0.1875775775555794, 5.986779323878793], [-0.17124304337701549, 3.790841641739588], [0.17004044987688874, 4.483480717437404], [-0.20079440620767802, 3.466125800513034], [-0.1043100304701112, 4.723188369902565], [0.16823687728199802, 4.17655975960584], [-0.10441630783207283, 4.401757537371096], [-0.4910092571647651, 4.646602049578956], [-0.24532689499896995, 4.298036402701988], [0.4870847397741692, 5.916907676275551], [-0.3908534728212046, 5.9574431156807135], [-0.13070023724608293, 5.346609272683548], [-0.31465327500719603, 4.3238644001646955], [-0.17316088011154596, 4.4725448091963775], [0.5159956724154651, 5.323407319574696], [0.21321148597837364, 3.2310825706178634], [0.025974286799318968, 4.904413726709737], [-0.051971528994745476, 5.4249738632394084], [-0.15991888866777895, 4.073977376047115], [0.34354836766220004, 4.4600520479701515], [0.055826056117669325, 2.7267128884798226], [0.2694955575847529, 5.280735417321129], [0.3381643185637419, 5.586480401741852], [0.15695250571233657, 2.6839803619839473], [0.4258273577428266, 5.977594058746017]]","[[-0.7718660235404968, 0.607114315032959, -0.03994431346654892], [2.3047897815704346, 4.8491926193237305, -1.5475404262542725], [-0.735512375831604, 5.071609973907471, -0.41982975602149963], [-0.781180739402771, 4.064624309539795, -0.38334643840789795], [-1.690869688987732, 4.409207820892334, -0.17856155335903168], [1.8264570236206055, 4.0445404052734375, 0.09593416750431061], [0.806373119354248, 2.1923611164093018, -0.25782671570777893], [0.5423591136932373, 1.494657039642334, -0.7125662565231323], [1.3069241046905518, 3.06561541557312, -0.8319397568702698], [-0.7704256176948547, 2.14143443107605, -0.08076226711273193], [-0.2747912108898163, 3.1189844608306885, -0.7235056161880493], [-0.6919013261795044, 5.709843635559082, -0.6784160733222961], [1.0075819492340088, 5.458253383636475, -0.9442963004112244], [-0.8343181610107422, 5.747586250305176, -0.31557759642601013], [-0.42395034432411194, 5.697216510772705, -0.7365975975990295], [-2.764158248901367, 5.197350025177002, 0.06001332402229309], [-1.16005277633667, 5.355739593505859, -0.8161808848381042], [2.2709784507751465, 4.476779937744141, -1.177621603012085], [0.7337834239006042, 5.300148963928223, -1.2826670408248901], [-0.6045415997505188, 1.4616477489471436, -0.4349193871021271], [1.6519150733947754, 4.408895492553711, -1.2341716289520264], [1.4922736883163452, 4.299439907073975, -1.4589314460754395], [1.311916470527649, 2.6942319869995117, -0.6828466653823853], [-0.21181979775428772, 2.891218423843384, -0.8401235938072205], [-1.1739826202392578, 5.660854816436768, -0.7993767261505127], [0.6671563982963562, 4.9510884284973145, 0.08018825948238373], [0.9604702591896057, 4.650146961212158, -0.4360598027706146], [0.8209261894226074, 4.1502685546875, -1.36021888256073], [-1.2429896593093872, 3.776762008666992, -0.8402048349380493], [0.4597528278827667, 4.608142852783203, -1.2361524105072021], [1.155704140663147, 5.119636535644531, -0.9208241105079651], [0.40122923254966736, 3.3697142601013184, -0.9827103018760681], [1.920730471611023, 4.470715522766113, -1.574533224105835], [-0.049600470811128616, 1.3338934183120728, -0.45922306180000305], [1.0243852138519287, 4.614221096038818, -0.3322118818759918], [-1.3120083808898926, 4.4540181159973145, -0.9510701298713684], [-2.1223397254943848, 4.517705917358398, -0.9276341795921326], [-1.8733155727386475, 5.270479202270508, -0.5131598711013794], [-1.434418797492981, 2.976118564605713, -0.5435752868652344], [-0.5687529444694519, 4.522246837615967, -0.841819167137146], [-0.19513651728630066, 2.6252171993255615, -0.8968864679336548], [-0.9702979922294617, 4.599729061126709, -0.38003405928611755], [0.5550751686096191, 4.775750160217285, -1.3936768770217896], [-1.2860043048858643, 5.646541118621826, 0.3764677941799164], [0.12379542738199234, 4.747463226318359, 0.05897322669625282], [1.2786457538604736, 4.711605072021484, -1.050066351890564], [-0.4248057007789612, 4.54000997543335, -1.3461369276046753], [0.9454124569892883, 5.1928606033325195, -1.166559100151062], [0.9547919034957886, 1.9833277463912964, -0.03672834113240242], [1.6238069534301758, 3.367189884185791, -0.2100205272436142], [0.2728913426399231, 5.443265914916992, -0.1400608867406845], [0.2149532288312912, 4.130335807800293, -0.9113872647285461], [1.0732896327972412, 5.052921772003174, -0.8341825008392334], [-0.09902448207139969, 5.187546253204346, -0.7424336671829224], [1.5730301141738892, 4.140717029571533, -0.9680286645889282], [1.4634310007095337, 4.947659015655518, -0.586247444152832], [1.8829679489135742, 4.095810890197754, -0.4020892083644867], [1.8801361322402954, 3.701002836227417, -1.0135948657989502], [1.8178768157958984, 3.4164793491363525, -1.193558692932129], [-1.8537741899490356, 5.257071495056152, -0.16569417715072632], [-0.9858658909797668, 5.608870983123779, -1.3120163679122925], [0.6224063634872437, 3.3841347694396973, 0.07435598969459534], [-0.7489219307899475, 4.207465648651123, -0.6649905443191528], [0.5894699692726135, 3.0493807792663574, -0.371214896440506], [0.48165133595466614, 4.282543182373047, -1.097767949104309], [-0.6541420221328735, 3.9293251037597656, 0.15746080875396729], [0.38478806614875793, 3.9414212703704834, -1.201413631439209], [2.132655143737793, 3.5374584197998047, -0.8258293867111206], [1.016788125038147, 3.7583773136138916, -0.6241424083709717], [-2.6915078163146973, 5.164315700531006, -1.1206786632537842], [2.4012160301208496, 4.959827899932861, -0.5264875888824463], [0.8666809797286987, 4.931448936462402, 0.09942346066236496], [1.3445065021514893, 3.680060386657715, -0.0017258523730561137], [0.7970044016838074, 4.040553092956543, -0.3839561641216278], [-2.5261294841766357, 4.67857027053833, 0.03709970787167549], [-0.8299883008003235, 2.935978412628174, -0.6277530789375305], [-0.01725850999355316, 4.645467281341553, -0.0787845328450203], [0.4716223478317261, 5.105075359344482, -0.0506548136472702], [0.650888979434967, 3.676102876663208, -0.11362805217504501], [-1.5445491075515747, 4.010852336883545, -0.9767881631851196], [-0.29389622807502747, 2.4829893112182617, -0.016923734918236732], [-1.3201606273651123, 4.948207378387451, -0.687322735786438], [-1.651635766029358, 5.2150959968566895, 0.20126692950725555], [-0.6076949834823608, 2.428687334060669, -0.4173581302165985], [-2.3607006072998047, 5.372984886169434, -0.9860233068466187]]"
2736,-0.3921833480220676,-0.19228466546155742,-0.0980458370055169,0.027939480035041944,0.07346580023696367,0.6694398092658934,0.7386964893790673,-0.3921784639029505,-0.19370254463242012,-0.0980192815121891,0.02742349494234578,0.07361576513452717,0.669321738127888,0.7388078788956355,"[40, 75, 95, 205, 229, 254, 421, 429, 456, 478, 494, 505, 585, 602, 606, 626, 656, 677, 748, 877, 900, 1020, 1061, 1138, 1158, 1168, 1344, 1442, 1500, 1503, 1556, 1578, 1580, 1613, 1629, 1632, 1695, 1950, 1958, 2004, 2057, 2099, 2185, 2229, 2276, 2512, 2527, 2541, 2659, 2702, 2731, 2750, 2855, 2938, 3182, 3232, 3248, 3249, 3275, 3342, 3549, 3566, 3586, 3748, 3755, 3865, 3983, 4091, 4092, 4136, 4138, 4216, 4246, 4322, 4400, 4420, 4515, 4828, 4838, 4848, 4875, 4948]","[[-0.4135657278488854, 5.8990395142375744], [0.1572053515662066, 5.285535839745464], [0.18368802761161043, 4.2818908854105855], [0.3737871008462742, 4.782139692787794], [-0.3739819335791728, 4.786754525341155], [-0.3680855251124257, 2.6743582692353542], [-0.3954384664343792, 3.7465993488491294], [0.26434907130959734, 2.362435394719935], [0.04083822483967249, 3.372064686736612], [-0.1775004926505186, 3.3394412371167133], [0.13722883042093634, 5.938173512670173], [-0.15885534544992524, 5.883853998535376], [0.1719035953681063, 5.95865518282398], [-0.3250444578684853, 5.973816569296886], [0.09415735966614516, 5.924898894004408], [0.5160781475028415, 5.890328762662234], [0.2181895434288881, 5.645520524278133], [-0.43641586767525675, 5.482633302880575], [-0.12703567535262675, 5.730231535852467], [0.19697434497983424, 1.7019048626734392], [-0.33891850659758765, 5.162057611880934], [-0.324037103285365, 5.056516635106258], [-0.4472451378097971, 3.4029561004265907], [0.01107243383607032, 3.177337979205287], [0.2161408701824366, 5.9467500053466305], [-0.0941348475008761, 5.254548170698767], [-0.17688678737582825, 5.039585098039843], [0.28260524841228424, 4.126683171725403], [-0.10139755912618774, 5.006879780731456], [-0.3019102840832747, 5.934192174495076], [-0.19814927501107024, 5.593141678341681], [-0.1465182041259395, 3.7551197037049633], [-0.38551352257819815, 5.411963264216939], [-0.14552277801545074, 1.6054514640655357], [-0.18910107633776094, 5.0169298160339135], [0.26851076174702776, 4.812974946413878], [0.424895133501177, 5.086297870123465], [0.35250918326768177, 5.675294224591087], [0.3950550808225933, 3.3635749951805334], [0.11839802511969702, 4.776648150997998], [0.21152066503346714, 4.83406233575446], [-0.11885902476958819, 5.2204072321662265], [0.265304950357701, 5.925953436622136], [0.004345245149623537, 4.968915542103573], [-0.2465190598873409, 5.266241447518827], [-0.16276647682318446, 5.651026132522474], [-0.447109571481582, 2.558255978896322], [-0.41313043820280265, 4.092261359749481], [-0.01590356636311496, 5.672819591047928], [-0.061685084216883936, 4.442268368697588], [-0.18377595060676083, 5.496524371624526], [0.033108684334040274, 5.426324542732753], [-0.34064630813424573, 4.837002191914353], [-0.25164334389624043, 5.487466578240546], [-0.3889827702678269, 4.862943000276297], [-0.44308792566703215, 4.599921980218024], [-0.4690784519838871, 4.371134742845838], [0.36020726788439855, 5.642539720189125], [0.17356722386509876, 5.956824895570982], [-0.16750962776387585, 3.7224355702418146], [0.1635599821082245, 4.450494299029494], [-0.20027837162613257, 3.3981825877046816], [-0.11766407267858166, 4.6672892632200895], [0.17376652770092724, 4.138517019095641], [-0.11596471119711538, 4.3487252539568475], [-0.5043169766594888, 4.562815846874422], [-0.25279641559493793, 4.228577558264492], [0.4120621442921428, 2.1174154260214264], [-0.4005790343515221, 5.877085311794019], [-0.1315977363760495, 5.280543191918913], [-0.31534198088283033, 4.24337314674622], [-0.1785537931614751, 4.405754250215741], [0.5142068744291564, 5.3189876944801275], [0.21300331722340465, 3.2031200059208222], [0.025854986208482037, 4.851126012540033], [-0.05565881957511237, 5.367853232953116], [-0.15942710076907754, 4.0073271031114786], [0.07116661114382773, 2.6800161654563315], [0.2623499542051657, 5.257118268198297], [0.33640196347509255, 5.561155853538083], [0.16483390466633357, 2.6495843427508454], [0.41568227734724883, 5.96958853356716]]","[[2.3047897815704346, 4.8491926193237305, -1.5475404262542725], [-0.735512375831604, 5.071609973907471, -0.41982975602149963], [-0.781180739402771, 4.064624309539795, -0.38334643840789795], [-1.690869688987732, 4.409207820892334, -0.17856155335903168], [1.8264570236206055, 4.0445404052734375, 0.09593416750431061], [0.806373119354248, 2.1923611164093018, -0.25782671570777893], [1.3069241046905518, 3.06561541557312, -0.8319397568702698], [-0.7704256176948547, 2.14143443107605, -0.08076226711273193], [-0.2747912108898163, 3.1189844608306885, -0.7235056161880493], [0.5631309151649475, 2.9999711513519287, 0.12128958851099014], [-0.6919013261795044, 5.709843635559082, -0.6784160733222961], [1.0075819492340088, 5.458253383636475, -0.9442963004112244], [-0.8343181610107422, 5.747586250305176, -0.31557759642601013], [1.8806500434875488, 5.145644664764404, -1.5253527164459229], [-0.42395034432411194, 5.697216510772705, -0.7365975975990295], [-2.764158248901367, 5.197350025177002, 0.06001332402229309], [-1.16005277633667, 5.355739593505859, -0.8161808848381042], [2.2709784507751465, 4.476779937744141, -1.177621603012085], [0.7337834239006042, 5.300148963928223, -1.2826670408248901], [-0.6045415997505188, 1.4616477489471436, -0.4349193871021271], [1.6519150733947754, 4.408895492553711, -1.2341716289520264], [1.4922736883163452, 4.299439907073975, -1.4589314460754395], [1.311916470527649, 2.6942319869995117, -0.6828466653823853], [-0.21181979775428772, 2.891218423843384, -0.8401235938072205], [-1.1739826202392578, 5.660854816436768, -0.7993767261505127], [0.6671563982963562, 4.9510884284973145, 0.08018825948238373], [0.9604702591896057, 4.650146961212158, -0.4360598027706146], [-1.2429896593093872, 3.776762008666992, -0.8402048349380493], [0.4597528278827667, 4.608142852783203, -1.2361524105072021], [1.8771520853042603, 5.262132167816162, -0.6439931392669678], [1.155704140663147, 5.119636535644531, -0.9208241105079651], [0.40122923254966736, 3.3697142601013184, -0.9827103018760681], [1.920730471611023, 4.470715522766113, -1.574533224105835], [-0.049600470811128616, 1.3338934183120728, -0.45922306180000305], [1.0243852138519287, 4.614221096038818, -0.3322118818759918], [-1.3120083808898926, 4.4540181159973145, -0.9510701298713684], [-2.1223397254943848, 4.517705917358398, -0.9276341795921326], [-1.8733155727386475, 5.270479202270508, -0.5131598711013794], [-1.434418797492981, 2.976118564605713, -0.5435752868652344], [-0.5687529444694519, 4.522246837615967, -0.841819167137146], [-0.9702979922294617, 4.599729061126709, -0.38003405928611755], [0.5550751686096191, 4.775750160217285, -1.3936768770217896], [-1.2860043048858643, 5.646541118621826, 0.3764677941799164], [0.12379542738199234, 4.747463226318359, 0.05897322669625282], [1.2786457538604736, 4.711605072021484, -1.050066351890564], [0.9454124569892883, 5.1928606033325195, -1.166559100151062], [0.9547919034957886, 1.9833277463912964, -0.03672834113240242], [1.6238069534301758, 3.367189884185791, -0.2100205272436142], [0.2728913426399231, 5.443265914916992, -0.1400608867406845], [0.2149532288312912, 4.130335807800293, -0.9113872647285461], [1.0732896327972412, 5.052921772003174, -0.8341825008392334], [-0.09902448207139969, 5.187546253204346, -0.7424336671829224], [1.5730301141738892, 4.140717029571533, -0.9680286645889282], [1.4634310007095337, 4.947659015655518, -0.586247444152832], [1.8829679489135742, 4.095810890197754, -0.4020892083644867], [1.8801361322402954, 3.701002836227417, -1.0135948657989502], [1.8178768157958984, 3.4164793491363525, -1.193558692932129], [-1.8537741899490356, 5.257071495056152, -0.16569417715072632], [-0.9858658909797668, 5.608870983123779, -1.3120163679122925], [0.6224063634872437, 3.3841347694396973, 0.07435598969459534], [-0.7489219307899475, 4.207465648651123, -0.6649905443191528], [0.5894699692726135, 3.0493807792663574, -0.371214896440506], [0.48165133595466614, 4.282543182373047, -1.097767949104309], [-0.6541420221328735, 3.9293251037597656, 0.15746080875396729], [0.38478806614875793, 3.9414212703704834, -1.201413631439209], [2.132655143737793, 3.5374584197998047, -0.8258293867111206], [1.016788125038147, 3.7583773136138916, -0.6241424083709717], [-0.9894141554832458, 1.8149076700210571, 0.20754870772361755], [2.4012160301208496, 4.959827899932861, -0.5264875888824463], [0.8666809797286987, 4.931448936462402, 0.09942346066236496], [1.3445065021514893, 3.680060386657715, -0.0017258523730561137], [0.7970044016838074, 4.040553092956543, -0.3839561641216278], [-2.5261294841766357, 4.67857027053833, 0.03709970787167549], [-0.8299883008003235, 2.935978412628174, -0.6277530789375305], [-0.01725850999355316, 4.645467281341553, -0.0787845328450203], [0.4716223478317261, 5.105075359344482, -0.0506548136472702], [0.650888979434967, 3.676102876663208, -0.11362805217504501], [-0.29389622807502747, 2.4829893112182617, -0.016923734918236732], [-1.3201606273651123, 4.948207378387451, -0.687322735786438], [-1.651635766029358, 5.2150959968566895, 0.20126692950725555], [-0.6076949834823608, 2.428687334060669, -0.4173581302165985], [-2.3607006072998047, 5.372984886169434, -0.9860233068466187]]"
2738,-0.29763156919596473,-0.1471587113577373,-0.07440789229899118,0.04965217965130624,0.07716068972202493,0.6769723104884872,0.7302666498268802,-0.298480656302711,-0.14684176405910263,-0.07529406924319793,0.04931174709995273,0.07762417383429548,0.676663536811538,0.7305267258521031,"[40, 75, 95, 205, 229, 254, 421, 424, 429, 456, 467, 478, 494, 505, 585, 602, 606, 626, 656, 677, 748, 900, 963, 1024, 1061, 1158, 1168, 1217, 1344, 1500, 1503, 1556, 1629, 1787, 1950, 1958, 2004, 2057, 2185, 2229, 2276, 2512, 2527, 2541, 2659, 2702, 2731, 2750, 2781, 2846, 2855, 2938, 2986, 3182, 3228, 3232, 3248, 3249, 3342, 3432, 3549, 3566, 3586, 3748, 3865, 3983, 4007, 4091, 4092, 4100, 4136, 4138, 4216, 4246, 4255, 4322, 4400, 4420, 4515, 4828, 4838, 4848, 4875]","[[-0.43446085621326336, 5.82386303024504], [0.14860292158003, 5.247369079757673], [0.17733639025706305, 4.250571185861635], [0.36723917370351006, 4.7658093272649475], [-0.3827521238616844, 4.703307161766916], [-0.36815527709486323, 2.5942849781503625], [-0.4096988466248237, 3.670888885186016], [0.16909561340214133, 3.343984854349356], [0.27666207682508465, 2.336767941233928], [0.03560356554699126, 3.329618623691259], [0.3194911959291513, 4.938763249745314], [-0.17322952763674804, 3.2687475016251115], [0.12750949872140352, 5.902427780341904], [-0.17152994062793195, 5.820639392402461], [0.16039548367739445, 5.923740117003018], [-0.3449228862716612, 5.904780130325483], [0.07884386823109288, 5.882731362358291], [0.5078981604106743, 5.887076990330716], [0.20821098160587898, 5.619605833058715], [-0.4526983737053741, 5.404124282690726], [-0.1426046874301853, 5.67323536702632], [-0.35579483914904503, 5.089544882836831], [-0.2400781756858878, 5.997041161179083], [0.04199971843642616, 2.4009392359435826], [-0.4571649421066959, 3.3219918723960293], [0.2031828056715456, 5.91687856512086], [-0.10060712695837044, 5.192032625086723], [0.33794273384103596, 2.738432766080856], [-0.18647812405287767, 4.973345980103917], [-0.11800526084783479, 4.953541517961395], [-0.3129008293281459, 5.858254896983444], [-0.21270584594266082, 5.526193803684094], [-0.19631310909362704, 4.948894641912198], [0.2055438277991756, 4.670800945274508], [0.3448451497268472, 5.660023885046458], [0.3960114404005728, 3.354066106083569], [0.10472663294226092, 4.7384754124405335], [0.2052267033576608, 4.805562827976693], [0.25962754772301155, 5.894480213503606], [0.0007140321947480717, 4.913989764451931], [-0.26249869461731073, 5.201821201137954], [-0.18164140774910817, 5.59206363063769], [-0.44494753817935717, 2.4708947916980284], [-0.4219613218621433, 4.007218269221489], [-0.022379721292669987, 5.618173825072123], [-0.07294530307353167, 4.388548266615202], [-0.19934197368920945, 5.430906240682256], [0.019495577923354407, 5.3821795483874], [-0.1313527271104897, 5.074169612856565], [-0.2730149595313722, 5.9574256042857], [-0.3556183151112362, 4.761484082670592], [-0.26457904791355696, 5.411890381646459], [0.10992385204306979, 0.9188440581378313], [-0.40094214043622867, 4.781740684509656], [-0.0667732548216363, 1.4306681744697862], [-0.46124037433075976, 4.519142851331298], [-0.4899873711233643, 4.291453374978699], [0.35145380264045334, 5.623581606651551], [-0.16473050078456422, 3.6535488898974067], [0.2768026858413863, 4.889687931448009], [0.15655282116261274, 4.416466666466281], [-0.20306604541109302, 3.332047282773077], [-0.13107823166798366, 4.612014176354001], [0.17334173039019699, 4.097621541844909], [-0.5197071975455501, 4.4781633009493635], [-0.262799148747924, 4.156758858728962], [-0.20288858077616534, 6.000337690856579], [0.43754637971368443, 2.1007711469136763], [-0.41111536750740857, 5.79465703963894], [0.000648035962976377, 4.331629090701344], [-0.13782742847131274, 5.213216109313409], [-0.31973021634355164, 4.165031828539129], [-0.18597123317580477, 4.339883652164988], [0.5067887039411727, 5.314692150488215], [0.31716062195159916, 5.172331333216182], [0.2159083225176722, 3.1783014454061287], [0.02015707031449864, 4.801093407912438], [-0.0659656124683621, 5.308426539065715], [-0.1628262089801523, 3.9383245611371196], [0.08000323938723485, 2.6317778077972567], [0.25245974634838125, 5.233257818174165], [0.3312943508545139, 5.537314523034167], [0.17185475855008026, 2.6171609122441666]]","[[2.3047897815704346, 4.8491926193237305, -1.5475404262542725], [-0.735512375831604, 5.071609973907471, -0.41982975602149963], [-0.781180739402771, 4.064624309539795, -0.38334643840789795], [-1.690869688987732, 4.409207820892334, -0.17856155335903168], [1.8264570236206055, 4.0445404052734375, 0.09593416750431061], [0.806373119354248, 2.1923611164093018, -0.25782671570777893], [1.3069241046905518, 3.06561541557312, -0.8319397568702698], [-0.5038958191871643, 3.150254726409912, 0.4329964220523834], [-0.7704256176948547, 2.14143443107605, -0.08076226711273193], [-0.2747912108898163, 3.1189844608306885, -0.7235056161880493], [-1.3475202322006226, 4.6160688400268555, 0.7044112086296082], [0.5631309151649475, 2.9999711513519287, 0.12128958851099014], [-0.6919013261795044, 5.709843635559082, -0.6784160733222961], [1.0075819492340088, 5.458253383636475, -0.9442963004112244], [-0.8343181610107422, 5.747586250305176, -0.31557759642601013], [1.8806500434875488, 5.145644664764404, -1.5253527164459229], [-0.42395034432411194, 5.697216510772705, -0.7365975975990295], [-2.764158248901367, 5.197350025177002, 0.06001332402229309], [-1.16005277633667, 5.355739593505859, -0.8161808848381042], [2.2709784507751465, 4.476779937744141, -1.177621603012085], [0.7337834239006042, 5.300148963928223, -1.2826670408248901], [1.6519150733947754, 4.408895492553711, -1.2341716289520264], [1.4342089891433716, 5.5105695724487305, -1.064271330833435], [-0.15580470860004425, 2.233808755874634, 0.1942511945962906], [1.311916470527649, 2.6942319869995117, -0.6828466653823853], [-1.1739826202392578, 5.660854816436768, -0.7993767261505127], [0.6671563982963562, 4.9510884284973145, 0.08018825948238373], [-0.9142951965332031, 2.4783380031585693, 0.3966814875602722], [0.9604702591896057, 4.650146961212158, -0.4360598027706146], [0.4597528278827667, 4.608142852783203, -1.2361524105072021], [1.8771520853042603, 5.262132167816162, -0.6439931392669678], [1.155704140663147, 5.119636535644531, -0.9208241105079651], [1.0243852138519287, 4.614221096038818, -0.3322118818759918], [-0.7530555725097656, 4.44417667388916, 0.6593567728996277], [-1.8733155727386475, 5.270479202270508, -0.5131598711013794], [-1.434418797492981, 2.976118564605713, -0.5435752868652344], [-0.5687529444694519, 4.522246837615967, -0.841819167137146], [-0.9702979922294617, 4.599729061126709, -0.38003405928611755], [-1.2860043048858643, 5.646541118621826, 0.3764677941799164], [0.12379542738199234, 4.747463226318359, 0.05897322669625282], [1.2786457538604736, 4.711605072021484, -1.050066351890564], [0.9454124569892883, 5.1928606033325195, -1.166559100151062], [0.9547919034957886, 1.9833277463912964, -0.03672834113240242], [1.6238069534301758, 3.367189884185791, -0.2100205272436142], [0.2728913426399231, 5.443265914916992, -0.1400608867406845], [0.2149532288312912, 4.130335807800293, -0.9113872647285461], [1.0732896327972412, 5.052921772003174, -0.8341825008392334], [-0.09902448207139969, 5.187546253204346, -0.7424336671829224], [0.8582029342651367, 4.764886379241943, 0.44744107127189636], [1.7300890684127808, 5.448585510253906, -0.3523448407649994], [1.5730301141738892, 4.140717029571533, -0.9680286645889282], [1.4634310007095337, 4.947659015655518, -0.586247444152832], [-0.3025670051574707, 0.761637806892395, 0.05829368531703949], [1.8829679489135742, 4.095810890197754, -0.4020892083644867], [-0.0657423734664917, 1.2583720684051514, 0.05360399931669235], [1.8801361322402954, 3.701002836227417, -1.0135948657989502], [1.8178768157958984, 3.4164793491363525, -1.193558692932129], [-1.8537741899490356, 5.257071495056152, -0.16569417715072632], [0.6224063634872437, 3.3841347694396973, 0.07435598969459534], [-1.132378101348877, 4.613344192504883, 0.6494982838630676], [-0.7489219307899475, 4.207465648651123, -0.6649905443191528], [0.5894699692726135, 3.0493807792663574, -0.371214896440506], [0.48165133595466614, 4.282543182373047, -1.097767949104309], [-0.6541420221328735, 3.9293251037597656, 0.15746080875396729], [2.132655143737793, 3.5374584197998047, -0.8258293867111206], [1.016788125038147, 3.7583773136138916, -0.6241424083709717], [1.2403390407562256, 5.591884613037109, -0.9066542387008667], [-0.9894141554832458, 1.8149076700210571, 0.20754870772361755], [2.4012160301208496, 4.959827899932861, -0.5264875888824463], [0.11874957382678986, 4.134964942932129, 0.41843512654304504], [0.8666809797286987, 4.931448936462402, 0.09942346066236496], [1.3445065021514893, 3.680060386657715, -0.0017258523730561137], [0.7970044016838074, 4.040553092956543, -0.3839561641216278], [-2.5261294841766357, 4.67857027053833, 0.03709970787167549], [-1.3837485313415527, 4.844825267791748, 0.725816011428833], [-0.8299883008003235, 2.935978412628174, -0.6277530789375305], [-0.01725850999355316, 4.645467281341553, -0.0787845328450203], [0.4716223478317261, 5.105075359344482, -0.0506548136472702], [0.650888979434967, 3.676102876663208, -0.11362805217504501], [-0.29389622807502747, 2.4829893112182617, -0.016923734918236732], [-1.3201606273651123, 4.948207378387451, -0.687322735786438], [-1.651635766029358, 5.2150959968566895, 0.20126692950725555], [-0.6076949834823608, 2.428687334060669, -0.4173581302165985]]"
2740,-0.19642407868203257,-0.09773723436869927,-0.04910601967050814,0.06710777590540436,0.07302894722066375,0.6860969009474244,0.7207179488476834,-0.19622821186786563,-0.09762753369240379,-0.05001061635860792,0.06673196457163907,0.0735830874595196,0.6857977720899427,0.7209811300864988,"[40, 75, 95, 205, 229, 254, 345, 421, 424, 429, 467, 478, 494, 505, 585, 602, 606, 626, 656, 677, 693, 900, 963, 1024, 1061, 1158, 1168, 1217, 1344, 1503, 1547, 1556, 1629, 1787, 1950, 2057, 2158, 2185, 2229, 2276, 2463, 2512, 2527, 2541, 2556, 2659, 2702, 2731, 2750, 2781, 2846, 2855, 2938, 2986, 3182, 3228, 3232, 3248, 3249, 3321, 3342, 3432, 3546, 3549, 3566, 3649, 3748, 3983, 4007, 4064, 4091, 4092, 4100, 4107, 4136, 4138, 4216, 4246, 4255, 4400, 4420, 4515, 4828, 4838, 4848, 4867, 4875]","[[-0.4566367743961039, 5.747247473775053], [0.13922019024646015, 5.213072795269604], [0.17102972513119458, 4.217670568299853], [0.3615677982567655, 4.751557475135212], [-0.3910120121625166, 4.616391456014249], [-0.3702140717148677, 2.5143280846128424], [-0.25656018502391, 5.996733758519727], [-0.4244989164596914, 3.5931602399280353], [0.17199840210740722, 3.3004060020718606], [0.29164473841296956, 2.3120820255007], [0.3146017592625526, 4.912816119029867], [-0.17571426047822641, 3.197737435559835], [0.11256289947327248, 5.86496877854817], [-0.18864845029549004, 5.760546988274129], [0.14962127071718748, 5.889370369328862], [-0.36765122876127465, 5.8333251841410805], [0.06502709157626023, 5.843087750775419], [0.49615647644118555, 5.886028061321198], [0.1923230205231844, 5.592533078017494], [-0.47289707708265766, 5.325247836516309], [0.40254328141362805, 3.4086130773435386], [-0.37421273300762037, 5.0155619140489565], [-0.2577800153513158, 5.9333709243659065], [0.04989717330734083, 2.3484358986595764], [-0.47022387522397463, 3.243231356994784], [0.18991222915741623, 5.890781181177377], [-0.11049773414083552, 5.128839281896618], [0.34832981403053176, 2.7130117527704347], [-0.19871626829142156, 4.905141303882044], [-0.331758756689981, 5.782982816439185], [0.05923598439871031, 4.050399854130728], [-0.2281491511346878, 5.464089284893486], [-0.2082743238439617, 4.879555631525985], [0.20141476817666987, 4.632659524521988], [0.33210494740836427, 5.6455585691017305], [0.19656232461385917, 4.773015016110529], [-0.30542335548070476, 2.5271550523071], [0.24712096871215342, 5.864986693240518], [-0.01068553982092481, 4.86071377104521], [-0.2785602494977861, 5.132159803080541], [-0.1859645112802127, 5.956597745737948], [-0.19756644944161567, 5.530323424877062], [-0.4463029279498346, 2.3842029917822134], [-0.4329219871971674, 3.9235652723889882], [-0.034190805737656815, 3.81064631966944], [-0.03559618175013604, 5.564170677192597], [-0.08477649627376142, 4.337743557446969], [-0.21512208058086615, 5.367529362281053], [0.00646974832055819, 5.3327368515211475], [-0.1381796493000559, 5.004907474295759], [-0.28958490086744204, 5.883185447547458], [-0.37449933186418655, 4.687448805258953], [-0.2789781827184322, 5.342935830237457], [0.18930541598036554, 0.8751168109515828], [-0.41658739843750975, 4.698617552855429], [-0.031928803964578256, 1.368960395494372], [-0.4818506583743225, 4.441538781584233], [-0.5091942166871383, 4.214469525891578], [0.34098772691370116, 5.606932344167053], [0.3534840905843961, 2.994851853392629], [-0.1697090728020328, 3.5830387538353663], [0.27227658246775427, 4.855655011696931], [0.20437786158468174, 3.283406761639834], [0.14535740723747798, 4.386230880441382], [-0.20973484850787846, 3.2641941172747466], [0.30829160980756787, 3.605846789842416], [0.17079528223111534, 4.061358727172104], [-0.2744215527905432, 4.089221127643322], [-0.22002618843758426, 5.935257408150698], [0.5152778468306181, 5.211442174986339], [0.4576998813681086, 2.086854002092049], [-0.4322225818632542, 5.710368454903587], [-0.0013597060606389951, 4.273123783682465], [0.19402097831473553, 4.200940384824642], [-0.1488072260247429, 5.146518761126882], [-0.3283310854893464, 4.083123991063946], [-0.1936918392353935, 4.273271408378062], [0.4995026024030674, 5.316474883107844], [0.30930119373215187, 5.143641140323751], [0.011333715645464164, 4.74903735584921], [-0.07482637163763496, 5.250108734143202], [-0.1692299350087857, 3.8734069767889583], [0.08841433311416491, 2.5858004764973055], [0.24148679643047924, 5.210408950529344], [0.32096232804872976, 5.517513515220235], [-0.06547104433509034, 2.6887052419447754], [0.18049287573975864, 2.5886985764805264]]","[[2.3047897815704346, 4.8491926193237305, -1.5475404262542725], [-0.735512375831604, 5.071609973907471, -0.41982975602149963], [-0.781180739402771, 4.064624309539795, -0.38334643840789795], [-1.690869688987732, 4.409207820892334, -0.17856155335903168], [1.8264570236206055, 4.0445404052734375, 0.09593416750431061], [0.806373119354248, 2.1923611164093018, -0.25782671570777893], [1.4319427013397217, 5.578310966491699, -1.0808542966842651], [1.3069241046905518, 3.06561541557312, -0.8319397568702698], [-0.5038958191871643, 3.150254726409912, 0.4329964220523834], [-0.7704256176948547, 2.14143443107605, -0.08076226711273193], [-1.3475202322006226, 4.6160688400268555, 0.7044112086296082], [0.5631309151649475, 2.9999711513519287, 0.12128958851099014], [-0.6919013261795044, 5.709843635559082, -0.6784160733222961], [1.0075819492340088, 5.458253383636475, -0.9442963004112244], [-0.8343181610107422, 5.747586250305176, -0.31557759642601013], [1.8806500434875488, 5.145644664764404, -1.5253527164459229], [-0.42395034432411194, 5.697216510772705, -0.7365975975990295], [-2.764158248901367, 5.197350025177002, 0.06001332402229309], [-1.16005277633667, 5.355739593505859, -0.8161808848381042], [2.2709784507751465, 4.476779937744141, -1.177621603012085], [-1.2529512643814087, 3.0691990852355957, 0.6317134499549866], [1.6519150733947754, 4.408895492553711, -1.2341716289520264], [1.4342089891433716, 5.5105695724487305, -1.064271330833435], [-0.15580470860004425, 2.233808755874634, 0.1942511945962906], [1.311916470527649, 2.6942319869995117, -0.6828466653823853], [-1.1739826202392578, 5.660854816436768, -0.7993767261505127], [0.6671563982963562, 4.9510884284973145, 0.08018825948238373], [-0.9142951965332031, 2.4783380031585693, 0.3966814875602722], [0.9604702591896057, 4.650146961212158, -0.4360598027706146], [1.8771520853042603, 5.262132167816162, -0.6439931392669678], [-0.1251818686723709, 3.9142308235168457, 0.487517774105072], [1.155704140663147, 5.119636535644531, -0.9208241105079651], [1.0243852138519287, 4.614221096038818, -0.3322118818759918], [-0.7530555725097656, 4.44417667388916, 0.6593567728996277], [-1.8733155727386475, 5.270479202270508, -0.5131598711013794], [-0.9702979922294617, 4.599729061126709, -0.38003405928611755], [0.7296291589736938, 2.2370800971984863, 0.18609796464443207], [-1.2860043048858643, 5.646541118621826, 0.3764677941799164], [0.12379542738199234, 4.747463226318359, 0.05897322669625282], [1.2786457538604736, 4.711605072021484, -1.050066351890564], [1.2765042781829834, 5.660760879516602, 0.28941968083381653], [0.9454124569892883, 5.1928606033325195, -1.166559100151062], [0.9547919034957886, 1.9833277463912964, -0.03672834113240242], [1.6238069534301758, 3.367189884185791, -0.2100205272436142], [0.23832537233829498, 3.6462972164154053, 0.48138654232025146], [0.2728913426399231, 5.443265914916992, -0.1400608867406845], [0.2149532288312912, 4.130335807800293, -0.9113872647285461], [1.0732896327972412, 5.052921772003174, -0.8341825008392334], [-0.09902448207139969, 5.187546253204346, -0.7424336671829224], [0.8582029342651367, 4.764886379241943, 0.44744107127189636], [1.7300890684127808, 5.448585510253906, -0.3523448407649994], [1.5730301141738892, 4.140717029571533, -0.9680286645889282], [1.4634310007095337, 4.947659015655518, -0.586247444152832], [-0.3025670051574707, 0.761637806892395, 0.05829368531703949], [1.8829679489135742, 4.095810890197754, -0.4020892083644867], [-0.0657423734664917, 1.2583720684051514, 0.05360399931669235], [1.8801361322402954, 3.701002836227417, -1.0135948657989502], [1.8178768157958984, 3.4164793491363525, -1.193558692932129], [-1.8537741899490356, 5.257071495056152, -0.16569417715072632], [-0.9890633225440979, 2.737027883529663, 0.4969906806945801], [0.6224063634872437, 3.3841347694396973, 0.07435598969459534], [-1.132378101348877, 4.613344192504883, 0.6494982838630676], [-0.5776119232177734, 3.100867509841919, 0.564811110496521], [-0.7489219307899475, 4.207465648651123, -0.6649905443191528], [0.5894699692726135, 3.0493807792663574, -0.371214896440506], [-0.9895907044410706, 3.3452248573303223, 0.6578116416931152], [-0.6541420221328735, 3.9293251037597656, 0.15746080875396729], [1.016788125038147, 3.7583773136138916, -0.6241424083709717], [1.2403390407562256, 5.591884613037109, -0.9066542387008667], [-2.573761224746704, 4.538285732269287, -0.027640456333756447], [-0.9894141554832458, 1.8149076700210571, 0.20754870772361755], [2.4012160301208496, 4.959827899932861, -0.5264875888824463], [0.11874957382678986, 4.134964942932129, 0.41843512654304504], [-0.6581828594207764, 4.016554832458496, 0.644450843334198], [0.8666809797286987, 4.931448936462402, 0.09942346066236496], [1.3445065021514893, 3.680060386657715, -0.0017258523730561137], [0.7970044016838074, 4.040553092956543, -0.3839561641216278], [-2.5261294841766357, 4.67857027053833, 0.03709970787167549], [-1.3837485313415527, 4.844825267791748, 0.725816011428833], [-0.01725850999355316, 4.645467281341553, -0.0787845328450203], [0.4716223478317261, 5.105075359344482, -0.0506548136472702], [0.650888979434967, 3.676102876663208, -0.11362805217504501], [-0.29389622807502747, 2.4829893112182617, -0.016923734918236732], [-1.3201606273651123, 4.948207378387451, -0.687322735786438], [-1.651635766029358, 5.2150959968566895, 0.20126692950725555], [0.1801232248544693, 2.5401113033294678, 0.28212225437164307], [-0.6076949834823608, 2.428687334060669, -0.4173581302165985]]"
2742,-0.10069863403498058,-0.050285457408116754,-0.025174658508745146,0.07669584854191042,0.0618356771037896,0.695522322373747,0.7117181991022724,-0.09878281953222619,-0.049671752957804446,-0.024790039136109762,0.07685864006783384,0.062114249927136836,0.6956999739061982,0.7115027165864003,"[75, 95, 205, 229, 254, 345, 382, 421, 424, 429, 467, 478, 490, 494, 505, 529, 585, 606, 626, 669, 677, 693, 705, 963, 1024, 1061, 1168, 1217, 1344, 1503, 1538, 1547, 1556, 1629, 1787, 1845, 1937, 1950, 2057, 2158, 2185, 2229, 2276, 2422, 2463, 2527, 2541, 2556, 2659, 2731, 2750, 2781, 2846, 2855, 2938, 2986, 2994, 3182, 3228, 3232, 3249, 3321, 3342, 3432, 3546, 3566, 3649, 3748, 3983, 4007, 4064, 4091, 4092, 4100, 4107, 4136, 4138, 4215, 4216, 4217, 4246, 4255, 4400, 4420, 4515, 4828, 4848, 4867]","[[0.12692679540447505, 5.178146260967863], [0.1652046224459156, 4.187883753361437], [0.3513606371697545, 4.73743350309434], [-0.4043188208426994, 4.53301163105238], [-0.37286565967797747, 2.4345246225609163], [-0.27471755604189796, 5.9323936810649025], [-0.03111406290787194, 4.867389604717775], [-0.43852032862509455, 3.5201617115572557], [0.1722470828538073, 3.2605547231017553], [0.30775841974512047, 2.2932858869603394], [0.3061745392452881, 4.886930998463714], [-0.18138743428750184, 3.12830730874731], [-0.4399939002173524, 4.716141970357152], [0.1014538102378048, 5.828549136769444], [-0.2063452393485025, 5.696415146374347], [0.4852782885717812, 4.758944385118908], [0.13520206100168766, 5.854672309305146], [0.05323517937978188, 5.8024383820926095], [0.48700355721256255, 5.885042357779809], [-0.3859741434156353, 5.080399303643129], [-0.49388857031577416, 5.243964031251083], [0.4031951455055198, 3.3918829678075877], [-0.08213830193337776, 5.388564846437541], [-0.27657703124403266, 5.866190800415367], [0.06355160288548688, 2.2977762765565655], [-0.4841313968834842, 3.1612218657640243], [-0.12477777770323395, 5.064705635963735], [0.35435420455489697, 2.6900805074489345], [-0.21310001114233101, 4.841579107750907], [-0.347595700204432, 5.706871195095272], [0.11667973535699401, 5.931475015700326], [0.053961456174550976, 3.999593372009657], [-0.24451452542094698, 5.399382878252905], [-0.223753633674884, 4.812465865639778], [0.1907293171280502, 4.5949793164665556], [0.3658890015197476, 5.580270088452076], [-0.17907309896741078, 4.517427653958139], [0.32172856491330076, 5.630101355617393], [0.1876328182160648, 4.743550700631281], [-0.30259392444559935, 2.448150429810781], [0.23543066165730764, 5.834909516767307], [-0.019968199818668056, 4.8070811933620465], [-0.2922291594055594, 5.066252521983163], [0.38556401390596484, 4.230574614913703], [-0.19969283176416036, 5.888530683104863], [-0.45107189693946326, 2.297868629870646], [-0.4457583492523084, 3.838017990729916], [-0.04092898850946546, 3.7521936767493114], [-0.049913103595680665, 5.511229725531629], [-0.23041054852304893, 5.301893432712673], [-0.00711259875871941, 5.291397399353199], [-0.1519065891383874, 4.936596063155529], [-0.3052710438523867, 5.81010190878676], [-0.38948358097168356, 4.616528515220333], [-0.29718728706446573, 5.271712340625251], [0.2749429552176704, 0.8434523654817927], [0.4289609812039581, 5.8667800526971305], [-0.431203987859697, 4.617947660749855], [0.0046080652986157915, 1.3151122285418089], [-0.4975626545243049, 4.360153633962491], [0.332407067876453, 5.592319274995587], [0.35720691114079844, 2.9728333525144714], [-0.17671103482824993, 3.518063701997565], [0.26023563043336434, 4.82411351799735], [0.20372736541254538, 3.242550860469988], [-0.2156807505093931, 3.1995500456728254], [0.30806494110123084, 3.576131344481602], [0.1660370755682407, 4.0236530078554855], [-0.28634657733931873, 4.018671423388285], [-0.2375571058930708, 5.870268326903959], [0.5072671424010543, 5.210991462324226], [0.4767847081939372, 2.0797429508782086], [-0.4498568069450215, 5.628394193840074], [-0.005459881973097419, 4.219403706923197], [0.1839955186757175, 4.161165333183392], [-0.162480238156912, 5.080267882816169], [-0.34018946524583, 4.006184583198197], [-0.08084057042569238, 4.247304698607008], [-0.20661629402245243, 4.207948274857521], [0.014671722292694044, 5.881757544019295], [0.4905748048485271, 5.316315385505236], [0.30027778640763264, 5.115883881331415], [0.002010975079948909, 4.699488044162859], [-0.08945901151216057, 5.189877183504574], [-0.17883882232213194, 3.807392210412503], [0.09527671196842037, 2.543098720540909], [0.30921743724811307, 5.4949840034438955], [-0.061991051203154394, 2.6272505629489555]]","[[-0.735512375831604, 5.071609973907471, -0.41982975602149963], [-0.781180739402771, 4.064624309539795, -0.38334643840789795], [-1.690869688987732, 4.409207820892334, -0.17856155335903168], [1.8264570236206055, 4.0445404052734375, 0.09593416750431061], [0.806373119354248, 2.1923611164093018, -0.25782671570777893], [1.4319427013397217, 5.578310966491699, -1.0808542966842651], [0.30824869871139526, 4.73850679397583, 0.7172616720199585], [1.3069241046905518, 3.06561541557312, -0.8319397568702698], [-0.5038958191871643, 3.150254726409912, 0.4329964220523834], [-0.7704256176948547, 2.14143443107605, -0.08076226711273193], [-1.3475202322006226, 4.6160688400268555, 0.7044112086296082], [0.5631309151649475, 2.9999711513519287, 0.12128958851099014], [2.097599744796753, 4.09572172164917, 0.3754720985889435], [-0.6919013261795044, 5.709843635559082, -0.6784160733222961], [1.0075819492340088, 5.458253383636475, -0.9442963004112244], [-1.9834338426589966, 4.126326084136963, 1.2579008340835571], [-0.8343181610107422, 5.747586250305176, -0.31557759642601013], [-0.42395034432411194, 5.697216510772705, -0.7365975975990295], [-2.764158248901367, 5.197350025177002, 0.06001332402229309], [2.0338191986083984, 4.5210676193237305, 0.5370109677314758], [2.2709784507751465, 4.476779937744141, -1.177621603012085], [-1.2529512643814087, 3.0691990852355957, 0.6317134499549866], [0.6284419298171997, 5.218175411224365, 0.8114650249481201], [1.4342089891433716, 5.5105695724487305, -1.064271330833435], [-0.15580470860004425, 2.233808755874634, 0.1942511945962906], [1.311916470527649, 2.6942319869995117, -0.6828466653823853], [0.6671563982963562, 4.9510884284973145, 0.08018825948238373], [-0.9142951965332031, 2.4783380031585693, 0.3966814875602722], [0.9604702591896057, 4.650146961212158, -0.4360598027706146], [1.8771520853042603, 5.262132167816162, -0.6439931392669678], [-0.4432789385318756, 5.759372234344482, 1.110603928565979], [-0.1251818686723709, 3.9142308235168457, 0.487517774105072], [1.155704140663147, 5.119636535644531, -0.9208241105079651], [1.0243852138519287, 4.614221096038818, -0.3322118818759918], [-0.7530555725097656, 4.44417667388916, 0.6593567728996277], [-1.711829662322998, 5.109426975250244, 1.3582955598831177], [0.9093790054321289, 4.313949108123779, 0.5192649364471436], [-1.8733155727386475, 5.270479202270508, -0.5131598711013794], [-0.9702979922294617, 4.599729061126709, -0.38003405928611755], [0.7296291589736938, 2.2370800971984863, 0.18609796464443207], [-1.2860043048858643, 5.646541118621826, 0.3764677941799164], [0.12379542738199234, 4.747463226318359, 0.05897322669625282], [1.2786457538604736, 4.711605072021484, -1.050066351890564], [-1.3945835828781128, 3.8312363624572754, 1.0456211566925049], [1.2765042781829834, 5.660760879516602, 0.28941968083381653], [0.9547919034957886, 1.9833277463912964, -0.03672834113240242], [1.6238069534301758, 3.367189884185791, -0.2100205272436142], [0.23832537233829498, 3.6462972164154053, 0.48138654232025146], [0.2728913426399231, 5.443265914916992, -0.1400608867406845], [1.0732896327972412, 5.052921772003174, -0.8341825008392334], [-0.09902448207139969, 5.187546253204346, -0.7424336671829224], [0.8582029342651367, 4.764886379241943, 0.44744107127189636], [1.7300890684127808, 5.448585510253906, -0.3523448407649994], [1.5730301141738892, 4.140717029571533, -0.9680286645889282], [1.4634310007095337, 4.947659015655518, -0.586247444152832], [-0.3025670051574707, 0.761637806892395, 0.05829368531703949], [-2.136570453643799, 5.237593173980713, 1.4908956289291382], [1.8829679489135742, 4.095810890197754, -0.4020892083644867], [-0.0657423734664917, 1.2583720684051514, 0.05360399931669235], [1.8801361322402954, 3.701002836227417, -1.0135948657989502], [-1.8537741899490356, 5.257071495056152, -0.16569417715072632], [-0.9890633225440979, 2.737027883529663, 0.4969906806945801], [0.6224063634872437, 3.3841347694396973, 0.07435598969459534], [-1.132378101348877, 4.613344192504883, 0.6494982838630676], [-0.5776119232177734, 3.100867509841919, 0.564811110496521], [0.5894699692726135, 3.0493807792663574, -0.371214896440506], [-0.9895907044410706, 3.3452248573303223, 0.6578116416931152], [-0.6541420221328735, 3.9293251037597656, 0.15746080875396729], [1.016788125038147, 3.7583773136138916, -0.6241424083709717], [1.2403390407562256, 5.591884613037109, -0.9066542387008667], [-2.573761224746704, 4.538285732269287, -0.027640456333756447], [-0.9894141554832458, 1.8149076700210571, 0.20754870772361755], [2.4012160301208496, 4.959827899932861, -0.5264875888824463], [0.11874957382678986, 4.134964942932129, 0.41843512654304504], [-0.6581828594207764, 4.016554832458496, 0.644450843334198], [0.8666809797286987, 4.931448936462402, 0.09942346066236496], [1.3445065021514893, 3.680060386657715, -0.0017258523730561137], [0.4667784869670868, 4.105175495147705, 0.6162322163581848], [0.7970044016838074, 4.040553092956543, -0.3839561641216278], [0.15165023505687714, 5.721107006072998, 1.0655454397201538], [-2.5261294841766357, 4.67857027053833, 0.03709970787167549], [-1.3837485313415527, 4.844825267791748, 0.725816011428833], [-0.01725850999355316, 4.645467281341553, -0.0787845328450203], [0.4716223478317261, 5.105075359344482, -0.0506548136472702], [0.650888979434967, 3.676102876663208, -0.11362805217504501], [-0.29389622807502747, 2.4829893112182617, -0.016923734918236732], [-1.651635766029358, 5.2150959968566895, 0.20126692950725555], [0.1801232248544693, 2.5401113033294678, 0.28212225437164307]]"
2744,-0.010741177082651248,-0.00537051108823027,-0.002685294270662812,0.07893086073994054,0.045755284091824944,0.7046751622547214,0.7036400279274982,-0.010597792622875446,-0.005396875765016803,-0.0015975240544627177,0.07920244669382806,0.045770902577970805,0.7040276957388799,0.7042563457630412,"[75, 95, 205, 229, 254, 286, 382, 424, 429, 467, 478, 490, 522, 529, 565, 584, 585, 625, 626, 669, 693, 705, 1024, 1168, 1217, 1344, 1503, 1538, 1547, 1629, 1787, 1845, 1896, 1937, 2057, 2158, 2185, 2229, 2422, 2463, 2527, 2541, 2556, 2659, 2731, 2781, 2846, 2938, 2986, 2994, 3182, 3228, 3249, 3321, 3342, 3432, 3478, 3506, 3546, 3566, 3649, 3748, 3983, 4007, 4064, 4091, 4092, 4100, 4107, 4136, 4138, 4215, 4216, 4217, 4246, 4255, 4400, 4420, 4515, 4828, 4848, 4867]","[[0.1218334435350668, 5.1448515818815], [0.16473294385930184, 4.158965907021218], [0.34762570898569123, 4.72787078599502], [-0.41885298856563596, 4.449229591669546], [-0.37553122909142583, 2.358696310281823], [-0.38733372340016814, 5.864040260558097], [-0.04577289585466961, 4.808606574977754], [0.17119855893904773, 3.2226328464801517], [0.32361037921633634, 2.279034937194385], [0.2951904495403983, 4.862886412207417], [-0.18172620661387112, 3.061158713191146], [-0.46226030515431177, 4.6255357424146], [-0.24161258953213233, 5.400025249264159], [0.47325683634749205, 4.74969486839689], [0.3978857163760293, 4.567750732608303], [-0.32632751717626846, 5.461089937510173], [0.12511402440099875, 5.81961726429922], [-0.2501489603691009, 3.6624287053863416], [0.47803032833835063, 5.886950669448509], [-0.4027763334637409, 4.99596569037069], [0.4034590385940065, 3.3767927448448734], [-0.09942294228086707, 5.32433990918371], [0.07177804105806129, 2.2531203337209824], [-0.1370335857341366, 5.002115068920614], [0.36317102657149175, 2.6718758062720296], [-0.22422805124436448, 4.777149573106291], [-0.36369908745057733, 5.6307906861770896], [0.10137941068101392, 5.887260466722073], [0.04427069408206987, 3.951516343656098], [-0.23555720409137926, 4.74618691141716], [0.18193786701902764, 4.560773377208139], [0.3489828789179293, 5.5600160978023005], [-0.39572112690034855, 5.947627884308], [-0.19077612091993112, 4.447691020681781], [0.18331663194004622, 4.718124015222747], [-0.304804980438582, 2.3699377025192336], [0.2237017374462884, 5.8052457310269014], [-0.030606968365898404, 4.753780030722309], [0.3753562929910711, 4.211618509762532], [-0.21522157826848892, 5.8179934771083435], [-0.45099226681028765, 2.2109240157239123], [-0.4598225546552993, 3.7549814074294785], [-0.04920507533823821, 3.692735631947954], [-0.061402092876501335, 5.457730869162514], [-0.24402737168862576, 5.240122091394967], [-0.16506049830345093, 4.869585627983876], [-0.3196040051596013, 5.737763810541972], [-0.3114106793676629, 5.201351227019664], [0.36604595157050906, 0.8246733566356413], [0.41525781857140664, 5.85089643393244], [-0.4456494175724696, 4.534853555109812], [0.04427865632533401, 1.2666087854284904], [0.3226198658194081, 5.578690636685763], [0.3574271361487161, 2.9543240860611655], [-0.18314831308531507, 3.4503058341678368], [0.25075371451162404, 4.797429182869973], [0.07659127011642404, 3.1471557233267666], [-0.4243583461036939, 4.2263213174041185], [0.20172010423942, 3.2091167903810103], [-0.21781415808044927, 3.1348366752028682], [0.3044253738593888, 3.5545057703575074], [0.16136141753560254, 3.9897417447809307], [-0.29775223093791375, 3.951454503844944], [-0.2502453930322111, 5.804657975638696], [0.5042426661624645, 5.217262250237936], [0.49672911229795047, 2.0772678786864147], [-0.46688116358287535, 5.545124592409997], [-0.017918436496200833, 4.16460937617935], [0.18009261947776586, 4.124390581624474], [-0.1763231288019932, 5.015066397120535], [-0.3532605478677951, 3.927093280404004], [-0.09313573819437772, 4.184103039893383], [-0.21607610020011342, 4.144484460371852], [-0.0013713996435126725, 5.8279369212434], [0.4844283266602805, 5.317170604739028], [0.2886824552997511, 5.092454184084689], [-0.006802613900344659, 4.6520031225855405], [-0.09919779413474028, 5.134718395975272], [-0.18695752411553543, 3.7432598584544943], [0.10566998863613411, 2.5046153739320927], [0.3000051127987211, 5.477118638267825], [-0.05919812499102035, 2.568603834011572]]","[[-0.735512375831604, 5.071609973907471, -0.41982975602149963], [-0.781180739402771, 4.064624309539795, -0.38334643840789795], [-1.690869688987732, 4.409207820892334, -0.17856155335903168], [1.8264570236206055, 4.0445404052734375, 0.09593416750431061], [0.806373119354248, 2.1923611164093018, -0.25782671570777893], [2.3258464336395264, 5.314465522766113, 0.7844532132148743], [0.30824869871139526, 4.73850679397583, 0.7172616720199585], [-0.5038958191871643, 3.150254726409912, 0.4329964220523834], [-0.7704256176948547, 2.14143443107605, -0.08076226711273193], [-1.3475202322006226, 4.6160688400268555, 0.7044112086296082], [0.5631309151649475, 2.9999711513519287, 0.12128958851099014], [2.097599744796753, 4.09572172164917, 0.3754720985889435], [1.4013367891311646, 5.146660327911377, 0.7831169962882996], [-1.9834338426589966, 4.126326084136963, 1.2579008340835571], [-1.5779470205307007, 4.093191146850586, 1.2656919956207275], [1.8719948530197144, 5.052525520324707, 0.8349053263664246], [-0.8343181610107422, 5.747586250305176, -0.31557759642601013], [0.9735420346260071, 3.477978229522705, 0.5639318823814392], [-2.764158248901367, 5.197350025177002, 0.06001332402229309], [2.0338191986083984, 4.5210676193237305, 0.5370109677314758], [-1.2529512643814087, 3.0691990852355957, 0.6317134499549866], [0.6284419298171997, 5.218175411224365, 0.8114650249481201], [-0.15580470860004425, 2.233808755874634, 0.1942511945962906], [0.6671563982963562, 4.9510884284973145, 0.08018825948238373], [-0.9142951965332031, 2.4783380031585693, 0.3966814875602722], [0.9604702591896057, 4.650146961212158, -0.4360598027706146], [1.8771520853042603, 5.262132167816162, -0.6439931392669678], [-0.4432789385318756, 5.759372234344482, 1.110603928565979], [-0.1251818686723709, 3.9142308235168457, 0.487517774105072], [1.0243852138519287, 4.614221096038818, -0.3322118818759918], [-0.7530555725097656, 4.44417667388916, 0.6593567728996277], [-1.711829662322998, 5.109426975250244, 1.3582955598831177], [2.2696025371551514, 5.486732482910156, -0.12071239203214645], [0.9093790054321289, 4.313949108123779, 0.5192649364471436], [-0.9702979922294617, 4.599729061126709, -0.38003405928611755], [0.7296291589736938, 2.2370800971984863, 0.18609796464443207], [-1.2860043048858643, 5.646541118621826, 0.3764677941799164], [0.12379542738199234, 4.747463226318359, 0.05897322669625282], [-1.3945835828781128, 3.8312363624572754, 1.0456211566925049], [1.2765042781829834, 5.660760879516602, 0.28941968083381653], [0.9547919034957886, 1.9833277463912964, -0.03672834113240242], [1.6238069534301758, 3.367189884185791, -0.2100205272436142], [0.23832537233829498, 3.6462972164154053, 0.48138654232025146], [0.2728913426399231, 5.443265914916992, -0.1400608867406845], [1.0732896327972412, 5.052921772003174, -0.8341825008392334], [0.8582029342651367, 4.764886379241943, 0.44744107127189636], [1.7300890684127808, 5.448585510253906, -0.3523448407649994], [1.4634310007095337, 4.947659015655518, -0.586247444152832], [-0.3025670051574707, 0.761637806892395, 0.05829368531703949], [-2.136570453643799, 5.237593173980713, 1.4908956289291382], [1.8829679489135742, 4.095810890197754, -0.4020892083644867], [-0.0657423734664917, 1.2583720684051514, 0.05360399931669235], [-1.8537741899490356, 5.257071495056152, -0.16569417715072632], [-0.9890633225440979, 2.737027883529663, 0.4969906806945801], [0.6224063634872437, 3.3841347694396973, 0.07435598969459534], [-1.132378101348877, 4.613344192504883, 0.6494982838630676], [-0.14224176108837128, 3.0581369400024414, 0.7034266591072083], [1.798193335533142, 3.787522315979004, 0.46751636266708374], [-0.5776119232177734, 3.100867509841919, 0.564811110496521], [0.5894699692726135, 3.0493807792663574, -0.371214896440506], [-0.9895907044410706, 3.3452248573303223, 0.6578116416931152], [-0.6541420221328735, 3.9293251037597656, 0.15746080875396729], [1.016788125038147, 3.7583773136138916, -0.6241424083709717], [1.2403390407562256, 5.591884613037109, -0.9066542387008667], [-2.573761224746704, 4.538285732269287, -0.027640456333756447], [-0.9894141554832458, 1.8149076700210571, 0.20754870772361755], [2.4012160301208496, 4.959827899932861, -0.5264875888824463], [0.11874957382678986, 4.134964942932129, 0.41843512654304504], [-0.6581828594207764, 4.016554832458496, 0.644450843334198], [0.8666809797286987, 4.931448936462402, 0.09942346066236496], [1.3445065021514893, 3.680060386657715, -0.0017258523730561137], [0.4667784869670868, 4.105175495147705, 0.6162322163581848], [0.7970044016838074, 4.040553092956543, -0.3839561641216278], [0.15165023505687714, 5.721107006072998, 1.0655454397201538], [-2.5261294841766357, 4.67857027053833, 0.03709970787167549], [-1.3837485313415527, 4.844825267791748, 0.725816011428833], [-0.01725850999355316, 4.645467281341553, -0.0787845328450203], [0.4716223478317261, 5.105075359344482, -0.0506548136472702], [0.650888979434967, 3.676102876663208, -0.11362805217504501], [-0.29389622807502747, 2.4829893112182617, -0.016923734918236732], [-1.651635766029358, 5.2150959968566895, 0.20126692950725555], [0.1801232248544693, 2.5401113033294678, 0.28212225437164307]]"
2746,0.0912271071634225,0.04556607717931666,0.022806776790855625,0.07348244494693439,0.022644237291588595,0.7148340371642354,0.6950538598652507,0.0914118208882993,0.04434187033296193,0.02138340311652357,0.07317343517366859,0.022727836353455332,0.7150018848232705,0.6949110723961348,"[196, 205, 229, 254, 286, 382, 424, 429, 467, 478, 490, 522, 529, 565, 584, 585, 625, 626, 669, 693, 705, 1024, 1168, 1195, 1217, 1235, 1344, 1503, 1538, 1547, 1585, 1629, 1787, 1845, 1896, 1937, 2128, 2158, 2185, 2229, 2368, 2422, 2463, 2527, 2541, 2556, 2617, 2659, 2781, 2840, 2846, 2938, 2986, 2994, 3127, 3182, 3224, 3228, 3249, 3321, 3332, 3342, 3432, 3478, 3504, 3506, 3513, 3546, 3566, 3649, 3735, 3748, 4064, 4091, 4092, 4100, 4107, 4136, 4138, 4215, 4216, 4217, 4246, 4255, 4400, 4420, 4515, 4703, 4828, 4848, 4854, 4867]","[[-0.4710823128906478, 5.435772401947399], [0.3494922497243854, 4.71784879637966], [-0.4348009769111252, 4.366244561118894], [-0.36866087471054326, 2.2844451437020123], [-0.4093092948304261, 5.780313714933783], [-0.05764304528787924, 4.752902570274473], [0.1728678342184651, 3.189139801182303], [0.3498309424619294, 2.2672209678768462], [0.2872001215230078, 4.840511295675273], [-0.18490921478270458, 2.9974761784956137], [-0.47428949736920417, 4.539999535143292], [-0.2589339141635426, 5.324619268979493], [0.46114840541894075, 4.740594805597831], [0.3862231670543549, 4.55512046066567], [-0.3471562104126697, 5.380614187906948], [0.1204847350356307, 5.789633849293276], [-0.2583820844715614, 3.590170094203367], [0.47386468060618014, 5.890855954970537], [-0.4217903746301734, 4.911387517134773], [0.4016117201482759, 3.3637020132876443], [-0.11328476247054658, 5.261095502369485], [0.08728390937233933, 2.2117054810918715], [-0.14758116290733858, 4.943175940517644], [-0.2878899539222683, 5.5429035183902515], [0.37251266142687534, 2.6594949825378134], [0.3323790535249012, 5.430342268369569], [-0.2314025806501588, 4.711976594426879], [-0.3776723931121952, 5.559451109696393], [0.08530121221947216, 5.843010674299951], [0.040243724641668165, 3.9036210444721067], [-0.02680503652062091, 5.974073656474471], [-0.2423565848929724, 4.679652159607429], [0.17280692585052485, 4.526080260999584], [0.3365172016049341, 5.542309821539236], [-0.41134649976626525, 5.866601153600885], [-0.20366449873451622, 4.377522934517853], [0.009249603277324913, 3.905656962861422], [-0.3015926342839895, 2.292494271482648], [0.21485091612606544, 5.777925208752768], [-0.03807791905214503, 4.701963338677532], [-0.14837408013344874, 2.2565942414478215], [0.3647978601490455, 4.192605664102891], [-0.23083629351706647, 5.749986236797], [-0.4530601981092966, 2.128530111669137], [-0.4716545148948307, 3.669872259127706], [-0.056594863459563015, 3.636937947952932], [-0.23234574046620446, 3.716171192425727], [-0.07159363813154265, 5.406564560927427], [-0.17849240338853523, 4.804251774685912], [0.15489875727560062, 5.6736941247244665], [-0.3349164645210709, 5.661104120842034], [-0.32131565433852505, 5.1316441084928375], [0.4656536940667967, 0.8184770832104968], [0.39905190826595377, 5.837959203349866], [-0.29873461889096153, 2.8623743330522453], [-0.4575884343630574, 4.454369948678747], [-0.36893761769561095, 4.7624125984720465], [0.09484012121695204, 1.2276236847109931], [0.319371864456301, 5.565207588661161], [0.3641141963282343, 2.938810122325378], [-0.4793818159544487, 5.926701524099953], [-0.1863288210393934, 3.3835678033150476], [0.24242734826630227, 4.771582074108186], [0.07477252298015466, 3.100379110529252], [-0.394839998336888, 5.587226999196531], [-0.4386584228587897, 4.141675933671692], [0.035012776570536044, 3.996189749025], [0.20248363076068912, 3.1774216882057122], [-0.21575652956815747, 3.07326798889347], [0.30190513296932053, 3.5317320341894214], [-0.27337170511151077, 2.59675841065577], [0.16136783076193953, 3.9576271903494455], [0.49988584892927845, 5.22261411849508], [0.5204966558433443, 2.0797974844318636], [-0.4833523677832808, 5.4651215303083225], [-0.02522078283629136, 4.110787527478283], [0.1710066731898232, 4.089650662887406], [-0.1862004181395383, 4.950825998237191], [-0.3623430478375546, 3.8489771699159747], [-0.10222294120115716, 4.123399150984646], [-0.21973047773421867, 4.0792320031583715], [-0.01633848501088441, 5.774226648348278], [0.480736812093887, 5.321265814481215], [0.28055240990645325, 5.071367912219668], [-0.010588245801168496, 4.605160711801633], [-0.10752758107494159, 5.0786479918524465], [-0.19065960358195652, 3.6801550140331476], [-0.17353932635616884, 4.7733983842454535], [0.12087838468673823, 2.4695088005859454], [0.2936853443253381, 5.46035413201509], [-0.41530838122462965, 5.973353425529474], [-0.05554051621899326, 2.51269096463312]]","[[2.5086491107940674, 4.8439741134643555, 0.810574471950531], [-1.690869688987732, 4.409207820892334, -0.17856155335903168], [1.8264570236206055, 4.0445404052734375, 0.09593416750431061], [0.806373119354248, 2.1923611164093018, -0.25782671570777893], [2.3258464336395264, 5.314465522766113, 0.7844532132148743], [0.30824869871139526, 4.73850679397583, 0.7172616720199585], [-0.5038958191871643, 3.150254726409912, 0.4329964220523834], [-0.7704256176948547, 2.14143443107605, -0.08076226711273193], [-1.3475202322006226, 4.6160688400268555, 0.7044112086296082], [0.5631309151649475, 2.9999711513519287, 0.12128958851099014], [2.097599744796753, 4.09572172164917, 0.3754720985889435], [1.4013367891311646, 5.146660327911377, 0.7831169962882996], [-1.9834338426589966, 4.126326084136963, 1.2579008340835571], [-1.5779470205307007, 4.093191146850586, 1.2656919956207275], [1.8719948530197144, 5.052525520324707, 0.8349053263664246], [-0.8343181610107422, 5.747586250305176, -0.31557759642601013], [0.9735420346260071, 3.477978229522705, 0.5639318823814392], [-2.764158248901367, 5.197350025177002, 0.06001332402229309], [2.0338191986083984, 4.5210676193237305, 0.5370109677314758], [-1.2529512643814087, 3.0691990852355957, 0.6317134499549866], [0.6284419298171997, 5.218175411224365, 0.8114650249481201], [-0.15580470860004425, 2.233808755874634, 0.1942511945962906], [0.6671563982963562, 4.9510884284973145, 0.08018825948238373], [1.6244605779647827, 5.264101505279541, 1.0627230405807495], [-0.9142951965332031, 2.4783380031585693, 0.3966814875602722], [-1.6150442361831665, 4.971423625946045, 1.5383867025375366], [0.9604702591896057, 4.650146961212158, -0.4360598027706146], [1.8771520853042603, 5.262132167816162, -0.6439931392669678], [-0.4432789385318756, 5.759372234344482, 1.110603928565979], [-0.1251818686723709, 3.9142308235168457, 0.487517774105072], [0.14096054434776306, 5.985050201416016, 0.6319344639778137], [1.0243852138519287, 4.614221096038818, -0.3322118818759918], [-0.7530555725097656, 4.44417667388916, 0.6593567728996277], [-1.711829662322998, 5.109426975250244, 1.3582955598831177], [2.2696025371551514, 5.486732482910156, -0.12071239203214645], [0.9093790054321289, 4.313949108123779, 0.5192649364471436], [0.0504140630364418, 3.844172477722168, 0.9141488671302795], [0.7296291589736938, 2.2370800971984863, 0.18609796464443207], [-1.2860043048858643, 5.646541118621826, 0.3764677941799164], [0.12379542738199234, 4.747463226318359, 0.05897322669625282], [0.4132384955883026, 2.2306692600250244, 0.46351492404937744], [-1.3945835828781128, 3.8312363624572754, 1.0456211566925049], [1.2765042781829834, 5.660760879516602, 0.28941968083381653], [0.9547919034957886, 1.9833277463912964, -0.03672834113240242], [1.6238069534301758, 3.367189884185791, -0.2100205272436142], [0.23832537233829498, 3.6462972164154053, 0.48138654232025146], [0.9247138500213623, 3.581916570663452, 0.7817375659942627], [0.2728913426399231, 5.443265914916992, -0.1400608867406845], [0.8582029342651367, 4.764886379241943, 0.44744107127189636], [-0.7632195353507996, 5.471410274505615, 1.4391610622406006], [1.7300890684127808, 5.448585510253906, -0.3523448407649994], [1.4634310007095337, 4.947659015655518, -0.586247444152832], [-0.3025670051574707, 0.761637806892395, 0.05829368531703949], [-2.136570453643799, 5.237593173980713, 1.4908956289291382], [0.9084689617156982, 2.7410616874694824, 0.50437331199646], [1.8829679489135742, 4.095810890197754, -0.4020892083644867], [1.7741444110870361, 4.417745590209961, 0.8527701497077942], [-0.0657423734664917, 1.2583720684051514, 0.05360399931669235], [-1.8537741899490356, 5.257071495056152, -0.16569417715072632], [-0.9890633225440979, 2.737027883529663, 0.4969906806945801], [2.5028815269470215, 5.359457969665527, -0.9903854727745056], [0.6224063634872437, 3.3841347694396973, 0.07435598969459534], [-1.132378101348877, 4.613344192504883, 0.6494982838630676], [-0.14224176108837128, 3.0581369400024414, 0.7034266591072083], [2.1972551345825195, 5.119368076324463, 1.0068522691726685], [1.798193335533142, 3.787522315979004, 0.46751636266708374], [-0.05047990381717682, 3.9298436641693115, 0.9450393319129944], [-0.5776119232177734, 3.100867509841919, 0.564811110496521], [0.5894699692726135, 3.0493807792663574, -0.371214896440506], [-0.9895907044410706, 3.3452248573303223, 0.6578116416931152], [0.7728717923164368, 2.505786895751953, 0.4832989275455475], [-0.6541420221328735, 3.9293251037597656, 0.15746080875396729], [-2.573761224746704, 4.538285732269287, -0.027640456333756447], [-0.9894141554832458, 1.8149076700210571, 0.20754870772361755], [2.4012160301208496, 4.959827899932861, -0.5264875888824463], [0.11874957382678986, 4.134964942932129, 0.41843512654304504], [-0.6581828594207764, 4.016554832458496, 0.644450843334198], [0.8666809797286987, 4.931448936462402, 0.09942346066236496], [1.3445065021514893, 3.680060386657715, -0.0017258523730561137], [0.4667784869670868, 4.105175495147705, 0.6162322163581848], [0.7970044016838074, 4.040553092956543, -0.3839561641216278], [0.15165023505687714, 5.721107006072998, 1.0655454397201538], [-2.5261294841766357, 4.67857027053833, 0.03709970787167549], [-1.3837485313415527, 4.844825267791748, 0.725816011428833], [-0.01725850999355316, 4.645467281341553, -0.0787845328450203], [0.4716223478317261, 5.105075359344482, -0.0506548136472702], [0.650888979434967, 3.676102876663208, -0.11362805217504501], [0.8937721848487854, 4.650120735168457, 0.9672383666038513], [-0.29389622807502747, 2.4829893112182617, -0.016923734918236732], [-1.651635766029358, 5.2150959968566895, 0.20126692950725555], [2.3035244941711426, 5.582573413848877, -0.2522464692592621], [0.1801232248544693, 2.5401113033294678, 0.28212225437164307]]"
2748,0.18101073940819892,0.09013393272413533,0.04525268485204973,0.06219354942604791,-0.00019364358453127553,0.7232073243180779,0.6878248984768133,0.18081849468301545,0.08899618396128754,0.045931231889427215,0.06263542689716563,-0.00027956460953732377,0.7239803687470384,0.6869709970660635,"[196, 205, 229, 239, 242, 286, 382, 424, 429, 467, 478, 490, 522, 529, 565, 584, 585, 625, 626, 669, 693, 705, 1024, 1168, 1195, 1217, 1235, 1344, 1538, 1547, 1585, 1629, 1787, 1845, 1858, 1896, 1937, 2089, 2128, 2158, 2185, 2229, 2299, 2368, 2422, 2463, 2527, 2541, 2556, 2572, 2617, 2659, 2781, 2840, 2846, 2994, 3127, 3182, 3224, 3228, 3249, 3321, 3342, 3432, 3478, 3504, 3506, 3513, 3516, 3546, 3649, 3735, 3748, 4064, 4067, 4092, 4100, 4107, 4136, 4138, 4215, 4217, 4246, 4255, 4400, 4420, 4515, 4526, 4625, 4703, 4828, 4848, 4854, 4867]","[[-0.4919074998442296, 5.347297803234126], [0.35332446169196324, 4.713731528984843], [-0.4450897779301916, 4.284339030456988], [-0.3741031561726097, 4.3476456064833], [-0.28046879449967077, 2.3607030082185183], [-0.42971775820916275, 5.695988101266251], [-0.06941142031329872, 4.69897995975447], [0.17481989646738375, 3.158982212312208], [0.3803812549167731, 2.2650268921381356], [0.2811438573466423, 4.821536876402594], [-0.18065159975911024, 2.93581929515311], [-0.49087767152631484, 4.451756862264894], [-0.27364160711267616, 5.252663446037423], [0.4498406702499025, 4.7365382408878665], [0.3732127661529136, 4.538444966787907], [-0.3643463721705588, 5.301704775444687], [0.11919990403844281, 5.759063142576056], [-0.2689335632873573, 3.5181383550246035], [0.47087138907774484, 5.893993176555962], [-0.4373748803523314, 4.8285366217937025], [0.40333751567568704, 3.355912216084599], [-0.12614281312391565, 5.205765710340183], [0.10775793789438423, 2.174860956917961], [-0.15240687733879293, 4.8837134097596575], [-0.3052827725672312, 5.467279002158305], [0.3826453555361351, 2.650124182098729], [0.3150144632777414, 5.411668291775034], [-0.23410347965013548, 4.650335093922999], [0.07272046331540792, 5.801173827246297], [0.034890458215809564, 3.8619692403776877], [-0.03887624258934343, 5.922728823077937], [-0.2464205808871941, 4.617288605763589], [0.16709366606607975, 4.493136870855678], [0.3212604972824597, 5.521727331900585], [-0.3720808031834294, 5.9528858508235345], [-0.42672717731667625, 5.788036376930428], [-0.21264962522485256, 4.314046793622184], [-0.2155402983427155, 1.039693793148653], [0.00027550852467140435, 3.855933956720498], [-0.29776703579608815, 2.2186264735760246], [0.2079315895168647, 5.757650086324833], [-0.04414967931300852, 4.6582902009946805], [-0.22993179144169792, 5.953191896106398], [-0.14381110652204893, 2.1950460871395796], [0.35796663541428353, 4.181253194211749], [-0.2460806390620658, 5.682439357617744], [-0.44481086595369446, 2.0459042721701057], [-0.474423913964894, 3.5895582624768343], [-0.06076661928495001, 3.5841550181323587], [-0.34295951508579847, 3.6989168388890095], [-0.24190225307559524, 3.645702485641304], [-0.07488874544216739, 5.357238817009322], [-0.188770092993747, 4.74221559604892], [0.13787538207398164, 5.638227453592867], [-0.34113349733157655, 5.593302103703284], [0.38213406477174194, 5.82742738273028], [-0.3030091477340264, 2.788853479187908], [-0.46717978072074107, 4.373525914785589], [-0.3867374782294141, 4.6791833161427645], [0.15570198817405484, 1.1922111621560738], [0.3185363973263332, 5.557793162920883], [0.36937702049763615, 2.928826388733633], [-0.18642084031387116, 3.324681799334123], [0.23691353483193822, 4.748149410646511], [0.07266947278412125, 3.0561452105509157], [-0.41433850389580257, 5.501967921045208], [-0.4505718992340704, 4.056981038625005], [0.02584256932511863, 3.9511409772565225], [0.040867544648170155, 3.9743610602453185], [0.20520090444844435, 3.148659682549207], [0.3014390846623142, 3.5120818467290027], [-0.27538734898187056, 2.524474441795343], [0.1614531474913326, 3.9319101261370717], [0.5024193274321189, 5.233106292069154], [0.0484671280367261, 5.9943223503358265], [-0.49310892745655216, 5.382215441826746], [-0.032432327608752434, 4.061110336097732], [0.16646420058340403, 4.0589469954622075], [-0.1946235779905517, 4.889333108023908], [-0.3689906636336514, 3.7737881509943567], [-0.11167677749813905, 4.06591296651188], [-0.033365781640997405, 5.721395008562285], [0.48072769429628387, 5.327790441125899], [0.27280443807482846, 5.05043393497385], [-0.013552350152414875, 4.5616035116974585], [-0.11295699784231271, 5.0242966849908175], [-0.1883013877996033, 3.6216928163788285], [-0.09915498798192479, 5.607670239581081], [0.00385241685001561, 4.355837722707084], [-0.19104594014514914, 4.706454293029588], [0.13898788798824602, 2.4410940348212007], [0.29233677802753605, 5.446320952004465], [-0.427605165287597, 5.895578250839453], [-0.044275329923969355, 2.4616068412051044]]","[[2.5086491107940674, 4.8439741134643555, 0.810574471950531], [-1.690869688987732, 4.409207820892334, -0.17856155335903168], [1.8264570236206055, 4.0445404052734375, 0.09593416750431061], [1.6176284551620483, 4.096442222595215, 0.938147783279419], [0.7538830041885376, 2.314903974533081, 0.5854530334472656], [2.3258464336395264, 5.314465522766113, 0.7844532132148743], [0.30824869871139526, 4.73850679397583, 0.7172616720199585], [-0.5038958191871643, 3.150254726409912, 0.4329964220523834], [-0.7704256176948547, 2.14143443107605, -0.08076226711273193], [-1.3475202322006226, 4.6160688400268555, 0.7044112086296082], [0.5631309151649475, 2.9999711513519287, 0.12128958851099014], [2.097599744796753, 4.09572172164917, 0.3754720985889435], [1.4013367891311646, 5.146660327911377, 0.7831169962882996], [-1.9834338426589966, 4.126326084136963, 1.2579008340835571], [-1.5779470205307007, 4.093191146850586, 1.2656919956207275], [1.8719948530197144, 5.052525520324707, 0.8349053263664246], [-0.8343181610107422, 5.747586250305176, -0.31557759642601013], [0.9735420346260071, 3.477978229522705, 0.5639318823814392], [-2.764158248901367, 5.197350025177002, 0.06001332402229309], [2.0338191986083984, 4.5210676193237305, 0.5370109677314758], [-1.2529512643814087, 3.0691990852355957, 0.6317134499549866], [0.6284419298171997, 5.218175411224365, 0.8114650249481201], [-0.15580470860004425, 2.233808755874634, 0.1942511945962906], [0.6671563982963562, 4.9510884284973145, 0.08018825948238373], [1.6244605779647827, 5.264101505279541, 1.0627230405807495], [-0.9142951965332031, 2.4783380031585693, 0.3966814875602722], [-1.6150442361831665, 4.971423625946045, 1.5383867025375366], [0.9604702591896057, 4.650146961212158, -0.4360598027706146], [-0.4432789385318756, 5.759372234344482, 1.110603928565979], [-0.1251818686723709, 3.9142308235168457, 0.487517774105072], [0.14096054434776306, 5.985050201416016, 0.6319344639778137], [1.0243852138519287, 4.614221096038818, -0.3322118818759918], [-0.7530555725097656, 4.44417667388916, 0.6593567728996277], [-1.711829662322998, 5.109426975250244, 1.3582955598831177], [2.0866427421569824, 5.712187767028809, 0.48485708236694336], [2.2696025371551514, 5.486732482910156, -0.12071239203214645], [0.9093790054321289, 4.313949108123779, 0.5192649364471436], [0.36733919382095337, 1.086186408996582, 0.2718144357204437], [0.0504140630364418, 3.844172477722168, 0.9141488671302795], [0.7296291589736938, 2.2370800971984863, 0.18609796464443207], [-1.2860043048858643, 5.646541118621826, 0.3764677941799164], [0.12379542738199234, 4.747463226318359, 0.05897322669625282], [1.321882724761963, 5.829773902893066, 1.13059663772583], [0.4132384955883026, 2.2306692600250244, 0.46351492404937744], [-1.3945835828781128, 3.8312363624572754, 1.0456211566925049], [1.2765042781829834, 5.660760879516602, 0.28941968083381653], [0.9547919034957886, 1.9833277463912964, -0.03672834113240242], [1.6238069534301758, 3.367189884185791, -0.2100205272436142], [0.23832537233829498, 3.6462972164154053, 0.48138654232025146], [1.2931238412857056, 3.53771710395813, 0.7972477078437805], [0.9247138500213623, 3.581916570663452, 0.7817375659942627], [0.2728913426399231, 5.443265914916992, -0.1400608867406845], [0.8582029342651367, 4.764886379241943, 0.44744107127189636], [-0.7632195353507996, 5.471410274505615, 1.4391610622406006], [1.7300890684127808, 5.448585510253906, -0.3523448407649994], [-2.136570453643799, 5.237593173980713, 1.4908956289291382], [0.9084689617156982, 2.7410616874694824, 0.50437331199646], [1.8829679489135742, 4.095810890197754, -0.4020892083644867], [1.7741444110870361, 4.417745590209961, 0.8527701497077942], [-0.0657423734664917, 1.2583720684051514, 0.05360399931669235], [-1.8537741899490356, 5.257071495056152, -0.16569417715072632], [-0.9890633225440979, 2.737027883529663, 0.4969906806945801], [0.6224063634872437, 3.3841347694396973, 0.07435598969459534], [-1.132378101348877, 4.613344192504883, 0.6494982838630676], [-0.14224176108837128, 3.0581369400024414, 0.7034266591072083], [2.1972551345825195, 5.119368076324463, 1.0068522691726685], [1.798193335533142, 3.787522315979004, 0.46751636266708374], [-0.05047990381717682, 3.9298436641693115, 0.9450393319129944], [-0.09190124273300171, 3.927936315536499, 1.0433226823806763], [-0.5776119232177734, 3.100867509841919, 0.564811110496521], [-0.9895907044410706, 3.3452248573303223, 0.6578116416931152], [0.7728717923164368, 2.505786895751953, 0.4832989275455475], [-0.6541420221328735, 3.9293251037597656, 0.15746080875396729], [-2.573761224746704, 4.538285732269287, -0.027640456333756447], [-0.3445555865764618, 5.978813171386719, 1.0294865369796753], [2.4012160301208496, 4.959827899932861, -0.5264875888824463], [0.11874957382678986, 4.134964942932129, 0.41843512654304504], [-0.6581828594207764, 4.016554832458496, 0.644450843334198], [0.8666809797286987, 4.931448936462402, 0.09942346066236496], [1.3445065021514893, 3.680060386657715, -0.0017258523730561137], [0.4667784869670868, 4.105175495147705, 0.6162322163581848], [0.15165023505687714, 5.721107006072998, 1.0655454397201538], [-2.5261294841766357, 4.67857027053833, 0.03709970787167549], [-1.3837485313415527, 4.844825267791748, 0.725816011428833], [-0.01725850999355316, 4.645467281341553, -0.0787845328450203], [0.4716223478317261, 5.105075359344482, -0.0506548136472702], [0.650888979434967, 3.676102876663208, -0.11362805217504501], [0.5564438700675964, 5.532858371734619, 1.3360780477523804], [0.036594752222299576, 4.307314872741699, 1.1208006143569946], [0.8937721848487854, 4.650120735168457, 0.9672383666038513], [-0.29389622807502747, 2.4829893112182617, -0.016923734918236732], [-1.651635766029358, 5.2150959968566895, 0.20126692950725555], [2.3035244941711426, 5.582573413848877, -0.2522464692592621], [0.1801232248544693, 2.5401113033294678, 0.28212225437164307]]"
2750,0.2763715594687808,0.13686007039114118,0.0690928898671952,0.04465078265169844,-0.024828177385796478,0.7313597851095728,0.6800755354670316,0.2764805029361881,0.136625706128732,0.06891262084671068,0.04451193050922213,-0.024569095830229745,0.7312792069018117,0.6801806885861171,"[196, 205, 229, 239, 242, 286, 382, 424, 429, 467, 478, 490, 522, 529, 557, 565, 584, 585, 625, 626, 669, 693, 705, 789, 1024, 1164, 1168, 1170, 1195, 1217, 1235, 1538, 1547, 1585, 1787, 1845, 1858, 1896, 1937, 2089, 2128, 2158, 2185, 2229, 2299, 2368, 2422, 2463, 2527, 2541, 2556, 2572, 2617, 2659, 2781, 2840, 2846, 2994, 3078, 3127, 3224, 3228, 3249, 3321, 3342, 3432, 3478, 3504, 3506, 3513, 3516, 3525, 3546, 3649, 3735, 3748, 4064, 4067, 4100, 4107, 4136, 4138, 4215, 4217, 4246, 4255, 4400, 4420, 4515, 4526, 4625, 4703, 4828, 4848, 4854, 4867]","[[-0.5085717445522226, 5.261601852106043], [0.35940535725110345, 4.710912347468316], [-0.45238686344992124, 4.203228217651095], [-0.38890551189164313, 4.271638413518185], [-0.2791318052216206, 2.2890362376766884], [-0.4444288262305125, 5.613785306038952], [-0.07586218504528715, 4.648681879658596], [0.1819242901757022, 3.1333064520993643], [0.4107323790893673, 2.2658352237963455], [0.27340475120747054, 4.805798081300537], [-0.172857713793275, 2.8796583037808277], [-0.5016106561048456, 4.368075835525697], [-0.2877400615542529, 5.1821016138535505], [0.4378562263155973, 4.735376815088136], [-0.3889919631289763, 5.440528138027347], [0.3628382971731141, 4.5299846721977675], [-0.3804908438747283, 5.225073261000522], [0.12221179712979503, 5.734442091105262], [-0.2730764834723081, 3.4499347433469723], [0.4691020969590249, 5.903037322390884], [-0.4489547324019452, 4.747430986862202], [0.40221473141307995, 3.352506325087285], [-0.14032206082290047, 5.145830980160873], [-0.3158002447096998, 3.694966338342593], [0.13079546508514503, 2.1454174788428433], [-0.4415488398396112, 5.95309624876567], [-0.15546966566085896, 4.8305501422531165], [-0.1478559278260641, 3.7860514852481626], [-0.3210170901085889, 5.394041641207306], [0.39639210742583647, 2.6460083057599695], [0.30043881991005794, 5.394815509181701], [0.057071232196568566, 5.763562534371985], [0.03410466812534399, 3.821673667800828], [-0.04821963016038808, 5.875778590616267], [0.16346427944985883, 4.4676673558483095], [0.30770734390843985, 5.509378296267919], [-0.38477443284711615, 5.876249987541773], [-0.43340530192989135, 5.713626016209412], [-0.22033359076198944, 4.249906424554565], [-0.1618903933106255, 0.9762610414440722], [-0.008714013269158084, 3.8080797945351392], [-0.2829019380222719, 2.15187467981025], [0.20361481961134587, 5.735079112814294], [-0.04179222676835533, 4.612726015336163], [-0.2465359986123968, 5.884856657978784], [-0.1331184562937999, 2.1351377164458425], [0.3502858347371441, 4.170009150850044], [-0.2511218549332446, 5.616704267721416], [-0.4323818674902101, 1.969518713640183], [-0.4739410340047017, 3.5110759953578956], [-0.058437606894137614, 3.533780395721376], [-0.3505867820029025, 3.622405792383421], [-0.25099902671524793, 3.5763919558212303], [-0.07455971948926093, 5.311692346258798], [-0.19686991160985104, 4.680346424541917], [0.1218268748596725, 5.605105217700319], [-0.3474422317280622, 5.522843137984862], [0.3671426331248649, 5.818407464853742], [-0.28431702716092144, 4.509402041350441], [-0.3044850358860689, 2.7145289228129057], [-0.401296349159307, 4.601545668717325], [0.22232631849105955, 1.1726716792747989], [0.32082649080770914, 5.550270013844602], [0.37986174763533004, 2.9238185778215566], [-0.18217560165331334, 3.265297840411819], [0.23347801619991165, 4.7287229456198165], [0.07308346715324533, 3.017439433517077], [-0.43043396460503314, 5.420659564898273], [-0.46381260054873047, 3.9753611140811382], [0.017659266686168323, 3.9061127453860323], [0.02897051410932309, 3.931807498824722], [-0.0481179512097297, 5.951898838010015], [0.20698727226145308, 3.121761218650476], [0.30132566806838956, 3.498631524305437], [-0.2721108175685452, 2.454568332004241], [0.1677964221054972, 3.907578000522056], [0.5026021518811858, 5.244276904366903], [0.036728940024261754, 5.9522112650550785], [-0.03397716288745294, 4.017205762839128], [0.16435812767184688, 4.0311192053154645], [-0.19604832512012627, 4.8306092104791905], [-0.3667404332795437, 3.7010308827102016], [-0.11628531898858314, 4.011141717169447], [-0.043685998121334856, 5.673150805572847], [0.4815413206389888, 5.33818548927282], [0.2658158012536879, 5.034956762204777], [-0.008812046844246713, 4.52081542551869], [-0.11275377511893037, 4.972932790065096], [-0.1829192092474369, 3.5631775232257246], [-0.11975561149050422, 5.550939024490498], [-0.007206165157341331, 4.307127913825528], [-0.20157396567168753, 4.643527349645164], [0.16636859913979285, 2.4152114239278424], [0.2907867736476444, 5.434170583281053], [-0.4348307661074906, 5.820042820240864], [-0.02919559419104451, 2.4150819875004585]]","[[2.5086491107940674, 4.8439741134643555, 0.810574471950531], [-1.690869688987732, 4.409207820892334, -0.17856155335903168], [1.8264570236206055, 4.0445404052734375, 0.09593416750431061], [1.6176284551620483, 4.096442222595215, 0.938147783279419], [0.7538830041885376, 2.314903974533081, 0.5854530334472656], [2.3258464336395264, 5.314465522766113, 0.7844532132148743], [0.30824869871139526, 4.73850679397583, 0.7172616720199585], [-0.5038958191871643, 3.150254726409912, 0.4329964220523834], [-0.7704256176948547, 2.14143443107605, -0.08076226711273193], [-1.3475202322006226, 4.6160688400268555, 0.7044112086296082], [0.5631309151649475, 2.9999711513519287, 0.12128958851099014], [2.097599744796753, 4.09572172164917, 0.3754720985889435], [1.4013367891311646, 5.146660327911377, 0.7831169962882996], [-1.9834338426589966, 4.126326084136963, 1.2579008340835571], [1.978013277053833, 5.114731311798096, 1.4492591619491577], [-1.5779470205307007, 4.093191146850586, 1.2656919956207275], [1.8719948530197144, 5.052525520324707, 0.8349053263664246], [-0.8343181610107422, 5.747586250305176, -0.31557759642601013], [0.9735420346260071, 3.477978229522705, 0.5639318823814392], [-2.764158248901367, 5.197350025177002, 0.06001332402229309], [2.0338191986083984, 4.5210676193237305, 0.5370109677314758], [-1.2529512643814087, 3.0691990852355957, 0.6317134499549866], [0.6284419298171997, 5.218175411224365, 0.8114650249481201], [1.1839803457260132, 3.5905325412750244, 1.0190378427505493], [-0.15580470860004425, 2.233808755874634, 0.1942511945962906], [2.381521463394165, 5.68796443939209, -0.3931300938129425], [0.6671563982963562, 4.9510884284973145, 0.08018825948238373], [0.5833927989006042, 3.7820382118225098, 1.0432583093643188], [1.6244605779647827, 5.264101505279541, 1.0627230405807495], [-0.9142951965332031, 2.4783380031585693, 0.3966814875602722], [-1.6150442361831665, 4.971423625946045, 1.5383867025375366], [-0.4432789385318756, 5.759372234344482, 1.110603928565979], [-0.1251818686723709, 3.9142308235168457, 0.487517774105072], [0.14096054434776306, 5.985050201416016, 0.6319344639778137], [-0.7530555725097656, 4.44417667388916, 0.6593567728996277], [-1.711829662322998, 5.109426975250244, 1.3582955598831177], [2.0866427421569824, 5.712187767028809, 0.48485708236694336], [2.2696025371551514, 5.486732482910156, -0.12071239203214645], [0.9093790054321289, 4.313949108123779, 0.5192649364471436], [0.36733919382095337, 1.086186408996582, 0.2718144357204437], [0.0504140630364418, 3.844172477722168, 0.9141488671302795], [0.7296291589736938, 2.2370800971984863, 0.18609796464443207], [-1.2860043048858643, 5.646541118621826, 0.3764677941799164], [0.12379542738199234, 4.747463226318359, 0.05897322669625282], [1.321882724761963, 5.829773902893066, 1.13059663772583], [0.4132384955883026, 2.2306692600250244, 0.46351492404937744], [-1.3945835828781128, 3.8312363624572754, 1.0456211566925049], [1.2765042781829834, 5.660760879516602, 0.28941968083381653], [0.9547919034957886, 1.9833277463912964, -0.03672834113240242], [1.6238069534301758, 3.367189884185791, -0.2100205272436142], [0.23832537233829498, 3.6462972164154053, 0.48138654232025146], [1.2931238412857056, 3.53771710395813, 0.7972477078437805], [0.9247138500213623, 3.581916570663452, 0.7817375659942627], [0.2728913426399231, 5.443265914916992, -0.1400608867406845], [0.8582029342651367, 4.764886379241943, 0.44744107127189636], [-0.7632195353507996, 5.471410274505615, 1.4391610622406006], [1.7300890684127808, 5.448585510253906, -0.3523448407649994], [-2.136570453643799, 5.237593173980713, 1.4908956289291382], [1.2469576597213745, 4.395224571228027, 1.1930838823318481], [0.9084689617156982, 2.7410616874694824, 0.50437331199646], [1.7741444110870361, 4.417745590209961, 0.8527701497077942], [-0.0657423734664917, 1.2583720684051514, 0.05360399931669235], [-1.8537741899490356, 5.257071495056152, -0.16569417715072632], [-0.9890633225440979, 2.737027883529663, 0.4969906806945801], [0.6224063634872437, 3.3841347694396973, 0.07435598969459534], [-1.132378101348877, 4.613344192504883, 0.6494982838630676], [-0.14224176108837128, 3.0581369400024414, 0.7034266591072083], [2.1972551345825195, 5.119368076324463, 1.0068522691726685], [1.798193335533142, 3.787522315979004, 0.46751636266708374], [-0.05047990381717682, 3.9298436641693115, 0.9450393319129944], [-0.09190124273300171, 3.927936315536499, 1.0433226823806763], [0.1385493129491806, 6.052800178527832, 0.7136730551719666], [-0.5776119232177734, 3.100867509841919, 0.564811110496521], [-0.9895907044410706, 3.3452248573303223, 0.6578116416931152], [0.7728717923164368, 2.505786895751953, 0.4832989275455475], [-0.6541420221328735, 3.9293251037597656, 0.15746080875396729], [-2.573761224746704, 4.538285732269287, -0.027640456333756447], [-0.3445555865764618, 5.978813171386719, 1.0294865369796753], [0.11874957382678986, 4.134964942932129, 0.41843512654304504], [-0.6581828594207764, 4.016554832458496, 0.644450843334198], [0.8666809797286987, 4.931448936462402, 0.09942346066236496], [1.3445065021514893, 3.680060386657715, -0.0017258523730561137], [0.4667784869670868, 4.105175495147705, 0.6162322163581848], [0.15165023505687714, 5.721107006072998, 1.0655454397201538], [-2.5261294841766357, 4.67857027053833, 0.03709970787167549], [-1.3837485313415527, 4.844825267791748, 0.725816011428833], [-0.01725850999355316, 4.645467281341553, -0.0787845328450203], [0.4716223478317261, 5.105075359344482, -0.0506548136472702], [0.650888979434967, 3.676102876663208, -0.11362805217504501], [0.5564438700675964, 5.532858371734619, 1.3360780477523804], [0.036594752222299576, 4.307314872741699, 1.1208006143569946], [0.8937721848487854, 4.650120735168457, 0.9672383666038513], [-0.29389622807502747, 2.4829893112182617, -0.016923734918236732], [-1.651635766029358, 5.2150959968566895, 0.20126692950725555], [2.3035244941711426, 5.582573413848877, -0.2522464692592621], [0.1801232248544693, 2.5401113033294678, 0.28212225437164307]]"
2752,0.3769898742883448,0.1851160073414271,0.0942474685720862,0.02172363618243949,-0.04869869963129996,0.7393003827035419,0.6712611000345765,0.3785665680591289,0.18433172964679806,0.09431366784273343,0.02129333184104881,-0.048738639436544884,0.7394832188361837,0.6710705686473354,"[196, 205, 229, 239, 242, 286, 382, 424, 429, 467, 478, 490, 522, 557, 584, 585, 625, 626, 669, 693, 705, 789, 1024, 1050, 1168, 1170, 1195, 1217, 1538, 1547, 1585, 1787, 1845, 1858, 1896, 1937, 2089, 2128, 2158, 2185, 2229, 2299, 2368, 2422, 2463, 2527, 2553, 2556, 2572, 2617, 2659, 2781, 2840, 2994, 3078, 3127, 3172, 3224, 3228, 3249, 3321, 3342, 3432, 3478, 3504, 3506, 3513, 3516, 3525, 3546, 3649, 3735, 3748, 4064, 4067, 4100, 4107, 4136, 4138, 4215, 4217, 4246, 4255, 4400, 4420, 4515, 4526, 4625, 4703, 4828, 4848, 4854, 4867, 4955]","[[-0.5246651516608056, 5.17794519749389], [0.363853372328151, 4.711787127572056], [-0.4559301498051172, 4.127224788541614], [-0.40235196454142264, 4.194672022435355], [-0.27385445074737674, 2.222856014632286], [-0.4587074828479715, 5.536130893880069], [-0.08368493634473123, 4.599256758210032], [0.1888006196074786, 3.1145287580309398], [0.44009555666194505, 2.274865436887967], [0.2683137781523279, 4.794140680365491], [-0.16057819999579476, 2.8241160574293334], [-0.5103364928571598, 4.2860502972896395], [-0.2982435473511953, 5.1184048723591795], [-0.4111933684617939, 5.361587630724651], [-0.3959995907647596, 5.149900774161811], [0.1254868285467195, 5.7093030988591345], [-0.27549748500648996, 3.383905542909448], [0.46703337825238084, 5.914105518090856], [-0.4601775181437971, 4.666781674921862], [0.4084903446163185, 3.35641232811882], [-0.1482687111078599, 5.09275803689434], [-0.33055135410434905, 3.6238043992438085], [0.1564454613071349, 2.1206718359293952], [-0.2916166488349613, 5.670451493462286], [-0.15458175637980787, 4.778430043159876], [-0.15670927738131404, 3.728971617677065], [-0.3386226031627758, 5.323331278408923], [0.41189107744423403, 2.6496490061802147], [0.04522449641433622, 5.726723183055675], [0.033395077902163284, 3.7851253364174196], [-0.05746407569050605, 5.831270247905667], [0.15717049057611865, 4.445730343770677], [0.29280196579737766, 5.495733110525516], [-0.39628319409020174, 5.804217769350972], [-0.43804800925888626, 5.637925534058084], [-0.22515150493207234, 4.188208732829185], [-0.09400552884524858, 0.9210573060819782], [-0.013956162325953578, 3.765088599075704], [-0.26766707352914926, 2.087446414524494], [0.19775268186872275, 5.716154568894251], [-0.03853268067434387, 4.572368820248986], [-0.2649555820178962, 5.818609383482186], [-0.11823556423044936, 2.081179725474479], [0.3426856697969578, 4.16389060850699], [-0.2579654834110102, 5.556373357571837], [-0.40899982116697003, 1.8983275708975185], [-0.5011266675975848, 3.7106648470476165], [-0.059320260037483946, 3.4885069137057574], [-0.36124819371049394, 3.5519101626981784], [-0.25884784070739886, 3.5135685168099475], [-0.07253288336046348, 5.267500815642949], [-0.2011983535676508, 4.621780337104389], [0.10682320909608074, 5.574418619579666], [0.35050800844067914, 5.813561710215734], [-0.3013849203743408, 4.439308977689386], [-0.30242909188531497, 2.6463619453569365], [-0.5104065768408801, 5.920185708640565], [-0.4136169560570311, 4.525958522769171], [0.2959689523885447, 1.1623816965553546], [0.3266206570322463, 5.546829930206148], [0.38675309244253364, 2.9231391472982122], [-0.172987114973206, 3.2124933612865036], [0.22769128402701863, 4.713674045444068], [0.07437006982774, 2.985049595423503], [-0.4495297279845342, 5.341921066944017], [-0.4714048310036326, 3.8935015322533544], [0.01030118760795, 3.8670796967028775], [0.019172924712012093, 3.8914898943964205], [-0.05722673164993493, 5.906713645564072], [0.21244941410292056, 3.1050335810605056], [0.30221434226381066, 3.488804843412358], [-0.2668990152687702, 2.389289880662857], [0.17285556056834617, 3.8850514130111486], [0.5043155131062445, 5.260315783616939], [0.02179259422806153, 5.91561374029211], [-0.031727101675165945, 3.973372557264301], [0.163114476073332, 4.0067561280362956], [-0.19848096591031394, 4.774855479310218], [-0.3678679535475046, 3.631672292053179], [-0.12198024917539355, 3.9587536392648826], [-0.05952871516832815, 5.628046809396099], [0.4819887096889713, 5.349227033064345], [0.2600375030655888, 5.022760486321847], [-0.0038517090794911134, 4.485142099768231], [-0.11322974668684653, 4.924925550349737], [-0.17157909482722777, 3.509837747850942], [-0.13632051481286744, 5.496810463843842], [-0.0230476070282001, 4.2637761805220915], [-0.21424113721148197, 4.582960233665766], [0.19111645476364633, 2.397741457944316], [0.2891492113507501, 5.426383030537987], [-0.4382811148523613, 5.7460190079613085], [-0.015115894270603048, 2.373722027144862], [0.0035036650194011543, 5.9804811686085175]]","[[2.5086491107940674, 4.8439741134643555, 0.810574471950531], [-1.690869688987732, 4.409207820892334, -0.17856155335903168], [1.8264570236206055, 4.0445404052734375, 0.09593416750431061], [1.6176284551620483, 4.096442222595215, 0.938147783279419], [0.7538830041885376, 2.314903974533081, 0.5854530334472656], [2.3258464336395264, 5.314465522766113, 0.7844532132148743], [0.30824869871139526, 4.73850679397583, 0.7172616720199585], [-0.5038958191871643, 3.150254726409912, 0.4329964220523834], [-0.7704256176948547, 2.14143443107605, -0.08076226711273193], [-1.3475202322006226, 4.6160688400268555, 0.7044112086296082], [0.5631309151649475, 2.9999711513519287, 0.12128958851099014], [2.097599744796753, 4.09572172164917, 0.3754720985889435], [1.4013367891311646, 5.146660327911377, 0.7831169962882996], [1.978013277053833, 5.114731311798096, 1.4492591619491577], [1.8719948530197144, 5.052525520324707, 0.8349053263664246], [-0.8343181610107422, 5.747586250305176, -0.31557759642601013], [0.9735420346260071, 3.477978229522705, 0.5639318823814392], [-2.764158248901367, 5.197350025177002, 0.06001332402229309], [2.0338191986083984, 4.5210676193237305, 0.5370109677314758], [-1.2529512643814087, 3.0691990852355957, 0.6317134499549866], [0.6284419298171997, 5.218175411224365, 0.8114650249481201], [1.1839803457260132, 3.5905325412750244, 1.0190378427505493], [-0.15580470860004425, 2.233808755874634, 0.1942511945962906], [1.4308568239212036, 5.536146640777588, 1.6359635591506958], [0.6671563982963562, 4.9510884284973145, 0.08018825948238373], [0.5833927989006042, 3.7820382118225098, 1.0432583093643188], [1.6244605779647827, 5.264101505279541, 1.0627230405807495], [-0.9142951965332031, 2.4783380031585693, 0.3966814875602722], [-0.4432789385318756, 5.759372234344482, 1.110603928565979], [-0.1251818686723709, 3.9142308235168457, 0.487517774105072], [0.14096054434776306, 5.985050201416016, 0.6319344639778137], [-0.7530555725097656, 4.44417667388916, 0.6593567728996277], [-1.711829662322998, 5.109426975250244, 1.3582955598831177], [2.0866427421569824, 5.712187767028809, 0.48485708236694336], [2.2696025371551514, 5.486732482910156, -0.12071239203214645], [0.9093790054321289, 4.313949108123779, 0.5192649364471436], [0.36733919382095337, 1.086186408996582, 0.2718144357204437], [0.0504140630364418, 3.844172477722168, 0.9141488671302795], [0.7296291589736938, 2.2370800971984863, 0.18609796464443207], [-1.2860043048858643, 5.646541118621826, 0.3764677941799164], [0.12379542738199234, 4.747463226318359, 0.05897322669625282], [1.321882724761963, 5.829773902893066, 1.13059663772583], [0.4132384955883026, 2.2306692600250244, 0.46351492404937744], [-1.3945835828781128, 3.8312363624572754, 1.0456211566925049], [1.2765042781829834, 5.660760879516602, 0.28941968083381653], [0.9547919034957886, 1.9833277463912964, -0.03672834113240242], [1.7968621253967285, 3.468876361846924, 1.0605802536010742], [0.23832537233829498, 3.6462972164154053, 0.48138654232025146], [1.2931238412857056, 3.53771710395813, 0.7972477078437805], [0.9247138500213623, 3.581916570663452, 0.7817375659942627], [0.2728913426399231, 5.443265914916992, -0.1400608867406845], [0.8582029342651367, 4.764886379241943, 0.44744107127189636], [-0.7632195353507996, 5.471410274505615, 1.4391610622406006], [-2.136570453643799, 5.237593173980713, 1.4908956289291382], [1.2469576597213745, 4.395224571228027, 1.1930838823318481], [0.9084689617156982, 2.7410616874694824, 0.50437331199646], [2.7295420169830322, 5.502270221710205, 1.1805552244186401], [1.7741444110870361, 4.417745590209961, 0.8527701497077942], [-0.0657423734664917, 1.2583720684051514, 0.05360399931669235], [-1.8537741899490356, 5.257071495056152, -0.16569417715072632], [-0.9890633225440979, 2.737027883529663, 0.4969906806945801], [0.6224063634872437, 3.3841347694396973, 0.07435598969459534], [-1.132378101348877, 4.613344192504883, 0.6494982838630676], [-0.14224176108837128, 3.0581369400024414, 0.7034266591072083], [2.1972551345825195, 5.119368076324463, 1.0068522691726685], [1.798193335533142, 3.787522315979004, 0.46751636266708374], [-0.05047990381717682, 3.9298436641693115, 0.9450393319129944], [-0.09190124273300171, 3.927936315536499, 1.0433226823806763], [0.1385493129491806, 6.052800178527832, 0.7136730551719666], [-0.5776119232177734, 3.100867509841919, 0.564811110496521], [-0.9895907044410706, 3.3452248573303223, 0.6578116416931152], [0.7728717923164368, 2.505786895751953, 0.4832989275455475], [-0.6541420221328735, 3.9293251037597656, 0.15746080875396729], [-2.573761224746704, 4.538285732269287, -0.027640456333756447], [-0.3445555865764618, 5.978813171386719, 1.0294865369796753], [0.11874957382678986, 4.134964942932129, 0.41843512654304504], [-0.6581828594207764, 4.016554832458496, 0.644450843334198], [0.8666809797286987, 4.931448936462402, 0.09942346066236496], [1.3445065021514893, 3.680060386657715, -0.0017258523730561137], [0.4667784869670868, 4.105175495147705, 0.6162322163581848], [0.15165023505687714, 5.721107006072998, 1.0655454397201538], [-2.5261294841766357, 4.67857027053833, 0.03709970787167549], [-1.3837485313415527, 4.844825267791748, 0.725816011428833], [-0.01725850999355316, 4.645467281341553, -0.0787845328450203], [0.4716223478317261, 5.105075359344482, -0.0506548136472702], [0.650888979434967, 3.676102876663208, -0.11362805217504501], [0.5564438700675964, 5.532858371734619, 1.3360780477523804], [0.036594752222299576, 4.307314872741699, 1.1208006143569946], [0.8937721848487854, 4.650120735168457, 0.9672383666038513], [-0.29389622807502747, 2.4829893112182617, -0.016923734918236732], [-1.651635766029358, 5.2150959968566895, 0.20126692950725555], [2.3035244941711426, 5.582573413848877, -0.2522464692592621], [0.1801232248544693, 2.5401113033294678, 0.28212225437164307], [-0.2004091739654541, 6.134603023529053, 0.0161150936037302]]"
2754,0.46496508350038845,0.22611265250380888,0.11624127087509711,-0.00019000917040062491,-0.0657256533302457,0.7460495305378895,0.6626388159284229,0.4656575817156737,0.22504760106135444,0.11609276812515688,-0.00010780886841100562,-0.06548073714124597,0.7457267526205289,0.6630262980204688,"[205, 229, 239, 242, 286, 382, 424, 429, 467, 478, 490, 522, 557, 584, 585, 625, 626, 669, 693, 705, 789, 929, 1024, 1050, 1086, 1168, 1170, 1195, 1217, 1538, 1547, 1557, 1585, 1787, 1845, 1858, 1896, 1926, 1937, 1950, 2057, 2089, 2128, 2158, 2185, 2229, 2299, 2368, 2463, 2553, 2556, 2572, 2617, 2659, 2781, 2840, 3078, 3127, 3224, 3228, 3249, 3321, 3342, 3432, 3478, 3504, 3506, 3513, 3516, 3525, 3546, 3649, 3735, 3748, 3791, 4064, 4067, 4100, 4107, 4136, 4138, 4215, 4217, 4246, 4255, 4400, 4420, 4515, 4526, 4625, 4703, 4828, 4848, 4867, 4955]","[[0.3692785706154749, 4.7161189366707585], [-0.45776251275149776, 4.052474876382947], [-0.41655401134415665, 4.121106242236662], [-0.26795250598853293, 2.160046871272007], [-0.4717922604436678, 5.4593893125930215], [-0.0925689960394851, 4.555402291571497], [0.19414672658961685, 3.09690172710395], [0.4692596372237445, 2.286590222156781], [0.2614194874835648, 4.786230631275989], [-0.15027416098227844, 2.7753391484581216], [-0.5185279724353407, 4.208013661194657], [-0.3116096280102912, 5.052427005791438], [-0.4311712411792432, 5.287594652881919], [-0.4078270836354169, 5.07804134837206], [0.12624842013550724, 5.687599687172655], [-0.27873852172682234, 3.320217541942811], [0.46185500484992226, 5.925979630376951], [-0.4709035907017781, 4.590522021194375], [0.40712457318206285, 3.362029771198283], [-0.15801268640762142, 5.044852957046827], [-0.3411251939735976, 3.5553400901894987], [-0.07257964500621766, 5.973520121679391], [0.18014958597495492, 2.1031112284021805], [-0.3145242153609514, 5.604846578776201], [-0.46858376814803193, 5.962367955520744], [-0.1574552880305221, 4.728647873788061], [-0.1683030035721192, 3.677612897264428], [-0.3535925905818832, 5.255107513656855], [0.42057928082223145, 2.656032994654905], [0.029413947800062228, 5.694427574006206], [0.03464551601053214, 3.7534459348599953], [0.519834504982022, 5.4924279392972934], [-0.06880487799359705, 5.791153847540683], [0.151465529134868, 4.423543900631001], [0.27681723089799387, 5.48939276796531], [-0.40639779611617294, 5.733299900636998], [-0.4443230222534663, 5.567205818709584], [-0.2377179698205629, 5.957717159309963], [-0.2304269926109697, 4.130777925572593], [0.33302750313989843, 5.5961081637183465], [0.2158172362165981, 4.628933846312283], [-0.01831291421852598, 0.8823908989568351], [-0.019878132163506108, 3.727898168671989], [-0.24752224399025927, 2.030446613333341], [0.19272710961618583, 5.699945803599415], [-0.03773980076413788, 4.5331140137257115], [-0.27833524992916453, 5.758610544460459], [-0.10329914131507856, 2.033709579886555], [-0.26426699490174566, 5.497867904576013], [-0.515449793719633, 3.6302096695058235], [-0.057378282228851246, 3.4451052355461527], [-0.37339021058592403, 3.479320262607198], [-0.264227216218824, 3.4504168330425866], [-0.0719986934145853, 5.226801447488922], [-0.20860084615882404, 4.568565281123557], [0.08911600778930029, 5.548461515624566], [-0.31620036910012067, 4.375833657421751], [-0.29919518076560403, 2.5830878264142445], [-0.425121454668368, 4.4514211152444165], [0.3648117023233818, 1.161160480158167], [0.3232250216932475, 5.5454406962990985], [0.39172591867968826, 2.9270384846910895], [-0.16249273496800382, 3.1619188031039767], [0.22155844393800705, 4.69954150637526], [0.07561175616999535, 2.9539827166434747], [-0.4641353000535323, 5.268183454293063], [-0.4790107207332529, 3.818931534102583], [0.0009895348054600626, 3.8305377720883973], [0.01131519732880982, 3.857271599985836], [-0.06772401019447546, 5.864919373404088], [0.216233592480297, 3.090360933412983], [0.3014882968637315, 3.484516185352839], [-0.26104271642890126, 2.3300880040202587], [0.1766553639282833, 3.8671245373167875], [-0.12471922867569529, 5.959417612744439], [0.5021810296015653, 5.2758693032227635], [0.010463695106234057, 5.880361373907965], [-0.03284669075984435, 3.936959812463267], [0.15801430027400787, 3.9888923408203194], [-0.19925558870501014, 4.722675786762293], [-0.3614129658362224, 3.5666280341115497], [-0.12465357828053174, 3.912231990301311], [-0.07229086032926797, 5.585348954085203], [0.4757932598060676, 5.364444231364184], [0.2509558403933614, 5.0117199936659045], [0.0002591785362807827, 4.449645732694848], [-0.11165359551809434, 4.87949314142601], [-0.1616133820611423, 3.4621598465988965], [-0.15217715750015803, 5.44492731222302], [-0.03385027188569111, 4.224684451559945], [-0.22633904189460638, 4.525366186152625], [0.21624117423624742, 2.384004453214828], [0.2839419252880922, 5.420529802844851], [0.00019813885629465762, 2.3375910894301986], [0.00047496551218197125, 5.946664039121738]]","[[-1.690869688987732, 4.409207820892334, -0.17856155335903168], [1.8264570236206055, 4.0445404052734375, 0.09593416750431061], [1.6176284551620483, 4.096442222595215, 0.938147783279419], [0.7538830041885376, 2.314903974533081, 0.5854530334472656], [2.3258464336395264, 5.314465522766113, 0.7844532132148743], [0.30824869871139526, 4.73850679397583, 0.7172616720199585], [-0.5038958191871643, 3.150254726409912, 0.4329964220523834], [-0.7704256176948547, 2.14143443107605, -0.08076226711273193], [-1.3475202322006226, 4.6160688400268555, 0.7044112086296082], [0.5631309151649475, 2.9999711513519287, 0.12128958851099014], [2.097599744796753, 4.09572172164917, 0.3754720985889435], [1.4013367891311646, 5.146660327911377, 0.7831169962882996], [1.978013277053833, 5.114731311798096, 1.4492591619491577], [1.8719948530197144, 5.052525520324707, 0.8349053263664246], [-0.8343181610107422, 5.747586250305176, -0.31557759642601013], [0.9735420346260071, 3.477978229522705, 0.5639318823814392], [-2.764158248901367, 5.197350025177002, 0.06001332402229309], [2.0338191986083984, 4.5210676193237305, 0.5370109677314758], [-1.2529512643814087, 3.0691990852355957, 0.6317134499549866], [0.6284419298171997, 5.218175411224365, 0.8114650249481201], [1.1839803457260132, 3.5905325412750244, 1.0190378427505493], [0.20993180572986603, 6.1931586265563965, 0.15911541879177094], [-0.15580470860004425, 2.233808755874634, 0.1942511945962906], [1.4308568239212036, 5.536146640777588, 1.6359635591506958], [2.545781135559082, 5.810417652130127, -0.09281937032938004], [0.6671563982963562, 4.9510884284973145, 0.08018825948238373], [0.5833927989006042, 3.7820382118225098, 1.0432583093643188], [1.6244605779647827, 5.264101505279541, 1.0627230405807495], [-0.9142951965332031, 2.4783380031585693, 0.3966814875602722], [-0.4432789385318756, 5.759372234344482, 1.110603928565979], [-0.1251818686723709, 3.9142308235168457, 0.487517774105072], [-2.8459572792053223, 4.525421619415283, 0.9600684642791748], [0.14096054434776306, 5.985050201416016, 0.6319344639778137], [-0.7530555725097656, 4.44417667388916, 0.6593567728996277], [-1.711829662322998, 5.109426975250244, 1.3582955598831177], [2.0866427421569824, 5.712187767028809, 0.48485708236694336], [2.2696025371551514, 5.486732482910156, -0.12071239203214645], [1.1964261531829834, 6.140233516693115, 0.10515481978654861], [0.9093790054321289, 4.313949108123779, 0.5192649364471436], [-1.8733155727386475, 5.270479202270508, -0.5131598711013794], [-0.9702979922294617, 4.599729061126709, -0.38003405928611755], [0.36733919382095337, 1.086186408996582, 0.2718144357204437], [0.0504140630364418, 3.844172477722168, 0.9141488671302795], [0.7296291589736938, 2.2370800971984863, 0.18609796464443207], [-1.2860043048858643, 5.646541118621826, 0.3764677941799164], [0.12379542738199234, 4.747463226318359, 0.05897322669625282], [1.321882724761963, 5.829773902893066, 1.13059663772583], [0.4132384955883026, 2.2306692600250244, 0.46351492404937744], [1.2765042781829834, 5.660760879516602, 0.28941968083381653], [1.7968621253967285, 3.468876361846924, 1.0605802536010742], [0.23832537233829498, 3.6462972164154053, 0.48138654232025146], [1.2931238412857056, 3.53771710395813, 0.7972477078437805], [0.9247138500213623, 3.581916570663452, 0.7817375659942627], [0.2728913426399231, 5.443265914916992, -0.1400608867406845], [0.8582029342651367, 4.764886379241943, 0.44744107127189636], [-0.7632195353507996, 5.471410274505615, 1.4391610622406006], [1.2469576597213745, 4.395224571228027, 1.1930838823318481], [0.9084689617156982, 2.7410616874694824, 0.50437331199646], [1.7741444110870361, 4.417745590209961, 0.8527701497077942], [-0.0657423734664917, 1.2583720684051514, 0.05360399931669235], [-1.8537741899490356, 5.257071495056152, -0.16569417715072632], [-0.9890633225440979, 2.737027883529663, 0.4969906806945801], [0.6224063634872437, 3.3841347694396973, 0.07435598969459534], [-1.132378101348877, 4.613344192504883, 0.6494982838630676], [-0.14224176108837128, 3.0581369400024414, 0.7034266591072083], [2.1972551345825195, 5.119368076324463, 1.0068522691726685], [1.798193335533142, 3.787522315979004, 0.46751636266708374], [-0.05047990381717682, 3.9298436641693115, 0.9450393319129944], [-0.09190124273300171, 3.927936315536499, 1.0433226823806763], [0.1385493129491806, 6.052800178527832, 0.7136730551719666], [-0.5776119232177734, 3.100867509841919, 0.564811110496521], [-0.9895907044410706, 3.3452248573303223, 0.6578116416931152], [0.7728717923164368, 2.505786895751953, 0.4832989275455475], [-0.6541420221328735, 3.9293251037597656, 0.15746080875396729], [0.5346145629882812, 6.183975696563721, 0.018084950745105743], [-2.573761224746704, 4.538285732269287, -0.027640456333756447], [-0.3445555865764618, 5.978813171386719, 1.0294865369796753], [0.11874957382678986, 4.134964942932129, 0.41843512654304504], [-0.6581828594207764, 4.016554832458496, 0.644450843334198], [0.8666809797286987, 4.931448936462402, 0.09942346066236496], [1.3445065021514893, 3.680060386657715, -0.0017258523730561137], [0.4667784869670868, 4.105175495147705, 0.6162322163581848], [0.15165023505687714, 5.721107006072998, 1.0655454397201538], [-2.5261294841766357, 4.67857027053833, 0.03709970787167549], [-1.3837485313415527, 4.844825267791748, 0.725816011428833], [-0.01725850999355316, 4.645467281341553, -0.0787845328450203], [0.4716223478317261, 5.105075359344482, -0.0506548136472702], [0.650888979434967, 3.676102876663208, -0.11362805217504501], [0.5564438700675964, 5.532858371734619, 1.3360780477523804], [0.036594752222299576, 4.307314872741699, 1.1208006143569946], [0.8937721848487854, 4.650120735168457, 0.9672383666038513], [-0.29389622807502747, 2.4829893112182617, -0.016923734918236732], [-1.651635766029358, 5.2150959968566895, 0.20126692950725555], [0.1801232248544693, 2.5401113033294678, 0.28212225437164307], [-0.2004091739654541, 6.134603023529053, 0.0161150936037302]]"
2756,0.5577633514133784,0.26781717667846777,0.1394408378533446,-0.023112538724131403,-0.07796944992050685,0.7534307204427924,0.6524789076482658,0.5575573190183676,0.2689927300552698,0.13966657654888087,-0.023100944433793014,-0.0777621500502282,0.7533657202591046,0.6525791031931018,"[75, 95, 205, 229, 239, 242, 286, 382, 424, 429, 467, 478, 522, 557, 584, 585, 625, 626, 669, 693, 705, 789, 874, 929, 1024, 1050, 1086, 1168, 1170, 1195, 1217, 1538, 1547, 1557, 1585, 1787, 1858, 1896, 1926, 1937, 1950, 2030, 2057, 2089, 2128, 2158, 2185, 2229, 2299, 2344, 2368, 2463, 2556, 2572, 2617, 2659, 2781, 3078, 3127, 3224, 3228, 3249, 3321, 3342, 3432, 3478, 3504, 3506, 3513, 3516, 3525, 3546, 3649, 3735, 3748, 3791, 4064, 4067, 4100, 4107, 4136, 4138, 4215, 4217, 4246, 4255, 4400, 4420, 4515, 4526, 4625, 4703, 4828, 4834, 4848, 4867, 4955]","[[0.1432968819977376, 5.005799126090425], [0.21819884966616024, 4.05956356906157], [0.36558840843388984, 4.722460055435498], [-0.4611808874862138, 3.9848093095395045], [-0.4267801458889887, 4.051614863889999], [-0.26201346975833867, 2.1042846490550833], [-0.48652966549108495, 5.38564590402739], [-0.10033709539070897, 4.514627868374787], [0.19674776448436082, 3.085927150232384], [0.4898774316907381, 2.3062139356512983], [0.25285441336257386, 4.778999614466909], [-0.1374721196223486, 2.7307878843385205], [-0.322698299357166, 4.993196564634441], [-0.4498313057680624, 5.2192316447337195], [-0.4201713761251607, 5.0095739794912815], [0.12104391556806543, 5.671473846412055], [-0.28051746211283374, 3.263530625029951], [0.44981940610457916, 5.945175361265261], [-0.480850166589786, 4.51950600872194], [0.4067133518964441, 3.3747810574678465], [-0.17032563818597649, 4.996512434528043], [-0.3545103433381951, 3.4945989784794027], [0.2594721386515855, 5.974802171582762], [-0.0795402858304646, 5.935893175825067], [0.20253275334463586, 2.0912149240652425], [-0.33367866178037503, 5.54723742638071], [-0.47555470761315316, 5.893116410563778], [-0.15862686964545217, 4.685642925983706], [-0.17952026660159445, 3.628653525778828], [-0.36677978720658433, 5.1915756871796255], [0.42847414034259224, 2.668309943630133], [0.016967334294603738, 5.666306293269753], [0.03192926070648412, 3.7254991657728995], [0.5054309034915034, 5.51296937491194], [-0.07805809043139258, 5.75289888635671], [0.146286372565631, 4.407872527746012], [-0.41544464597059205, 5.665779643553364], [-0.4492034693143909, 5.499863593525088], [-0.24376321042359173, 5.906687600859195], [-0.23663238479337315, 4.080194498343595], [0.3294889131895558, 5.600788064920494], [-0.012268803002359469, 5.977067353862532], [0.21594264176657768, 4.624722053454737], [0.06484680464211336, 0.8512534507831271], [-0.026522614307391147, 3.691948731423446], [-0.22684757367502947, 1.9763061851412553], [0.18347136808984568, 5.689359285304136], [-0.04024832750926403, 4.50093297402217], [-0.29516122121244875, 5.7011330808593135], [0.5159029026684901, 4.853097483464955], [-0.08803476910936335, 1.9946556727441034], [-0.27525215865327723, 5.443867980753864], [-0.05814633433251248, 3.4112293562251845], [-0.37859760460536307, 3.4152431453302863], [-0.2708864355338331, 3.39604311880406], [-0.0744595123026613, 5.18900273493575], [-0.2118087613089393, 4.517166321895001], [-0.33197376631078446, 4.31525515400618], [-0.29711588312557163, 2.5233365323976047], [-0.43896753074902684, 4.382697724467763], [0.4313855593600145, 1.1720957336724294], [0.3184791232893939, 5.55016824237579], [0.39704752018975703, 2.934975025506325], [-0.15708060738158963, 3.117631867086052], [0.21192689849628035, 4.690509065192996], [0.07641423806774929, 2.9317837583742405], [-0.47980427962092237, 5.19441422097122], [-0.4841084968290714, 3.7465893197407243], [-0.006292060052682752, 3.799849571051846], [0.0005771403911387178, 3.824928659329348], [-0.07800391944455798, 5.828904616619369], [0.21816374198428587, 3.0831095683923384], [0.29972586933070894, 3.482957785467524], [-0.25182168649503345, 2.273637510157385], [0.17982394064127008, 3.8572129655809273], [-0.13107767962219474, 5.916997025172087], [0.49489482806815266, 5.299518620996662], [-0.004616985858118665, 5.851405693412364], [-0.03633313511823461, 3.9032351626795743], [0.15239250978743404, 3.9733194185843947], [-0.2020491174383603, 4.674018945636524], [-0.35830499809898386, 3.504647885302817], [-0.1314935724663268, 3.8678837884216484], [-0.08714193889200732, 5.546313989475724], [0.4697169110569043, 5.383400443171777], [0.2402297659036441, 5.00668236866858], [-0.0016922712012293335, 4.419246103059999], [-0.11447149164619959, 4.8431807909482085], [-0.1553938911354268, 3.4181045384311117], [-0.16866628292432906, 5.399904045297831], [-0.04447279368689576, 4.190003941146662], [-0.2373434935340238, 4.472885835307225], [0.23563585443763935, 2.3806456864976577], [-0.5133075780300742, 1.4954252756497615], [0.2759377319960555, 5.417140780044861], [0.016000898483837588, 2.306424491475099], [-0.00786458015818781, 5.917322371536211]]","[[-0.735512375831604, 5.071609973907471, -0.41982975602149963], [-0.781180739402771, 4.064624309539795, -0.38334643840789795], [-1.690869688987732, 4.409207820892334, -0.17856155335903168], [1.8264570236206055, 4.0445404052734375, 0.09593416750431061], [1.6176284551620483, 4.096442222595215, 0.938147783279419], [0.7538830041885376, 2.314903974533081, 0.5854530334472656], [2.3258464336395264, 5.314465522766113, 0.7844532132148743], [0.30824869871139526, 4.73850679397583, 0.7172616720199585], [-0.5038958191871643, 3.150254726409912, 0.4329964220523834], [-0.7704256176948547, 2.14143443107605, -0.08076226711273193], [-1.3475202322006226, 4.6160688400268555, 0.7044112086296082], [0.5631309151649475, 2.9999711513519287, 0.12128958851099014], [1.4013367891311646, 5.146660327911377, 0.7831169962882996], [1.978013277053833, 5.114731311798096, 1.4492591619491577], [1.8719948530197144, 5.052525520324707, 0.8349053263664246], [-0.8343181610107422, 5.747586250305176, -0.31557759642601013], [0.9735420346260071, 3.477978229522705, 0.5639318823814392], [-2.764158248901367, 5.197350025177002, 0.06001332402229309], [2.0338191986083984, 4.5210676193237305, 0.5370109677314758], [-1.2529512643814087, 3.0691990852355957, 0.6317134499549866], [0.6284419298171997, 5.218175411224365, 0.8114650249481201], [1.1839803457260132, 3.5905325412750244, 1.0190378427505493], [-1.6339755058288574, 5.771999359130859, -0.6272463202476501], [0.20993180572986603, 6.1931586265563965, 0.15911541879177094], [-0.15580470860004425, 2.233808755874634, 0.1942511945962906], [1.4308568239212036, 5.536146640777588, 1.6359635591506958], [2.545781135559082, 5.810417652130127, -0.09281937032938004], [0.6671563982963562, 4.9510884284973145, 0.08018825948238373], [0.5833927989006042, 3.7820382118225098, 1.0432583093643188], [1.6244605779647827, 5.264101505279541, 1.0627230405807495], [-0.9142951965332031, 2.4783380031585693, 0.3966814875602722], [-0.4432789385318756, 5.759372234344482, 1.110603928565979], [-0.1251818686723709, 3.9142308235168457, 0.487517774105072], [-2.8459572792053223, 4.525421619415283, 0.9600684642791748], [0.14096054434776306, 5.985050201416016, 0.6319344639778137], [-0.7530555725097656, 4.44417667388916, 0.6593567728996277], [2.0866427421569824, 5.712187767028809, 0.48485708236694336], [2.2696025371551514, 5.486732482910156, -0.12071239203214645], [1.1964261531829834, 6.140233516693115, 0.10515481978654861], [0.9093790054321289, 4.313949108123779, 0.5192649364471436], [-1.8733155727386475, 5.270479202270508, -0.5131598711013794], [-0.18706348538398743, 6.19650411605835, 0.0280925165861845], [-0.9702979922294617, 4.599729061126709, -0.38003405928611755], [0.36733919382095337, 1.086186408996582, 0.2718144357204437], [0.0504140630364418, 3.844172477722168, 0.9141488671302795], [0.7296291589736938, 2.2370800971984863, 0.18609796464443207], [-1.2860043048858643, 5.646541118621826, 0.3764677941799164], [0.12379542738199234, 4.747463226318359, 0.05897322669625282], [1.321882724761963, 5.829773902893066, 1.13059663772583], [-2.464837074279785, 4.037117004394531, 0.5971192717552185], [0.4132384955883026, 2.2306692600250244, 0.46351492404937744], [1.2765042781829834, 5.660760879516602, 0.28941968083381653], [0.23832537233829498, 3.6462972164154053, 0.48138654232025146], [1.2931238412857056, 3.53771710395813, 0.7972477078437805], [0.9247138500213623, 3.581916570663452, 0.7817375659942627], [0.2728913426399231, 5.443265914916992, -0.1400608867406845], [0.8582029342651367, 4.764886379241943, 0.44744107127189636], [1.2469576597213745, 4.395224571228027, 1.1930838823318481], [0.9084689617156982, 2.7410616874694824, 0.50437331199646], [1.7741444110870361, 4.417745590209961, 0.8527701497077942], [-0.0657423734664917, 1.2583720684051514, 0.05360399931669235], [-1.8537741899490356, 5.257071495056152, -0.16569417715072632], [-0.9890633225440979, 2.737027883529663, 0.4969906806945801], [0.6224063634872437, 3.3841347694396973, 0.07435598969459534], [-1.132378101348877, 4.613344192504883, 0.6494982838630676], [-0.14224176108837128, 3.0581369400024414, 0.7034266591072083], [2.1972551345825195, 5.119368076324463, 1.0068522691726685], [1.798193335533142, 3.787522315979004, 0.46751636266708374], [-0.05047990381717682, 3.9298436641693115, 0.9450393319129944], [-0.09190124273300171, 3.927936315536499, 1.0433226823806763], [0.1385493129491806, 6.052800178527832, 0.7136730551719666], [-0.5776119232177734, 3.100867509841919, 0.564811110496521], [-0.9895907044410706, 3.3452248573303223, 0.6578116416931152], [0.7728717923164368, 2.505786895751953, 0.4832989275455475], [-0.6541420221328735, 3.9293251037597656, 0.15746080875396729], [0.5346145629882812, 6.183975696563721, 0.018084950745105743], [-2.573761224746704, 4.538285732269287, -0.027640456333756447], [-0.3445555865764618, 5.978813171386719, 1.0294865369796753], [0.11874957382678986, 4.134964942932129, 0.41843512654304504], [-0.6581828594207764, 4.016554832458496, 0.644450843334198], [0.8666809797286987, 4.931448936462402, 0.09942346066236496], [1.3445065021514893, 3.680060386657715, -0.0017258523730561137], [0.4667784869670868, 4.105175495147705, 0.6162322163581848], [0.15165023505687714, 5.721107006072998, 1.0655454397201538], [-2.5261294841766357, 4.67857027053833, 0.03709970787167549], [-1.3837485313415527, 4.844825267791748, 0.725816011428833], [-0.01725850999355316, 4.645467281341553, -0.0787845328450203], [0.4716223478317261, 5.105075359344482, -0.0506548136472702], [0.650888979434967, 3.676102876663208, -0.11362805217504501], [0.5564438700675964, 5.532858371734619, 1.3360780477523804], [0.036594752222299576, 4.307314872741699, 1.1208006143569946], [0.8937721848487854, 4.650120735168457, 0.9672383666038513], [-0.29389622807502747, 2.4829893112182617, -0.016923734918236732], [1.107205867767334, 1.6583598852157593, 0.1472223699092865], [-1.651635766029358, 5.2150959968566895, 0.20126692950725555], [0.1801232248544693, 2.5401113033294678, 0.28212225437164307], [-0.2004091739654541, 6.134603023529053, 0.0161150936037302]]"
2758,0.6549488782753862,0.30941751106001963,0.16373721956884654,-0.044584794772473214,-0.08293066376798608,0.7618566488389625,0.6408659358258659,0.6570231575980605,0.30865012013295273,0.16437488894354652,-0.04465871963672004,-0.08321706418829646,0.7616658610860785,0.6410504153686295,"[75, 95, 205, 229, 239, 242, 286, 382, 424, 429, 467, 478, 494, 522, 557, 584, 585, 625, 626, 669, 705, 789, 874, 929, 1024, 1050, 1086, 1168, 1195, 1217, 1260, 1538, 1547, 1585, 1695, 1729, 1787, 1858, 1896, 1926, 1937, 1950, 2030, 2057, 2089, 2128, 2158, 2185, 2229, 2299, 2344, 2368, 2463, 2556, 2572, 2617, 2659, 2781, 2843, 3078, 3127, 3224, 3228, 3249, 3321, 3342, 3432, 3478, 3504, 3506, 3513, 3525, 3546, 3649, 3735, 3748, 3791, 4064, 4067, 4100, 4107, 4136, 4138, 4215, 4217, 4246, 4255, 4333, 4400, 4420, 4515, 4526, 4703, 4828, 4834, 4838, 4848, 4867, 4955]","[[0.13810033119698906, 4.996510330950599], [0.21975485681245033, 4.057499636138281], [0.3585129856315496, 4.732858404707988], [-0.4629706217359349, 3.917528632838298], [-0.44070616488402237, 3.9865367172942374], [-0.24950001731743465, 2.0541082161085105], [-0.5009845219681903, 5.317767027769297], [-0.10902241961881563, 4.479339062607202], [0.19796239606929578, 3.07898982834237], [0.5009639605412674, 2.3328606384962542], [0.23945175448358008, 4.780852691308259], [-0.13225046057530446, 2.6943984792257485], [0.10298905773972976, 5.6279202115153115], [-0.33567652015516913, 4.9357947054926905], [-0.46934014641246513, 5.150823179668847], [-0.4352793236762934, 4.946394356659736], [0.11259315245692625, 5.658590079755844], [-0.2869179140159848, 3.2129643952375537], [0.43926874791439824, 5.962979937849306], [-0.49039301330739277, 4.4507315229090185], [-0.18352656484820748, 4.954487659383026], [-0.36473426968109524, 3.436132060468518], [0.24885536104896486, 5.976361044778126], [-0.08910965768475422, 5.902083099216991], [0.22220057910722318, 2.087823350834805], [-0.3546306411587631, 5.489544899699774], [-0.4864470849307525, 5.828061268585378], [-0.1663270280289592, 4.644781257585656], [-0.3842255237663151, 5.132446227437651], [0.43478479239390094, 2.6858906441249455], [-0.33892158284360563, 5.979927484328106], [-0.0004814616521151808, 5.640958678577326], [0.027680145183091715, 3.703736174578927], [-0.08946382097739883, 5.719395015958917], [0.4490908159357312, 5.159291532387594], [0.006044040377453866, 5.961135011148791], [0.13769929614800253, 4.395794012953767], [-0.4292281576217973, 5.6016945369007525], [-0.4561558076825657, 5.433719050050288], [-0.25670694791532445, 5.859430847272211], [-0.2428272074666908, 4.031216360007236], [0.3216108119569632, 5.608984955385542], [-0.021477946859035636, 5.9492325611358785], [0.21518917651029987, 4.621692740500721], [0.15115559799836395, 0.8349114371285316], [-0.037740883269420725, 3.666286997518291], [-0.20500958236263112, 1.9329502401567047], [0.1717128160462721, 5.683135423157957], [-0.044256290294734754, 4.473163071473421], [-0.31085593701279063, 5.647654106572905], [0.5030129042692273, 4.878024348241265], [-0.07247889313559261, 1.961901058102191], [-0.28348812971846743, 5.391787067274588], [-0.05975657046828365, 3.381833837756671], [-0.38812322088213974, 3.354781988530895], [-0.2791247508801271, 3.343699480259297], [-0.08265211793885208, 5.159267039669002], [-0.21871372617308804, 4.470479154951779], [-0.4525444809863914, 5.971495291633092], [-0.34745111171502374, 4.257827730022102], [-0.292037707660219, 2.4712616152732862], [-0.4507387896683189, 4.316625448395767], [0.4870811585767786, 1.193838641698807], [0.3066113209133747, 5.555860820716679], [0.39845419601992715, 2.9493032559565133], [-0.15086929359181914, 3.0782273505518907], [0.20170190371074792, 4.684981806991422], [0.07778525696574068, 2.9142528126003913], [-0.49781469999350325, 5.123707222661961], [-0.49344660997328793, 3.678390032550546], [-0.012571221919981028, 3.7725250199937066], [-0.09370098248006456, 5.795199644385397], [0.2189386084765329, 3.0772142256464665], [0.29551276303675617, 3.4872530218680544], [-0.24399495382918326, 2.224930695913546], [0.17677446208632955, 3.849551382197947], [-0.14346731751380926, 5.8780926141059116], [0.4836587331041019, 5.3225482700125815], [-0.019680709351376623, 5.82258541931041], [-0.038690168216480365, 3.8725416967433035], [0.14725240872016104, 3.961676136871814], [-0.20782553943009183, 4.6295410511498885], [-0.356600389763984, 3.4472475004904557], [-0.1371253406513039, 3.829835231073129], [-0.10303461979750841, 5.513384050103019], [0.4587503336106883, 5.404209202776811], [0.2291397858921914, 5.005780000652623], [-0.3664519354076721, 5.9959842932736365], [-0.003692710525865249, 4.39398385641959], [-0.12057638401302148, 4.8080081845092275], [-0.1507570906814697, 3.379807101356777], [-0.18445584449268282, 5.356579940931023], [-0.25174080943443167, 4.425200432194545], [0.25287087065682523, 2.378152279566739], [-0.4853918761941237, 1.4277120575592168], [0.26238691413428183, 5.112760799818224], [0.266269176105125, 5.42023035094907], [0.02828777108749109, 2.2852917603530645], [-0.015748401245906398, 5.8900787540517685]]","[[-0.735512375831604, 5.071609973907471, -0.41982975602149963], [-0.781180739402771, 4.064624309539795, -0.38334643840789795], [-1.690869688987732, 4.409207820892334, -0.17856155335903168], [1.8264570236206055, 4.0445404052734375, 0.09593416750431061], [1.6176284551620483, 4.096442222595215, 0.938147783279419], [0.7538830041885376, 2.314903974533081, 0.5854530334472656], [2.3258464336395264, 5.314465522766113, 0.7844532132148743], [0.30824869871139526, 4.73850679397583, 0.7172616720199585], [-0.5038958191871643, 3.150254726409912, 0.4329964220523834], [-0.7704256176948547, 2.14143443107605, -0.08076226711273193], [-1.3475202322006226, 4.6160688400268555, 0.7044112086296082], [0.5631309151649475, 2.9999711513519287, 0.12128958851099014], [-0.6919013261795044, 5.709843635559082, -0.6784160733222961], [1.4013367891311646, 5.146660327911377, 0.7831169962882996], [1.978013277053833, 5.114731311798096, 1.4492591619491577], [1.8719948530197144, 5.052525520324707, 0.8349053263664246], [-0.8343181610107422, 5.747586250305176, -0.31557759642601013], [0.9735420346260071, 3.477978229522705, 0.5639318823814392], [-2.764158248901367, 5.197350025177002, 0.06001332402229309], [2.0338191986083984, 4.5210676193237305, 0.5370109677314758], [0.6284419298171997, 5.218175411224365, 0.8114650249481201], [1.1839803457260132, 3.5905325412750244, 1.0190378427505493], [-1.6339755058288574, 5.771999359130859, -0.6272463202476501], [0.20993180572986603, 6.1931586265563965, 0.15911541879177094], [-0.15580470860004425, 2.233808755874634, 0.1942511945962906], [1.4308568239212036, 5.536146640777588, 1.6359635591506958], [2.545781135559082, 5.810417652130127, -0.09281937032938004], [0.6671563982963562, 4.9510884284973145, 0.08018825948238373], [1.6244605779647827, 5.264101505279541, 1.0627230405807495], [-0.9142951965332031, 2.4783380031585693, 0.3966814875602722], [1.4849516153335571, 6.096251964569092, 1.4071844816207886], [-0.4432789385318756, 5.759372234344482, 1.110603928565979], [-0.1251818686723709, 3.9142308235168457, 0.487517774105072], [0.14096054434776306, 5.985050201416016, 0.6319344639778137], [-2.1223397254943848, 4.517705917358398, -0.9276341795921326], [-0.2232341468334198, 6.15316915512085, -0.6097013354301453], [-0.7530555725097656, 4.44417667388916, 0.6593567728996277], [2.0866427421569824, 5.712187767028809, 0.48485708236694336], [2.2696025371551514, 5.486732482910156, -0.12071239203214645], [1.1964261531829834, 6.140233516693115, 0.10515481978654861], [0.9093790054321289, 4.313949108123779, 0.5192649364471436], [-1.8733155727386475, 5.270479202270508, -0.5131598711013794], [-0.18706348538398743, 6.19650411605835, 0.0280925165861845], [-0.9702979922294617, 4.599729061126709, -0.38003405928611755], [0.36733919382095337, 1.086186408996582, 0.2718144357204437], [0.0504140630364418, 3.844172477722168, 0.9141488671302795], [0.7296291589736938, 2.2370800971984863, 0.18609796464443207], [-1.2860043048858643, 5.646541118621826, 0.3764677941799164], [0.12379542738199234, 4.747463226318359, 0.05897322669625282], [1.321882724761963, 5.829773902893066, 1.13059663772583], [-2.464837074279785, 4.037117004394531, 0.5971192717552185], [0.4132384955883026, 2.2306692600250244, 0.46351492404937744], [1.2765042781829834, 5.660760879516602, 0.28941968083381653], [0.23832537233829498, 3.6462972164154053, 0.48138654232025146], [1.2931238412857056, 3.53771710395813, 0.7972477078437805], [0.9247138500213623, 3.581916570663452, 0.7817375659942627], [0.2728913426399231, 5.443265914916992, -0.1400608867406845], [0.8582029342651367, 4.764886379241943, 0.44744107127189636], [2.2666237354278564, 6.023579120635986, 0.7465230822563171], [1.2469576597213745, 4.395224571228027, 1.1930838823318481], [0.9084689617156982, 2.7410616874694824, 0.50437331199646], [1.7741444110870361, 4.417745590209961, 0.8527701497077942], [-0.0657423734664917, 1.2583720684051514, 0.05360399931669235], [-1.8537741899490356, 5.257071495056152, -0.16569417715072632], [-0.9890633225440979, 2.737027883529663, 0.4969906806945801], [0.6224063634872437, 3.3841347694396973, 0.07435598969459534], [-1.132378101348877, 4.613344192504883, 0.6494982838630676], [-0.14224176108837128, 3.0581369400024414, 0.7034266591072083], [2.1972551345825195, 5.119368076324463, 1.0068522691726685], [1.798193335533142, 3.787522315979004, 0.46751636266708374], [-0.05047990381717682, 3.9298436641693115, 0.9450393319129944], [0.1385493129491806, 6.052800178527832, 0.7136730551719666], [-0.5776119232177734, 3.100867509841919, 0.564811110496521], [-0.9895907044410706, 3.3452248573303223, 0.6578116416931152], [0.7728717923164368, 2.505786895751953, 0.4832989275455475], [-0.6541420221328735, 3.9293251037597656, 0.15746080875396729], [0.5346145629882812, 6.183975696563721, 0.018084950745105743], [-2.573761224746704, 4.538285732269287, -0.027640456333756447], [-0.3445555865764618, 5.978813171386719, 1.0294865369796753], [0.11874957382678986, 4.134964942932129, 0.41843512654304504], [-0.6581828594207764, 4.016554832458496, 0.644450843334198], [0.8666809797286987, 4.931448936462402, 0.09942346066236496], [1.3445065021514893, 3.680060386657715, -0.0017258523730561137], [0.4667784869670868, 4.105175495147705, 0.6162322163581848], [0.15165023505687714, 5.721107006072998, 1.0655454397201538], [-2.5261294841766357, 4.67857027053833, 0.03709970787167549], [-1.3837485313415527, 4.844825267791748, 0.725816011428833], [1.6661698818206787, 6.099275588989258, 1.3275634050369263], [-0.01725850999355316, 4.645467281341553, -0.0787845328450203], [0.4716223478317261, 5.105075359344482, -0.0506548136472702], [0.650888979434967, 3.676102876663208, -0.11362805217504501], [0.5564438700675964, 5.532858371734619, 1.3360780477523804], [0.8937721848487854, 4.650120735168457, 0.9672383666038513], [-0.29389622807502747, 2.4829893112182617, -0.016923734918236732], [1.107205867767334, 1.6583598852157593, 0.1472223699092865], [-1.3201606273651123, 4.948207378387451, -0.687322735786438], [-1.651635766029358, 5.2150959968566895, 0.20126692950725555], [0.1801232248544693, 2.5401113033294678, 0.28212225437164307], [-0.2004091739654541, 6.134603023529053, 0.0161150936037302]]"
2760,0.7448662583759484,0.34563992883852757,0.1862165645939871,-0.060138324469676464,-0.07943180887462337,0.7704214902873564,0.6297020700079478,0.7449041319472608,0.34478565795388844,0.18548266163609278,-0.05996959689313623,-0.07972168006469622,0.770314500436249,0.6298124098442242,"[75, 95, 205, 229, 239, 242, 286, 382, 424, 429, 467, 478, 494, 522, 557, 584, 585, 606, 625, 626, 656, 669, 705, 789, 874, 929, 1024, 1086, 1158, 1168, 1195, 1217, 1260, 1538, 1547, 1585, 1589, 1695, 1729, 1787, 1858, 1896, 1926, 1937, 1950, 1958, 2030, 2057, 2089, 2158, 2185, 2229, 2299, 2344, 2368, 2463, 2556, 2572, 2617, 2659, 2781, 2843, 3078, 3127, 3141, 3224, 3249, 3342, 3432, 3504, 3506, 3525, 3546, 3549, 3735, 3748, 3791, 4064, 4067, 4100, 4107, 4136, 4138, 4215, 4217, 4246, 4255, 4333, 4400, 4420, 4515, 4526, 4703, 4828, 4834, 4838, 4848, 4867, 4875, 4955]","[[0.1286057200557869, 4.988651836854584], [0.21360158822333322, 4.059302612497364], [0.3481227577944026, 4.749231869057987], [-0.47329148412948013, 3.8597072115332445], [-0.454863369087021, 3.9274362164348795], [-0.24069125289025217, 2.0113922057064397], [-0.518907441149204, 5.250344897092185], [-0.12166271145667326, 4.448223294440673], [0.2003991681394968, 3.0789276296298853], [0.5128678018152097, 2.361031844293336], [0.23088069348285117, 4.782265216065973], [-0.12511589359385733, 2.6620237761634327], [0.09165004756371695, 5.620553544534543], [-0.3505800572355551, 4.884307277202965], [-0.4896702216154445, 5.089529085604073], [-0.44981018686893187, 4.8881179691356085], [0.09998256340785946, 5.6503492321606865], [0.04937151438938635, 5.555814911981437], [-0.28851578301273895, 3.1657623398159247], [0.42430767341151493, 5.986874480192459], [0.19915564136067418, 5.452772858702841], [-0.5049289430964348, 4.388240316425933], [-0.19574025497464012, 4.916062314663991], [-0.37263399884813775, 3.3813493187505697], [0.23553903315156877, 5.980412988079626], [-0.10384965105140273, 5.874609510776602], [0.23978553865599123, 2.092470110455433], [-0.5008748208187027, 5.763887480518547], [0.17880284941318625, 5.735467794971274], [-0.17365174581589932, 4.609384156268856], [-0.4026996438441289, 5.074116440636851], [0.4382161521809653, 2.709304673634479], [-0.3594119517506882, 5.92900744039328], [-0.016825771349072823, 5.619476976168756], [0.0230101559293466, 3.6861886526039256], [-0.10558510564194203, 5.691087496091057], [-0.3261189887825597, 5.790000767827819], [0.4358188772200633, 5.181933251753894], [-0.006059765700309247, 5.940944470743757], [0.12699220453145146, 4.389521254812932], [-0.44523872288823707, 5.54182899471509], [-0.467982489599609, 5.37526715228868], [-0.26925108389769903, 5.815429920136587], [-0.2517592370289914, 3.9886940089109353], [0.3104739117349413, 5.620071307397062], [0.5213039125533792, 3.4909546771117617], [-0.03390045980155081, 5.92688357279389], [0.20489715435189568, 4.622882565860189], [0.24213174414946523, 0.8358573713896215], [-0.189065081836563, 1.8928330477298874], [0.15605547680392826, 5.678091130242868], [-0.05083791035892912, 4.450481693885389], [-0.3302814842171754, 5.59799904020051], [0.4949268667917079, 4.9064089912355415], [-0.054952338079208976, 1.935951342710572], [-0.2975183033573103, 5.345605175081663], [-0.06312855531502912, 3.3539278414693183], [-0.3974254724600835, 3.2993944059167655], [-0.28355989134252296, 3.2995319771503326], [-0.0912479865318284, 5.1303681225782904], [-0.23115754475856282, 4.430801484709706], [-0.4718730420502304, 5.908513394614783], [-0.36067776515515143, 4.206912034920845], [-0.2857680469455235, 2.426428906018132], [-0.06151460390782291, 5.862000599292472], [-0.4651936736223329, 4.257497539540327], [0.2951240882289477, 5.565907026892606], [-0.14966248030782975, 3.0434192239621316], [0.19164804217669476, 4.685528553544683], [-0.5149440917703388, 5.058632578128677], [-0.49967527689487945, 3.6157197180153284], [-0.10953632658785453, 5.7649369376191], [0.2187813309787872, 3.077641084564295], [0.2067893694198086, 4.22648104407703], [-0.2371088277402594, 2.1824525316387855], [0.1717262177735279, 3.8478637952248618], [-0.15227860223298154, 5.845646509946128], [0.46689751910924726, 5.348802854263687], [-0.03726591236491571, 5.8003812836030795], [-0.045368227328243665, 3.8489371098163745], [0.14095320679475057, 3.956328118763349], [-0.21637919885644422, 4.590889963511016], [-0.36208246343182915, 3.3973989498253627], [-0.14484709296000647, 3.7977152794818467], [-0.11857477695266759, 5.481623253337017], [0.44501855140511687, 5.430272767195985], [0.21689579324346514, 5.004809658900532], [-0.38604879427596284, 5.941486854145062], [-0.010658012496473853, 4.375518728691595], [-0.12788294814504333, 4.775602461496066], [-0.14886004608590572, 3.3480854029595957], [-0.20165089095425165, 5.319462713290315], [-0.26447657157068466, 4.379691309566833], [0.26521749011517654, 2.38629166598205], [-0.45628602801649104, 1.3669912719383461], [0.2510444122753747, 5.11695916087548], [0.25407846196200917, 5.428546042259893], [0.042579145775108566, 2.2690260099920985], [0.4134189642750686, 2.5526421176889955], [-0.029171171294738462, 5.8689895423489284]]","[[-0.735512375831604, 5.071609973907471, -0.41982975602149963], [-0.781180739402771, 4.064624309539795, -0.38334643840789795], [-1.690869688987732, 4.409207820892334, -0.17856155335903168], [1.8264570236206055, 4.0445404052734375, 0.09593416750431061], [1.6176284551620483, 4.096442222595215, 0.938147783279419], [0.7538830041885376, 2.314903974533081, 0.5854530334472656], [2.3258464336395264, 5.314465522766113, 0.7844532132148743], [0.30824869871139526, 4.73850679397583, 0.7172616720199585], [-0.5038958191871643, 3.150254726409912, 0.4329964220523834], [-0.7704256176948547, 2.14143443107605, -0.08076226711273193], [-1.3475202322006226, 4.6160688400268555, 0.7044112086296082], [0.5631309151649475, 2.9999711513519287, 0.12128958851099014], [-0.6919013261795044, 5.709843635559082, -0.6784160733222961], [1.4013367891311646, 5.146660327911377, 0.7831169962882996], [1.978013277053833, 5.114731311798096, 1.4492591619491577], [1.8719948530197144, 5.052525520324707, 0.8349053263664246], [-0.8343181610107422, 5.747586250305176, -0.31557759642601013], [-0.42395034432411194, 5.697216510772705, -0.7365975975990295], [0.9735420346260071, 3.477978229522705, 0.5639318823814392], [-2.764158248901367, 5.197350025177002, 0.06001332402229309], [-1.16005277633667, 5.355739593505859, -0.8161808848381042], [2.0338191986083984, 4.5210676193237305, 0.5370109677314758], [0.6284419298171997, 5.218175411224365, 0.8114650249481201], [1.1839803457260132, 3.5905325412750244, 1.0190378427505493], [-1.6339755058288574, 5.771999359130859, -0.6272463202476501], [0.20993180572986603, 6.1931586265563965, 0.15911541879177094], [-0.15580470860004425, 2.233808755874634, 0.1942511945962906], [2.545781135559082, 5.810417652130127, -0.09281937032938004], [-1.1739826202392578, 5.660854816436768, -0.7993767261505127], [0.6671563982963562, 4.9510884284973145, 0.08018825948238373], [1.6244605779647827, 5.264101505279541, 1.0627230405807495], [-0.9142951965332031, 2.4783380031585693, 0.3966814875602722], [1.4849516153335571, 6.096251964569092, 1.4071844816207886], [-0.4432789385318756, 5.759372234344482, 1.110603928565979], [-0.1251818686723709, 3.9142308235168457, 0.487517774105072], [0.14096054434776306, 5.985050201416016, 0.6319344639778137], [1.6119093894958496, 6.039199352264404, -0.3803015649318695], [-2.1223397254943848, 4.517705917358398, -0.9276341795921326], [-0.2232341468334198, 6.15316915512085, -0.6097013354301453], [-0.7530555725097656, 4.44417667388916, 0.6593567728996277], [2.0866427421569824, 5.712187767028809, 0.48485708236694336], [2.2696025371551514, 5.486732482910156, -0.12071239203214645], [1.1964261531829834, 6.140233516693115, 0.10515481978654861], [0.9093790054321289, 4.313949108123779, 0.5192649364471436], [-1.8733155727386475, 5.270479202270508, -0.5131598711013794], [-1.434418797492981, 2.976118564605713, -0.5435752868652344], [-0.18706348538398743, 6.19650411605835, 0.0280925165861845], [-0.9702979922294617, 4.599729061126709, -0.38003405928611755], [0.36733919382095337, 1.086186408996582, 0.2718144357204437], [0.7296291589736938, 2.2370800971984863, 0.18609796464443207], [-1.2860043048858643, 5.646541118621826, 0.3764677941799164], [0.12379542738199234, 4.747463226318359, 0.05897322669625282], [1.321882724761963, 5.829773902893066, 1.13059663772583], [-2.464837074279785, 4.037117004394531, 0.5971192717552185], [0.4132384955883026, 2.2306692600250244, 0.46351492404937744], [1.2765042781829834, 5.660760879516602, 0.28941968083381653], [0.23832537233829498, 3.6462972164154053, 0.48138654232025146], [1.2931238412857056, 3.53771710395813, 0.7972477078437805], [0.9247138500213623, 3.581916570663452, 0.7817375659942627], [0.2728913426399231, 5.443265914916992, -0.1400608867406845], [0.8582029342651367, 4.764886379241943, 0.44744107127189636], [2.2666237354278564, 6.023579120635986, 0.7465230822563171], [1.2469576597213745, 4.395224571228027, 1.1930838823318481], [0.9084689617156982, 2.7410616874694824, 0.50437331199646], [0.11934449523687363, 6.121015548706055, -0.599793553352356], [1.7741444110870361, 4.417745590209961, 0.8527701497077942], [-1.8537741899490356, 5.257071495056152, -0.16569417715072632], [0.6224063634872437, 3.3841347694396973, 0.07435598969459534], [-1.132378101348877, 4.613344192504883, 0.6494982838630676], [2.1972551345825195, 5.119368076324463, 1.0068522691726685], [1.798193335533142, 3.787522315979004, 0.46751636266708374], [0.1385493129491806, 6.052800178527832, 0.7136730551719666], [-0.5776119232177734, 3.100867509841919, 0.564811110496521], [-0.7489219307899475, 4.207465648651123, -0.6649905443191528], [0.7728717923164368, 2.505786895751953, 0.4832989275455475], [-0.6541420221328735, 3.9293251037597656, 0.15746080875396729], [0.5346145629882812, 6.183975696563721, 0.018084950745105743], [-2.573761224746704, 4.538285732269287, -0.027640456333756447], [-0.3445555865764618, 5.978813171386719, 1.0294865369796753], [0.11874957382678986, 4.134964942932129, 0.41843512654304504], [-0.6581828594207764, 4.016554832458496, 0.644450843334198], [0.8666809797286987, 4.931448936462402, 0.09942346066236496], [1.3445065021514893, 3.680060386657715, -0.0017258523730561137], [0.4667784869670868, 4.105175495147705, 0.6162322163581848], [0.15165023505687714, 5.721107006072998, 1.0655454397201538], [-2.5261294841766357, 4.67857027053833, 0.03709970787167549], [-1.3837485313415527, 4.844825267791748, 0.725816011428833], [1.6661698818206787, 6.099275588989258, 1.3275634050369263], [-0.01725850999355316, 4.645467281341553, -0.0787845328450203], [0.4716223478317261, 5.105075359344482, -0.0506548136472702], [0.650888979434967, 3.676102876663208, -0.11362805217504501], [0.5564438700675964, 5.532858371734619, 1.3360780477523804], [0.8937721848487854, 4.650120735168457, 0.9672383666038513], [-0.29389622807502747, 2.4829893112182617, -0.016923734918236732], [1.107205867767334, 1.6583598852157593, 0.1472223699092865], [-1.3201606273651123, 4.948207378387451, -0.687322735786438], [-1.651635766029358, 5.2150959968566895, 0.20126692950725555], [0.1801232248544693, 2.5401113033294678, 0.28212225437164307], [-0.6076949834823608, 2.428687334060669, -0.4173581302165985], [-0.2004091739654541, 6.134603023529053, 0.0161150936037302]]"
2762,0.8330677960969046,0.3786793746821536,0.20826694902422616,-0.06979374731934104,-0.06819884669889002,0.7793654073082297,0.6189243185037588,0.8325536451566038,0.3773083814991178,0.2084606611046159,-0.0696839334984798,-0.06833776934250825,0.7793825122798766,0.6188998289269254,"[75, 95, 205, 229, 239, 369, 382, 424, 429, 467, 478, 494, 522, 584, 585, 606, 625, 656, 669, 705, 806, 874, 929, 1024, 1086, 1158, 1168, 1195, 1260, 1344, 1442, 1547, 1585, 1589, 1629, 1632, 1695, 1729, 1787, 1858, 1896, 1926, 1937, 1950, 1958, 2030, 2057, 2089, 2158, 2185, 2229, 2299, 2368, 2463, 2556, 2572, 2617, 2659, 2750, 2781, 2843, 2846, 3127, 3141, 3224, 3249, 3342, 3432, 3506, 3525, 3549, 3735, 3748, 3791, 4064, 4067, 4100, 4107, 4136, 4138, 4215, 4217, 4246, 4255, 4333, 4400, 4420, 4515, 4662, 4703, 4828, 4834, 4838, 4848, 4854, 4867, 4875, 4955]","[[0.11434072665715156, 4.986330994230697], [0.2065504468670702, 4.067822810871965], [0.33761962480100904, 4.770415584246603], [-0.4803150141789987, 3.803336637979978], [-0.4650565858264917, 3.873009152238834], [-0.11199678900174109, 5.986976155135709], [-0.12964890952626434, 4.423372009119842], [0.20103445768412503, 3.0843939469936785], [0.5185948636185107, 2.3980358857979045], [0.22303617544007334, 4.791245972716712], [-0.12043676160545816, 2.637058381643406], [0.07793752832588156, 5.616198344948159], [-0.36688649958045716, 4.838795536160641], [-0.4647756768499513, 4.834088946438196], [0.08562497373414882, 5.645891698492711], [0.034649380498540966, 5.5475175229765314], [-0.2920045145574673, 3.124533579551369], [0.18433834608757008, 5.459347264314762], [-0.5167849896250704, 4.327442738434604], [-0.20804523645466355, 4.882057135468268], [-0.4731759301149814, 5.966283989662477], [0.22205692414508002, 5.989695864497416], [-0.11766509242076721, 5.8483839964962225], [0.25298320816556924, 2.1011851696520982], [-0.5155963490278332, 5.708961491978961], [0.16616829627353094, 5.73836179567265], [-0.18707172304999797, 4.579462238289005], [-0.4156782801135135, 5.024588473119864], [-0.37798092971291, 5.88033977815535], [-0.2242887218899013, 4.323270260870042], [0.3585287534711005, 4.116682576117159], [0.019212854208335448, 3.674519546848442], [-0.12025812611378157, 5.666924451652232], [-0.34081071231209875, 5.746899570416708], [-0.24407630956955612, 4.275138998654005], [0.2963490660632053, 4.7488908520968645], [0.4232043176782031, 5.2095505710321754], [-0.019775911817327286, 5.927734981430269], [0.12032605469115495, 4.387912135767645], [-0.461355613590237, 5.488940203816833], [-0.48353514630789984, 5.319737623245383], [-0.2837261929164103, 5.778059658260684], [-0.2606128098206483, 3.9514914000311325], [0.2947321360823381, 5.635648213044331], [0.5145246590145801, 3.527634244848389], [-0.05066986977787816, 5.910200638651379], [0.19510405451204862, 4.626761499355687], [0.32778976752234823, 0.8475707068241206], [-0.16993355827431147, 1.8657867602329334], [0.14337019633531492, 5.681380031759577], [-0.06032546239161356, 4.429180478759829], [-0.3434146766432849, 5.553788567079203], [-0.035052247669882575, 1.9177872600765853], [-0.3101303689784942, 5.303881321147284], [-0.06729468947238161, 3.3316781625112006], [-0.402642714830826, 3.249585954803532], [-0.2887984507554427, 3.258422400747874], [-0.10379208836138883, 5.1093667127951345], [0.0003030094546369065, 4.9884921993961155], [-0.24070975853919957, 4.39606629223915], [-0.4867236187341473, 5.8529258402531825], [-0.3780251020173554, 5.183103365085044], [-0.28459870225302775, 2.385816487731327], [-0.07654961929052517, 5.842784120011394], [-0.48075671250753327, 4.200954044682077], [0.28183803326999535, 5.579599458831083], [-0.14891915144263765, 3.0164989818993893], [0.18241535395040256, 4.688319498854309], [-0.5096755708730951, 3.5549634623862723], [-0.12244237813217816, 5.738300845332604], [0.19765231650329085, 4.2329392464388], [-0.2246340343103126, 2.1475013146314037], [0.16680445105092248, 3.8505241035323015], [-0.16846697389233772, 5.81687322221008], [0.45567821353717114, 5.382240992556721], [-0.04979402155536871, 5.783413022181705], [-0.053664571691980266, 3.8302483905776894], [0.13435821080242863, 3.956715716678541], [-0.22941166436742333, 4.557719034680549], [-0.36401043610663436, 3.3505464348468688], [-0.15027048772258605, 3.76811724282319], [-0.130728133380267, 5.454565425195857], [0.43263004067842714, 5.456846112619926], [0.2095560979262031, 5.0115048967813545], [-0.402737281269749, 5.8898531403959], [-0.01896451658611859, 4.359865897187153], [-0.14175460210575633, 4.748378453887323], [-0.1514354714673096, 3.318886248872312], [0.39172822180641875, 4.498505015448532], [-0.2757935225463328, 4.339679274107493], [0.27246624098948985, 2.396059173028184], [-0.42813804283543894, 1.3131858331907325], [0.2395629933177959, 5.127334043720251], [0.24090999025162874, 5.436480180285489], [-0.48100748184922043, 5.432635675185479], [0.05453016414829676, 2.2599221982472906], [0.41626118276133495, 2.579772823753813], [-0.04421624947724681, 5.851506948812982]]","[[-0.735512375831604, 5.071609973907471, -0.41982975602149963], [-0.781180739402771, 4.064624309539795, -0.38334643840789795], [-1.690869688987732, 4.409207820892334, -0.17856155335903168], [1.8264570236206055, 4.0445404052734375, 0.09593416750431061], [1.6176284551620483, 4.096442222595215, 0.938147783279419], [0.3492780029773712, 6.264769077301025, -0.7640897631645203], [0.30824869871139526, 4.73850679397583, 0.7172616720199585], [-0.5038958191871643, 3.150254726409912, 0.4329964220523834], [-0.7704256176948547, 2.14143443107605, -0.08076226711273193], [-1.3475202322006226, 4.6160688400268555, 0.7044112086296082], [0.5631309151649475, 2.9999711513519287, 0.12128958851099014], [-0.6919013261795044, 5.709843635559082, -0.6784160733222961], [1.4013367891311646, 5.146660327911377, 0.7831169962882996], [1.8719948530197144, 5.052525520324707, 0.8349053263664246], [-0.8343181610107422, 5.747586250305176, -0.31557759642601013], [-0.42395034432411194, 5.697216510772705, -0.7365975975990295], [0.9735420346260071, 3.477978229522705, 0.5639318823814392], [-1.16005277633667, 5.355739593505859, -0.8161808848381042], [2.0338191986083984, 4.5210676193237305, 0.5370109677314758], [0.6284419298171997, 5.218175411224365, 0.8114650249481201], [2.303736448287964, 6.15722131729126, 0.27828487753868103], [-1.6339755058288574, 5.771999359130859, -0.6272463202476501], [0.20993180572986603, 6.1931586265563965, 0.15911541879177094], [-0.15580470860004425, 2.233808755874634, 0.1942511945962906], [2.545781135559082, 5.810417652130127, -0.09281937032938004], [-1.1739826202392578, 5.660854816436768, -0.7993767261505127], [0.6671563982963562, 4.9510884284973145, 0.08018825948238373], [1.6244605779647827, 5.264101505279541, 1.0627230405807495], [1.4849516153335571, 6.096251964569092, 1.4071844816207886], [0.9604702591896057, 4.650146961212158, -0.4360598027706146], [-1.2429896593093872, 3.776762008666992, -0.8402048349380493], [-0.1251818686723709, 3.9142308235168457, 0.487517774105072], [0.14096054434776306, 5.985050201416016, 0.6319344639778137], [1.6119093894958496, 6.039199352264404, -0.3803015649318695], [1.0243852138519287, 4.614221096038818, -0.3322118818759918], [-1.3120083808898926, 4.4540181159973145, -0.9510701298713684], [-2.1223397254943848, 4.517705917358398, -0.9276341795921326], [-0.2232341468334198, 6.15316915512085, -0.6097013354301453], [-0.7530555725097656, 4.44417667388916, 0.6593567728996277], [2.0866427421569824, 5.712187767028809, 0.48485708236694336], [2.2696025371551514, 5.486732482910156, -0.12071239203214645], [1.1964261531829834, 6.140233516693115, 0.10515481978654861], [0.9093790054321289, 4.313949108123779, 0.5192649364471436], [-1.8733155727386475, 5.270479202270508, -0.5131598711013794], [-1.434418797492981, 2.976118564605713, -0.5435752868652344], [-0.18706348538398743, 6.19650411605835, 0.0280925165861845], [-0.9702979922294617, 4.599729061126709, -0.38003405928611755], [0.36733919382095337, 1.086186408996582, 0.2718144357204437], [0.7296291589736938, 2.2370800971984863, 0.18609796464443207], [-1.2860043048858643, 5.646541118621826, 0.3764677941799164], [0.12379542738199234, 4.747463226318359, 0.05897322669625282], [1.321882724761963, 5.829773902893066, 1.13059663772583], [0.4132384955883026, 2.2306692600250244, 0.46351492404937744], [1.2765042781829834, 5.660760879516602, 0.28941968083381653], [0.23832537233829498, 3.6462972164154053, 0.48138654232025146], [1.2931238412857056, 3.53771710395813, 0.7972477078437805], [0.9247138500213623, 3.581916570663452, 0.7817375659942627], [0.2728913426399231, 5.443265914916992, -0.1400608867406845], [-0.09902448207139969, 5.187546253204346, -0.7424336671829224], [0.8582029342651367, 4.764886379241943, 0.44744107127189636], [2.2666237354278564, 6.023579120635986, 0.7465230822563171], [1.7300890684127808, 5.448585510253906, -0.3523448407649994], [0.9084689617156982, 2.7410616874694824, 0.50437331199646], [0.11934449523687363, 6.121015548706055, -0.599793553352356], [1.7741444110870361, 4.417745590209961, 0.8527701497077942], [-1.8537741899490356, 5.257071495056152, -0.16569417715072632], [0.6224063634872437, 3.3841347694396973, 0.07435598969459534], [-1.132378101348877, 4.613344192504883, 0.6494982838630676], [1.798193335533142, 3.787522315979004, 0.46751636266708374], [0.1385493129491806, 6.052800178527832, 0.7136730551719666], [-0.7489219307899475, 4.207465648651123, -0.6649905443191528], [0.7728717923164368, 2.505786895751953, 0.4832989275455475], [-0.6541420221328735, 3.9293251037597656, 0.15746080875396729], [0.5346145629882812, 6.183975696563721, 0.018084950745105743], [-2.573761224746704, 4.538285732269287, -0.027640456333756447], [-0.3445555865764618, 5.978813171386719, 1.0294865369796753], [0.11874957382678986, 4.134964942932129, 0.41843512654304504], [-0.6581828594207764, 4.016554832458496, 0.644450843334198], [0.8666809797286987, 4.931448936462402, 0.09942346066236496], [1.3445065021514893, 3.680060386657715, -0.0017258523730561137], [0.4667784869670868, 4.105175495147705, 0.6162322163581848], [0.15165023505687714, 5.721107006072998, 1.0655454397201538], [-2.5261294841766357, 4.67857027053833, 0.03709970787167549], [-1.3837485313415527, 4.844825267791748, 0.725816011428833], [1.6661698818206787, 6.099275588989258, 1.3275634050369263], [-0.01725850999355316, 4.645467281341553, -0.0787845328450203], [0.4716223478317261, 5.105075359344482, -0.0506548136472702], [0.650888979434967, 3.676102876663208, -0.11362805217504501], [-1.5445491075515747, 4.010852336883545, -0.9767881631851196], [0.8937721848487854, 4.650120735168457, 0.9672383666038513], [-0.29389622807502747, 2.4829893112182617, -0.016923734918236732], [1.107205867767334, 1.6583598852157593, 0.1472223699092865], [-1.3201606273651123, 4.948207378387451, -0.687322735786438], [-1.651635766029358, 5.2150959968566895, 0.20126692950725555], [2.3035244941711426, 5.582573413848877, -0.2522464692592621], [0.1801232248544693, 2.5401113033294678, 0.28212225437164307], [-0.6076949834823608, 2.428687334060669, -0.4173581302165985], [-0.2004091739654541, 6.134603023529053, 0.0161150936037302]]"
2764,0.9193503141098869,0.4082315908356735,0.22983757852747172,-0.07277993645354434,-0.05017579178673855,0.7882177550660855,0.6090141553091951,0.9198299749615849,0.4076888423980549,0.22921252088140343,-0.07280739283553658,-0.05088677786926759,0.788174136360009,0.609008333407458,"[75, 95, 205, 229, 239, 369, 382, 424, 478, 494, 522, 584, 585, 606, 625, 656, 705, 806, 929, 1024, 1158, 1164, 1168, 1195, 1344, 1442, 1547, 1585, 1589, 1629, 1632, 1695, 1729, 1787, 1858, 1896, 1926, 1937, 1950, 1958, 2004, 2030, 2057, 2089, 2158, 2185, 2229, 2299, 2463, 2527, 2556, 2572, 2659, 2750, 2781, 2809, 2843, 2846, 3127, 3141, 3224, 3249, 3342, 3432, 3506, 3525, 3549, 3735, 3748, 3791, 4064, 4100, 4136, 4138, 4215, 4216, 4246, 4322, 4333, 4400, 4420, 4515, 4662, 4828, 4834, 4838, 4848, 4854, 4867, 4875, 4955]","[[0.10106656028362086, 4.989610526338737], [0.19742795457052442, 4.076891632835976], [0.32897696826838635, 4.794251875816842], [-0.48971029545995387, 3.7522428958420977], [-0.47215029336152514, 3.822911303428123], [-0.12835854252704323, 5.9670009594848015], [-0.13763961263906513, 4.402463978535996], [0.20676503796001097, 3.0960918313729704], [-0.11395695395798872, 2.6188881037421434], [0.06378587820805967, 5.614839565830986], [-0.37728373727384285, 4.797267899762757], [-0.47923639762210657, 4.781669661388889], [0.07335579274918576, 5.646467392684654], [0.019423030704902765, 5.542279948279318], [-0.29072623230698874, 3.0902393593091184], [0.16736405893446343, 5.467110828728301], [-0.2175177813025836, 4.8558062815891105], [-0.4894391816983483, 5.916452347950804], [-0.13309789018865403, 5.828912705461522], [0.2710661049644688, 2.11821318471773], [0.1474991881003502, 5.746084348027996], [-0.5022643167749161, 5.516432667389193], [-0.19441919260560767, 4.552802387101836], [-0.4256074003047506, 4.9800846610735245], [-0.2384681184363806, 4.294954250286152], [0.34606903737197864, 4.142719619292196], [0.019208858365736256, 3.666805685626768], [-0.1297763788905594, 5.64785368586584], [-0.3558586631790051, 5.707914627032523], [-0.25638842880142804, 4.245152755892615], [0.279898835195259, 4.765805386741875], [0.4060667659441591, 5.239185537800273], [-0.038170078295065205, 5.91820900703286], [0.1162386393389415, 4.389053252779616], [-0.476871001261139, 5.439231728474528], [-0.499498224623096, 5.2696821581793065], [-0.298788050031541, 5.74095622183382], [-0.267309994820266, 3.918285005922141], [0.27879441618780515, 5.653293781914367], [0.5065920269164972, 3.56506023729446], [0.125272168242834, 4.50256330832771], [-0.06294762121964918, 5.89830511877216], [0.18549172768018996, 4.636158478931566], [0.40924895982452025, 0.8734992516866992], [-0.15203987468193403, 1.8417947656132196], [0.1327930762800194, 5.686309050855364], [-0.06988089498576558, 4.41407697019673], [-0.35715835089389203, 5.510040607347836], [-0.32215085273992583, 5.2678684880920015], [-0.24797869789240887, 1.5992556940087357], [-0.06389096929921656, 3.3196268513464524], [-0.4035126185161509, 3.2039004528371593], [-0.1184015691790773, 5.09035521660212], [-0.014255201446900567, 4.983408302276761], [-0.2500831664855327, 4.363528457271793], [-0.28886041353782765, 5.987620131758751], [-0.5025613013081776, 5.800527885783619], [-0.3926839052647475, 5.1411200023346275], [-0.2739565541592028, 2.350384409323111], [-0.09350680800142351, 5.828113525043733], [-0.48787277326486855, 4.149049372297529], [0.26902763812029357, 5.5985951519586585], [-0.14913206490729797, 2.9975765817115803], [0.177364971769928, 4.696570458011201], [-0.5168258954659836, 3.503000373553159], [-0.13541999679445746, 5.719809512769651], [0.18672090338148345, 4.244337662111766], [-0.2094673368426865, 2.1197197533609122], [0.16455706648456442, 3.8580065231974796], [-0.18157630435282165, 5.79260430305909], [0.4448132253901068, 5.412274665079062], [-0.056155471374088516, 3.817948325089272], [-0.23911124343469328, 4.527254921461066], [-0.37059578427980366, 3.3102137229778674], [-0.15339169784943277, 3.7451517145044315], [-0.19320577927795532, 3.6878770725558994], [0.42089652616161927, 5.488344287847303], [0.38096376296518125, 3.191871636395513], [-0.4160347937292711, 5.847264542015934], [-0.0293627597977457, 4.351432767200407], [-0.1498165569370049, 4.728449621780636], [-0.1568799717541767, 3.2973932534196675], [0.3772816318082776, 4.52399638500567], [0.27966062171831585, 2.4135123378619676], [-0.3943189773424317, 1.2704019644790825], [0.2249264084417848, 5.143289264302707], [0.23011295783470834, 5.45002799114212], [-0.4978024005890463, 5.379155926273368], [0.0700128644201001, 2.255673997135488], [0.41728402266038306, 2.6136717690486204], [-0.059828609258772286, 5.839035037420483]]","[[-0.735512375831604, 5.071609973907471, -0.41982975602149963], [-0.781180739402771, 4.064624309539795, -0.38334643840789795], [-1.690869688987732, 4.409207820892334, -0.17856155335903168], [1.8264570236206055, 4.0445404052734375, 0.09593416750431061], [1.6176284551620483, 4.096442222595215, 0.938147783279419], [0.3492780029773712, 6.264769077301025, -0.7640897631645203], [0.30824869871139526, 4.73850679397583, 0.7172616720199585], [-0.5038958191871643, 3.150254726409912, 0.4329964220523834], [0.5631309151649475, 2.9999711513519287, 0.12128958851099014], [-0.6919013261795044, 5.709843635559082, -0.6784160733222961], [1.4013367891311646, 5.146660327911377, 0.7831169962882996], [1.8719948530197144, 5.052525520324707, 0.8349053263664246], [-0.8343181610107422, 5.747586250305176, -0.31557759642601013], [-0.42395034432411194, 5.697216510772705, -0.7365975975990295], [0.9735420346260071, 3.477978229522705, 0.5639318823814392], [-1.16005277633667, 5.355739593505859, -0.8161808848381042], [0.6284419298171997, 5.218175411224365, 0.8114650249481201], [2.303736448287964, 6.15722131729126, 0.27828487753868103], [0.20993180572986603, 6.1931586265563965, 0.15911541879177094], [-0.15580470860004425, 2.233808755874634, 0.1942511945962906], [-1.1739826202392578, 5.660854816436768, -0.7993767261505127], [2.381521463394165, 5.68796443939209, -0.3931300938129425], [0.6671563982963562, 4.9510884284973145, 0.08018825948238373], [1.6244605779647827, 5.264101505279541, 1.0627230405807495], [0.9604702591896057, 4.650146961212158, -0.4360598027706146], [-1.2429896593093872, 3.776762008666992, -0.8402048349380493], [-0.1251818686723709, 3.9142308235168457, 0.487517774105072], [0.14096054434776306, 5.985050201416016, 0.6319344639778137], [1.6119093894958496, 6.039199352264404, -0.3803015649318695], [1.0243852138519287, 4.614221096038818, -0.3322118818759918], [-1.3120083808898926, 4.4540181159973145, -0.9510701298713684], [-2.1223397254943848, 4.517705917358398, -0.9276341795921326], [-0.2232341468334198, 6.15316915512085, -0.6097013354301453], [-0.7530555725097656, 4.44417667388916, 0.6593567728996277], [2.0866427421569824, 5.712187767028809, 0.48485708236694336], [2.2696025371551514, 5.486732482910156, -0.12071239203214645], [1.1964261531829834, 6.140233516693115, 0.10515481978654861], [0.9093790054321289, 4.313949108123779, 0.5192649364471436], [-1.8733155727386475, 5.270479202270508, -0.5131598711013794], [-1.434418797492981, 2.976118564605713, -0.5435752868652344], [-0.5687529444694519, 4.522246837615967, -0.841819167137146], [-0.18706348538398743, 6.19650411605835, 0.0280925165861845], [-0.9702979922294617, 4.599729061126709, -0.38003405928611755], [0.36733919382095337, 1.086186408996582, 0.2718144357204437], [0.7296291589736938, 2.2370800971984863, 0.18609796464443207], [-1.2860043048858643, 5.646541118621826, 0.3764677941799164], [0.12379542738199234, 4.747463226318359, 0.05897322669625282], [1.321882724761963, 5.829773902893066, 1.13059663772583], [1.2765042781829834, 5.660760879516602, 0.28941968083381653], [0.9547919034957886, 1.9833277463912964, -0.03672834113240242], [0.23832537233829498, 3.6462972164154053, 0.48138654232025146], [1.2931238412857056, 3.53771710395813, 0.7972477078437805], [0.2728913426399231, 5.443265914916992, -0.1400608867406845], [-0.09902448207139969, 5.187546253204346, -0.7424336671829224], [0.8582029342651367, 4.764886379241943, 0.44744107127189636], [1.1992114782333374, 6.377511501312256, -0.12510301172733307], [2.2666237354278564, 6.023579120635986, 0.7465230822563171], [1.7300890684127808, 5.448585510253906, -0.3523448407649994], [0.9084689617156982, 2.7410616874694824, 0.50437331199646], [0.11934449523687363, 6.121015548706055, -0.599793553352356], [1.7741444110870361, 4.417745590209961, 0.8527701497077942], [-1.8537741899490356, 5.257071495056152, -0.16569417715072632], [0.6224063634872437, 3.3841347694396973, 0.07435598969459534], [-1.132378101348877, 4.613344192504883, 0.6494982838630676], [1.798193335533142, 3.787522315979004, 0.46751636266708374], [0.1385493129491806, 6.052800178527832, 0.7136730551719666], [-0.7489219307899475, 4.207465648651123, -0.6649905443191528], [0.7728717923164368, 2.505786895751953, 0.4832989275455475], [-0.6541420221328735, 3.9293251037597656, 0.15746080875396729], [0.5346145629882812, 6.183975696563721, 0.018084950745105743], [-2.573761224746704, 4.538285732269287, -0.027640456333756447], [0.11874957382678986, 4.134964942932129, 0.41843512654304504], [0.8666809797286987, 4.931448936462402, 0.09942346066236496], [1.3445065021514893, 3.680060386657715, -0.0017258523730561137], [0.4667784869670868, 4.105175495147705, 0.6162322163581848], [0.7970044016838074, 4.040553092956543, -0.3839561641216278], [-2.5261294841766357, 4.67857027053833, 0.03709970787167549], [-0.8299883008003235, 2.935978412628174, -0.6277530789375305], [1.6661698818206787, 6.099275588989258, 1.3275634050369263], [-0.01725850999355316, 4.645467281341553, -0.0787845328450203], [0.4716223478317261, 5.105075359344482, -0.0506548136472702], [0.650888979434967, 3.676102876663208, -0.11362805217504501], [-1.5445491075515747, 4.010852336883545, -0.9767881631851196], [-0.29389622807502747, 2.4829893112182617, -0.016923734918236732], [1.107205867767334, 1.6583598852157593, 0.1472223699092865], [-1.3201606273651123, 4.948207378387451, -0.687322735786438], [-1.651635766029358, 5.2150959968566895, 0.20126692950725555], [2.3035244941711426, 5.582573413848877, -0.2522464692592621], [0.1801232248544693, 2.5401113033294678, 0.28212225437164307], [-0.6076949834823608, 2.428687334060669, -0.4173581302165985], [-0.2004091739654541, 6.134603023529053, 0.0161150936037302]]"
2766,0.9983204977458736,0.4325271933986903,0.2495801244364684,-0.06936904677481141,-0.028562590392929788,0.7959501817855501,0.6006957814860611,0.9983179335806852,0.43164254107402766,0.2493697357162543,-0.06951778951387717,-0.02811190903588866,0.7961000507349764,0.6005012129306905,"[75, 95, 205, 229, 369, 382, 424, 478, 494, 522, 584, 585, 606, 625, 656, 705, 806, 929, 1024, 1158, 1164, 1168, 1344, 1442, 1503, 1547, 1585, 1589, 1629, 1632, 1695, 1729, 1858, 1896, 1926, 1937, 1950, 1958, 2004, 2030, 2057, 2089, 2158, 2185, 2229, 2463, 2527, 2541, 2556, 2659, 2750, 2781, 2809, 2843, 2846, 2938, 3127, 3141, 3182, 3224, 3249, 3342, 3506, 3525, 3549, 3566, 3735, 3748, 3791, 4064, 4100, 4136, 4138, 4215, 4216, 4246, 4322, 4400, 4420, 4515, 4662, 4828, 4834, 4838, 4848, 4854, 4867, 4875, 4955]","[[0.08999702271890392, 4.998241824914002], [0.1898868085994023, 4.093219538048469], [0.3188263006554046, 4.819726376631433], [-0.4968351763008494, 3.7082079606277345], [-0.14583106693059647, 5.954351441951832], [-0.1396133578379161, 4.3865137710880715], [0.21556812240382806, 3.1110769297154377], [-0.10783642842012102, 2.60782475499163], [0.04652646010914786, 5.617437700785733], [-0.3810943677023481, 4.759935271655628], [-0.4827777572852454, 4.738429621334711], [0.06192081274833854, 5.651075658472489], [0.006920754802277347, 5.5426228897230425], [-0.28812153562647214, 3.062143705687434], [0.15366085662922885, 5.4797387582787485], [-0.21884121316213875, 4.8298025639543685], [-0.5030893205411482, 5.872230407976679], [-0.14677080363778544, 5.816642681672805], [0.28904252898709737, 2.1400792522792726], [0.1333733327849443, 5.758419635208255], [-0.5183924873816557, 5.472891881338768], [-0.20480527818038696, 4.5340832923231185], [-0.24813643774175606, 4.274559182085454], [0.3339052996351747, 4.171770006283757], [-0.43267790212461044, 4.988511032976243], [0.020866241758716056, 3.667206293924965], [-0.13609658433612803, 5.6318643495917255], [-0.3729090044018852, 5.675323751152873], [-0.2663493529980906, 4.221496596487905], [0.26465666914844155, 4.790895432747242], [0.3899478188109433, 5.274962515857587], [-0.052326808027339286, 5.911236898980417], [-0.48968237148678073, 5.396779317065052], [-0.5135635998825301, 5.224669399574276], [-0.3105109956055653, 5.711849045873557], [-0.26829587296336804, 3.8918410697458885], [0.2657683858956567, 5.6769075201908015], [0.49743835827236815, 3.6082940090479148], [0.11230149453638044, 4.512767635703608], [-0.0754769201231327, 5.888993612604121], [0.1741713412012273, 4.6497165647850585], [0.48441089481062166, 0.9082541659162991], [-0.12857590697632193, 1.8264640947865622], [0.12485021752604282, 5.693063103380048], [-0.07824094328170565, 4.407993609574491], [-0.33477516736789065, 5.235883131663843], [-0.22728984927196846, 1.578823373276913], [-0.46486374258268304, 3.0361304816542685], [-0.05967442917921837, 3.3114802138473505], [-0.12818086711041643, 5.0762993342278335], [-0.02817063769747901, 4.980653588963141], [-0.255982283833939, 4.340258891265954], [-0.30459633157909316, 5.960365109708776], [-0.5149052877650013, 5.756177884994028], [-0.40558130261757214, 5.107059476380136], [-0.3555827125468811, 4.615588687786013], [-0.2558756150745373, 2.323673383421886], [-0.10947381126167238, 5.817623841097311], [-0.4884901714716561, 3.8252438648233307], [-0.493446192696004, 4.1019318074162], [0.2573365814283001, 5.6209868746904394], [-0.1485377064921945, 2.980571940178227], [-0.5194945583752629, 3.456176063271462], [-0.14189417881345356, 5.702121159898108], [0.17536658069792566, 4.259821328574158], [-0.09322145006125014, 2.7207759140737293], [-0.1891690333965206, 2.0990585168474785], [0.1622593879796189, 3.868501087276243], [-0.1951336371085585, 5.775210136709511], [0.43791603657565387, 5.4504243717545675], [-0.056535413159688123, 3.809662058353059], [-0.24551569931476933, 4.5050880988149355], [-0.3754650846915809, 3.2749769890285276], [-0.15090134123069068, 3.729204541703565], [-0.20074477008762395, 3.6675318259947765], [0.4126836864204825, 5.521662823400254], [0.37366467739672815, 3.2224708474496553], [-0.03573668275998597, 4.346491290262626], [-0.16101671867270578, 4.711089539339411], [-0.1595888568984939, 3.284631841273757], [0.3590626131083943, 4.5582338758292495], [0.2904587296425315, 2.437180966976798], [-0.3550693872398377, 1.232658151961041], [0.21061387249838887, 5.162974887225235], [0.22383473571456172, 5.465382812785028], [-0.5121103536866216, 5.335751983831456], [0.08541854348951447, 2.2613886002823005], [0.41862116752274525, 2.646834461415042], [-0.06949597273740159, 5.830469456800795]]","[[-0.735512375831604, 5.071609973907471, -0.41982975602149963], [-0.781180739402771, 4.064624309539795, -0.38334643840789795], [-1.690869688987732, 4.409207820892334, -0.17856155335903168], [1.8264570236206055, 4.0445404052734375, 0.09593416750431061], [0.3492780029773712, 6.264769077301025, -0.7640897631645203], [0.30824869871139526, 4.73850679397583, 0.7172616720199585], [-0.5038958191871643, 3.150254726409912, 0.4329964220523834], [0.5631309151649475, 2.9999711513519287, 0.12128958851099014], [-0.6919013261795044, 5.709843635559082, -0.6784160733222961], [1.4013367891311646, 5.146660327911377, 0.7831169962882996], [1.8719948530197144, 5.052525520324707, 0.8349053263664246], [-0.8343181610107422, 5.747586250305176, -0.31557759642601013], [-0.42395034432411194, 5.697216510772705, -0.7365975975990295], [0.9735420346260071, 3.477978229522705, 0.5639318823814392], [-1.16005277633667, 5.355739593505859, -0.8161808848381042], [0.6284419298171997, 5.218175411224365, 0.8114650249481201], [2.303736448287964, 6.15722131729126, 0.27828487753868103], [0.20993180572986603, 6.1931586265563965, 0.15911541879177094], [-0.15580470860004425, 2.233808755874634, 0.1942511945962906], [-1.1739826202392578, 5.660854816436768, -0.7993767261505127], [2.381521463394165, 5.68796443939209, -0.3931300938129425], [0.6671563982963562, 4.9510884284973145, 0.08018825948238373], [0.9604702591896057, 4.650146961212158, -0.4360598027706146], [-1.2429896593093872, 3.776762008666992, -0.8402048349380493], [1.8771520853042603, 5.262132167816162, -0.6439931392669678], [-0.1251818686723709, 3.9142308235168457, 0.487517774105072], [0.14096054434776306, 5.985050201416016, 0.6319344639778137], [1.6119093894958496, 6.039199352264404, -0.3803015649318695], [1.0243852138519287, 4.614221096038818, -0.3322118818759918], [-1.3120083808898926, 4.4540181159973145, -0.9510701298713684], [-2.1223397254943848, 4.517705917358398, -0.9276341795921326], [-0.2232341468334198, 6.15316915512085, -0.6097013354301453], [2.0866427421569824, 5.712187767028809, 0.48485708236694336], [2.2696025371551514, 5.486732482910156, -0.12071239203214645], [1.1964261531829834, 6.140233516693115, 0.10515481978654861], [0.9093790054321289, 4.313949108123779, 0.5192649364471436], [-1.8733155727386475, 5.270479202270508, -0.5131598711013794], [-1.434418797492981, 2.976118564605713, -0.5435752868652344], [-0.5687529444694519, 4.522246837615967, -0.841819167137146], [-0.18706348538398743, 6.19650411605835, 0.0280925165861845], [-0.9702979922294617, 4.599729061126709, -0.38003405928611755], [0.36733919382095337, 1.086186408996582, 0.2718144357204437], [0.7296291589736938, 2.2370800971984863, 0.18609796464443207], [-1.2860043048858643, 5.646541118621826, 0.3764677941799164], [0.12379542738199234, 4.747463226318359, 0.05897322669625282], [1.2765042781829834, 5.660760879516602, 0.28941968083381653], [0.9547919034957886, 1.9833277463912964, -0.03672834113240242], [1.6238069534301758, 3.367189884185791, -0.2100205272436142], [0.23832537233829498, 3.6462972164154053, 0.48138654232025146], [0.2728913426399231, 5.443265914916992, -0.1400608867406845], [-0.09902448207139969, 5.187546253204346, -0.7424336671829224], [0.8582029342651367, 4.764886379241943, 0.44744107127189636], [1.1992114782333374, 6.377511501312256, -0.12510301172733307], [2.2666237354278564, 6.023579120635986, 0.7465230822563171], [1.7300890684127808, 5.448585510253906, -0.3523448407649994], [1.4634310007095337, 4.947659015655518, -0.586247444152832], [0.9084689617156982, 2.7410616874694824, 0.50437331199646], [0.11934449523687363, 6.121015548706055, -0.599793553352356], [1.8829679489135742, 4.095810890197754, -0.4020892083644867], [1.7741444110870361, 4.417745590209961, 0.8527701497077942], [-1.8537741899490356, 5.257071495056152, -0.16569417715072632], [0.6224063634872437, 3.3841347694396973, 0.07435598969459534], [1.798193335533142, 3.787522315979004, 0.46751636266708374], [0.1385493129491806, 6.052800178527832, 0.7136730551719666], [-0.7489219307899475, 4.207465648651123, -0.6649905443191528], [0.5894699692726135, 3.0493807792663574, -0.371214896440506], [0.7728717923164368, 2.505786895751953, 0.4832989275455475], [-0.6541420221328735, 3.9293251037597656, 0.15746080875396729], [0.5346145629882812, 6.183975696563721, 0.018084950745105743], [-2.573761224746704, 4.538285732269287, -0.027640456333756447], [0.11874957382678986, 4.134964942932129, 0.41843512654304504], [0.8666809797286987, 4.931448936462402, 0.09942346066236496], [1.3445065021514893, 3.680060386657715, -0.0017258523730561137], [0.4667784869670868, 4.105175495147705, 0.6162322163581848], [0.7970044016838074, 4.040553092956543, -0.3839561641216278], [-2.5261294841766357, 4.67857027053833, 0.03709970787167549], [-0.8299883008003235, 2.935978412628174, -0.6277530789375305], [-0.01725850999355316, 4.645467281341553, -0.0787845328450203], [0.4716223478317261, 5.105075359344482, -0.0506548136472702], [0.650888979434967, 3.676102876663208, -0.11362805217504501], [-1.5445491075515747, 4.010852336883545, -0.9767881631851196], [-0.29389622807502747, 2.4829893112182617, -0.016923734918236732], [1.107205867767334, 1.6583598852157593, 0.1472223699092865], [-1.3201606273651123, 4.948207378387451, -0.687322735786438], [-1.651635766029358, 5.2150959968566895, 0.20126692950725555], [2.3035244941711426, 5.582573413848877, -0.2522464692592621], [0.1801232248544693, 2.5401113033294678, 0.28212225437164307], [-0.6076949834823608, 2.428687334060669, -0.4173581302165985], [-0.2004091739654541, 6.134603023529053, 0.0161150936037302]]"
2768,1.080323644405072,0.4545792160394491,0.270080911101268,-0.0595059885947862,-0.002552797564419546,0.803185507314428,0.5927440943493384,1.080417949582152,0.45522613971718495,0.26984314485841954,-0.05904554124906721,-0.0022485460784282645,0.8035368736865371,0.5923150012663904,"[75, 95, 205, 229, 369, 424, 478, 494, 505, 522, 584, 585, 606, 625, 656, 806, 929, 1024, 1158, 1168, 1217, 1344, 1442, 1503, 1547, 1585, 1589, 1629, 1632, 1695, 1729, 1858, 1926, 1937, 1950, 1958, 2004, 2030, 2057, 2158, 2185, 2229, 2463, 2527, 2541, 2556, 2659, 2731, 2750, 2781, 2809, 2843, 2846, 2938, 3141, 3182, 3249, 3342, 3506, 3525, 3549, 3566, 3748, 3791, 4007, 4064, 4100, 4136, 4138, 4216, 4246, 4322, 4400, 4420, 4515, 4662, 4828, 4834, 4838, 4848, 4867, 4875, 4955]","[[0.08195011204866341, 5.008439019247078], [0.18236317946597722, 4.112321850215801], [0.31245437136862864, 4.849199563707445], [-0.5043816360352202, 3.673069924348669], [-0.1613089696669463, 5.9457400207084214], [0.22530108809266333, 3.1318206639396946], [-0.09799854757758693, 2.6029920506329427], [0.03587996365769917, 5.626163508931368], [-0.26472576551059107, 5.149092001643724], [-0.3813536129337229, 4.733122147451409], [-0.4862854506794078, 4.699325691158908], [0.05175736052471332, 5.65888626086665], [-0.009934496177442591, 5.545119293219385], [-0.2761553733095619, 3.03813949523712], [0.1389386253189203, 5.496037918826468], [-0.512055596647665, 5.832388570746311], [-0.15059512607682707, 5.805531846932002], [0.3067219816502639, 2.1667439020506993], [0.11930064504790898, 5.772470645240254], [-0.20647049381888236, 4.518708606119457], [0.47736197456063334, 2.8445610856162222], [-0.25844802407880735, 4.256613136016021], [0.32094927959214337, 4.203999847978567], [-0.44571340086502564, 4.957901765634567], [0.028832394541121558, 3.6698087237775576], [-0.14117108159678313, 5.622059802078556], [-0.38349325963949016, 5.646241201343542], [-0.27509263007334944, 4.202644808156912], [0.24929726384178866, 4.817973664028131], [0.37420250765512575, 5.312795607164265], [-0.06621470364173879, 5.911395053339067], [-0.4971630274961853, 5.356010961986396], [-0.3217095697624461, 5.690137391321653], [-0.2646867391620999, 3.870951272418684], [0.25442610648376673, 5.705447859108213], [0.4897225868098732, 3.651427963809387], [0.09915773306293456, 4.526777730318342], [-0.08099813130315812, 5.88530266894698], [0.1631351372997175, 4.67030220251687], [-0.10335369630334222, 1.8206488640226595], [0.12199702568297137, 5.706396738363903], [-0.07877905009006883, 4.401852929978171], [-0.3418819340792368, 5.21047086783548], [-0.20318677435108617, 1.566242305042381], [-0.4684471554109843, 3.0023113362192544], [-0.05025520119791723, 3.3087190314084394], [-0.13638580569514383, 5.073088287875839], [-0.2774016572481469, 4.730123888386865], [-0.0422456086215742, 4.983158398247214], [-0.25645433065087614, 4.31955383745197], [-0.3169218390973543, 5.937649998970587], [-0.5216495266070708, 5.71348543105845], [-0.416814173733206, 5.074819307911732], [-0.3665935312880671, 4.5873230258914415], [-0.12351002267649124, 5.813966937275812], [-0.50109375196074, 3.7889040564962797], [0.24950518429871318, 5.64443168489189], [-0.14245090329616347, 2.9719643194055276], [-0.520646569929472, 3.4137653040622125], [-0.14382877950345604, 5.697268383185164], [0.16304170980612223, 4.280519221324958], [-0.09424379560786703, 2.719096160413537], [0.1635173601499361, 3.8859834416735763], [-0.20355533046334112, 5.761334741026138], [-0.31081705569259854, 5.273890403070194], [0.43138178034378943, 5.487448687987221], [-0.04880820641597698, 3.8062504640811037], [-0.25127196821007586, 4.484621413517993], [-0.3743667160760566, 3.249886157949498], [-0.20763628159892394, 3.6562137100764716], [0.40710983505459797, 5.559903288670863], [0.3654965290558792, 3.2574123790426683], [-0.04086433784076561, 4.348004933928218], [-0.16602512202491893, 4.700418879022688], [-0.16116327400023342, 3.2725663490587884], [0.3446955459019373, 4.591673866798633], [0.2999929865616604, 2.468664601293529], [-0.31721829039424687, 1.2121331607274017], [0.1989182519753503, 5.184227180311874], [0.22051276109005208, 5.488421098108329], [0.10411285892663857, 2.2706255127428183], [0.41576877047004285, 2.6862179851142485], [-0.07785916519253114, 5.829831695868335]]","[[-0.735512375831604, 5.071609973907471, -0.41982975602149963], [-0.781180739402771, 4.064624309539795, -0.38334643840789795], [-1.690869688987732, 4.409207820892334, -0.17856155335903168], [1.8264570236206055, 4.0445404052734375, 0.09593416750431061], [0.3492780029773712, 6.264769077301025, -0.7640897631645203], [-0.5038958191871643, 3.150254726409912, 0.4329964220523834], [0.5631309151649475, 2.9999711513519287, 0.12128958851099014], [-0.6919013261795044, 5.709843635559082, -0.6784160733222961], [1.0075819492340088, 5.458253383636475, -0.9442963004112244], [1.4013367891311646, 5.146660327911377, 0.7831169962882996], [1.8719948530197144, 5.052525520324707, 0.8349053263664246], [-0.8343181610107422, 5.747586250305176, -0.31557759642601013], [-0.42395034432411194, 5.697216510772705, -0.7365975975990295], [0.9735420346260071, 3.477978229522705, 0.5639318823814392], [-1.16005277633667, 5.355739593505859, -0.8161808848381042], [2.303736448287964, 6.15722131729126, 0.27828487753868103], [0.20993180572986603, 6.1931586265563965, 0.15911541879177094], [-0.15580470860004425, 2.233808755874634, 0.1942511945962906], [-1.1739826202392578, 5.660854816436768, -0.7993767261505127], [0.6671563982963562, 4.9510884284973145, 0.08018825948238373], [-0.9142951965332031, 2.4783380031585693, 0.3966814875602722], [0.9604702591896057, 4.650146961212158, -0.4360598027706146], [-1.2429896593093872, 3.776762008666992, -0.8402048349380493], [1.8771520853042603, 5.262132167816162, -0.6439931392669678], [-0.1251818686723709, 3.9142308235168457, 0.487517774105072], [0.14096054434776306, 5.985050201416016, 0.6319344639778137], [1.6119093894958496, 6.039199352264404, -0.3803015649318695], [1.0243852138519287, 4.614221096038818, -0.3322118818759918], [-1.3120083808898926, 4.4540181159973145, -0.9510701298713684], [-2.1223397254943848, 4.517705917358398, -0.9276341795921326], [-0.2232341468334198, 6.15316915512085, -0.6097013354301453], [2.0866427421569824, 5.712187767028809, 0.48485708236694336], [1.1964261531829834, 6.140233516693115, 0.10515481978654861], [0.9093790054321289, 4.313949108123779, 0.5192649364471436], [-1.8733155727386475, 5.270479202270508, -0.5131598711013794], [-1.434418797492981, 2.976118564605713, -0.5435752868652344], [-0.5687529444694519, 4.522246837615967, -0.841819167137146], [-0.18706348538398743, 6.19650411605835, 0.0280925165861845], [-0.9702979922294617, 4.599729061126709, -0.38003405928611755], [0.7296291589736938, 2.2370800971984863, 0.18609796464443207], [-1.2860043048858643, 5.646541118621826, 0.3764677941799164], [0.12379542738199234, 4.747463226318359, 0.05897322669625282], [1.2765042781829834, 5.660760879516602, 0.28941968083381653], [0.9547919034957886, 1.9833277463912964, -0.03672834113240242], [1.6238069534301758, 3.367189884185791, -0.2100205272436142], [0.23832537233829498, 3.6462972164154053, 0.48138654232025146], [0.2728913426399231, 5.443265914916992, -0.1400608867406845], [1.0732896327972412, 5.052921772003174, -0.8341825008392334], [-0.09902448207139969, 5.187546253204346, -0.7424336671829224], [0.8582029342651367, 4.764886379241943, 0.44744107127189636], [1.1992114782333374, 6.377511501312256, -0.12510301172733307], [2.2666237354278564, 6.023579120635986, 0.7465230822563171], [1.7300890684127808, 5.448585510253906, -0.3523448407649994], [1.4634310007095337, 4.947659015655518, -0.586247444152832], [0.11934449523687363, 6.121015548706055, -0.599793553352356], [1.8829679489135742, 4.095810890197754, -0.4020892083644867], [-1.8537741899490356, 5.257071495056152, -0.16569417715072632], [0.6224063634872437, 3.3841347694396973, 0.07435598969459534], [1.798193335533142, 3.787522315979004, 0.46751636266708374], [0.1385493129491806, 6.052800178527832, 0.7136730551719666], [-0.7489219307899475, 4.207465648651123, -0.6649905443191528], [0.5894699692726135, 3.0493807792663574, -0.371214896440506], [-0.6541420221328735, 3.9293251037597656, 0.15746080875396729], [0.5346145629882812, 6.183975696563721, 0.018084950745105743], [1.2403390407562256, 5.591884613037109, -0.9066542387008667], [-2.573761224746704, 4.538285732269287, -0.027640456333756447], [0.11874957382678986, 4.134964942932129, 0.41843512654304504], [0.8666809797286987, 4.931448936462402, 0.09942346066236496], [1.3445065021514893, 3.680060386657715, -0.0017258523730561137], [0.7970044016838074, 4.040553092956543, -0.3839561641216278], [-2.5261294841766357, 4.67857027053833, 0.03709970787167549], [-0.8299883008003235, 2.935978412628174, -0.6277530789375305], [-0.01725850999355316, 4.645467281341553, -0.0787845328450203], [0.4716223478317261, 5.105075359344482, -0.0506548136472702], [0.650888979434967, 3.676102876663208, -0.11362805217504501], [-1.5445491075515747, 4.010852336883545, -0.9767881631851196], [-0.29389622807502747, 2.4829893112182617, -0.016923734918236732], [1.107205867767334, 1.6583598852157593, 0.1472223699092865], [-1.3201606273651123, 4.948207378387451, -0.687322735786438], [-1.651635766029358, 5.2150959968566895, 0.20126692950725555], [0.1801232248544693, 2.5401113033294678, 0.28212225437164307], [-0.6076949834823608, 2.428687334060669, -0.4173581302165985], [-0.2004091739654541, 6.134603023529053, 0.0161150936037302]]"
2770,1.164721021053875,0.4734187062327318,0.29118025526346875,-0.043072535808242246,0.025641530249717936,0.8095459602775698,0.5849124778834592,1.164174325631877,0.473770600331862,0.29176614007583557,-0.04255694296444689,0.026496770680028803,0.8095425502049309,0.5849168207162004,"[75, 95, 205, 229, 345, 369, 424, 478, 493, 494, 505, 585, 606, 656, 806, 929, 963, 1010, 1024, 1158, 1168, 1217, 1344, 1442, 1503, 1547, 1556, 1585, 1589, 1629, 1632, 1695, 1729, 1858, 1926, 1937, 1950, 1958, 2004, 2030, 2057, 2158, 2185, 2229, 2344, 2463, 2527, 2541, 2556, 2659, 2731, 2750, 2781, 2809, 2843, 2846, 2938, 3141, 3182, 3249, 3321, 3342, 3506, 3525, 3549, 3566, 3748, 3791, 4007, 4064, 4100, 4136, 4138, 4216, 4246, 4400, 4420, 4515, 4828, 4834, 4838, 4848, 4867, 4875, 4955]","[[0.0740750106922295, 5.02584910950375], [0.17761204832311872, 4.139606314672134], [0.3092823586673876, 4.88392204906182], [-0.501323490325947, 3.6386515945916655], [-0.36198208242543606, 5.293395823188887], [-0.1746541177567617, 5.942552372541242], [0.23866450044552792, 3.154900342892483], [-0.08638956164255805, 2.601514196593984], [0.5154874635648048, 5.864163129705546], [0.02308517743227815, 5.638375592751231], [-0.2798489596318397, 5.1383131559912565], [0.04412331141305438, 5.673116330984439], [-0.020011711199560633, 5.556113901470705], [0.12557515166208338, 5.516318765909], [-0.5184062934095757, 5.798790353628479], [-0.154445239708379, 5.800824026315972], [-0.36212797162989796, 5.224270857182682], [0.5188743040090253, 5.4027140526290625], [0.32236842474959276, 2.1998144195501435], [0.10490960419514436, 5.792612682798473], [-0.20839189881261516, 4.509754642807648], [0.4862880134131189, 2.886139801263699], [-0.2656450391451087, 4.244767538907855], [0.3061159375007159, 4.238734762951566], [-0.4583765786332363, 4.931897449708305], [0.037430138676018694, 3.6784261068268385], [-0.30841623193539525, 4.802820023225858], [-0.13689399081100626, 5.61660340284898], [-0.39519226523592976, 5.6250698066012825], [-0.28079753313126465, 4.189366870794286], [0.23409799063957965, 4.849483438988703], [0.36072594077134906, 5.348952873205593], [-0.07711404595983559, 5.916375839603743], [-0.4974874826511997, 5.325754979645755], [-0.3270463281481682, 5.671097711999477], [-0.25745183583610554, 3.8579721710884636], [0.24388164609738425, 5.733164879000059], [0.47805869164608844, 3.702143505187751], [0.08439573268998654, 4.545465368874326], [-0.08722685319768542, 5.886049681190836], [0.15708471244070435, 4.693292534390946], [-0.07967684960201928, 1.8207160412513848], [0.12254612346230377, 5.722945504511893], [-0.079566696820898, 4.4041709375054445], [0.4779949034770282, 5.093742767967537], [-0.3418593677021959, 5.1894519693351455], [-0.17744630570790315, 1.5603467862633047], [-0.4698579581921773, 2.972813290136126], [-0.038224798432384265, 3.3100649330330825], [-0.14109619838773663, 5.0678141462809245], [-0.29089305988776126, 4.715881361872238], [-0.055363254003918984, 4.98815013378789], [-0.24974200777603817, 4.306048148459506], [-0.32269931138339164, 5.920514786006877], [-0.5241818620568095, 5.679128172820256], [-0.42828892403797103, 5.0505715476659], [-0.37905365114247286, 4.572873185476679], [-0.13084366814181111, 5.813250711180249], [-0.5061677546722224, 3.7581855134530984], [0.2455641097711059, 5.672650800277941], [0.44341263725033025, 3.130301139843895], [-0.13363095100349592, 2.96927885204497], [-0.5146309199240747, 3.3827521940781873], [-0.14154900953656427, 5.688132467670876], [0.15262824918443044, 4.299189330256388], [-0.09717310823651366, 2.7219935795421675], [0.16434713593944145, 3.905509937050467], [-0.2091762482406605, 5.752393952288706], [-0.326699718704801, 5.2585829877865455], [0.4243081225099463, 5.528802995267206], [-0.045051856275799815, 3.8104277837369103], [-0.251655169197074, 4.471509192897228], [-0.37313007082248184, 3.224631584273843], [-0.2112422540536885, 3.6485334833157226], [0.3999692127070576, 5.597697530089783], [-0.043662559547720275, 4.350698973704462], [-0.17120570938735216, 4.695865196206929], [-0.15802963675720802, 3.268940588782844], [0.3084308472084658, 2.498699374518827], [-0.2696427784255898, 1.194119589912735], [0.18773878721542658, 5.20807430492116], [0.2172326108878964, 5.514967776145423], [0.12470633206159962, 2.2881541442884656], [0.40993751837512676, 2.7297730017276125], [-0.08133925741071034, 5.829393486040636]]","[[-0.735512375831604, 5.071609973907471, -0.41982975602149963], [-0.781180739402771, 4.064624309539795, -0.38334643840789795], [-1.690869688987732, 4.409207820892334, -0.17856155335903168], [1.8264570236206055, 4.0445404052734375, 0.09593416750431061], [1.4319427013397217, 5.578310966491699, -1.0808542966842651], [0.3492780029773712, 6.264769077301025, -0.7640897631645203], [-0.5038958191871643, 3.150254726409912, 0.4329964220523834], [0.5631309151649475, 2.9999711513519287, 0.12128958851099014], [-3.15604567527771, 4.420205116271973, 0.718047559261322], [-0.6919013261795044, 5.709843635559082, -0.6784160733222961], [1.0075819492340088, 5.458253383636475, -0.9442963004112244], [-0.8343181610107422, 5.747586250305176, -0.31557759642601013], [-0.42395034432411194, 5.697216510772705, -0.7365975975990295], [-1.16005277633667, 5.355739593505859, -0.8161808848381042], [2.303736448287964, 6.15722131729126, 0.27828487753868103], [0.20993180572986603, 6.1931586265563965, 0.15911541879177094], [1.4342089891433716, 5.5105695724487305, -1.064271330833435], [-2.8375840187072754, 4.062684059143066, -0.2744080722332001], [-0.15580470860004425, 2.233808755874634, 0.1942511945962906], [-1.1739826202392578, 5.660854816436768, -0.7993767261505127], [0.6671563982963562, 4.9510884284973145, 0.08018825948238373], [-0.9142951965332031, 2.4783380031585693, 0.3966814875602722], [0.9604702591896057, 4.650146961212158, -0.4360598027706146], [-1.2429896593093872, 3.776762008666992, -0.8402048349380493], [1.8771520853042603, 5.262132167816162, -0.6439931392669678], [-0.1251818686723709, 3.9142308235168457, 0.487517774105072], [1.155704140663147, 5.119636535644531, -0.9208241105079651], [0.14096054434776306, 5.985050201416016, 0.6319344639778137], [1.6119093894958496, 6.039199352264404, -0.3803015649318695], [1.0243852138519287, 4.614221096038818, -0.3322118818759918], [-1.3120083808898926, 4.4540181159973145, -0.9510701298713684], [-2.1223397254943848, 4.517705917358398, -0.9276341795921326], [-0.2232341468334198, 6.15316915512085, -0.6097013354301453], [2.0866427421569824, 5.712187767028809, 0.48485708236694336], [1.1964261531829834, 6.140233516693115, 0.10515481978654861], [0.9093790054321289, 4.313949108123779, 0.5192649364471436], [-1.8733155727386475, 5.270479202270508, -0.5131598711013794], [-1.434418797492981, 2.976118564605713, -0.5435752868652344], [-0.5687529444694519, 4.522246837615967, -0.841819167137146], [-0.18706348538398743, 6.19650411605835, 0.0280925165861845], [-0.9702979922294617, 4.599729061126709, -0.38003405928611755], [0.7296291589736938, 2.2370800971984863, 0.18609796464443207], [-1.2860043048858643, 5.646541118621826, 0.3764677941799164], [0.12379542738199234, 4.747463226318359, 0.05897322669625282], [-2.464837074279785, 4.037117004394531, 0.5971192717552185], [1.2765042781829834, 5.660760879516602, 0.28941968083381653], [0.9547919034957886, 1.9833277463912964, -0.03672834113240242], [1.6238069534301758, 3.367189884185791, -0.2100205272436142], [0.23832537233829498, 3.6462972164154053, 0.48138654232025146], [0.2728913426399231, 5.443265914916992, -0.1400608867406845], [1.0732896327972412, 5.052921772003174, -0.8341825008392334], [-0.09902448207139969, 5.187546253204346, -0.7424336671829224], [0.8582029342651367, 4.764886379241943, 0.44744107127189636], [1.1992114782333374, 6.377511501312256, -0.12510301172733307], [2.2666237354278564, 6.023579120635986, 0.7465230822563171], [1.7300890684127808, 5.448585510253906, -0.3523448407649994], [1.4634310007095337, 4.947659015655518, -0.586247444152832], [0.11934449523687363, 6.121015548706055, -0.599793553352356], [1.8829679489135742, 4.095810890197754, -0.4020892083644867], [-1.8537741899490356, 5.257071495056152, -0.16569417715072632], [-0.9890633225440979, 2.737027883529663, 0.4969906806945801], [0.6224063634872437, 3.3841347694396973, 0.07435598969459534], [1.798193335533142, 3.787522315979004, 0.46751636266708374], [0.1385493129491806, 6.052800178527832, 0.7136730551719666], [-0.7489219307899475, 4.207465648651123, -0.6649905443191528], [0.5894699692726135, 3.0493807792663574, -0.371214896440506], [-0.6541420221328735, 3.9293251037597656, 0.15746080875396729], [0.5346145629882812, 6.183975696563721, 0.018084950745105743], [1.2403390407562256, 5.591884613037109, -0.9066542387008667], [-2.573761224746704, 4.538285732269287, -0.027640456333756447], [0.11874957382678986, 4.134964942932129, 0.41843512654304504], [0.8666809797286987, 4.931448936462402, 0.09942346066236496], [1.3445065021514893, 3.680060386657715, -0.0017258523730561137], [0.7970044016838074, 4.040553092956543, -0.3839561641216278], [-2.5261294841766357, 4.67857027053833, 0.03709970787167549], [-0.01725850999355316, 4.645467281341553, -0.0787845328450203], [0.4716223478317261, 5.105075359344482, -0.0506548136472702], [0.650888979434967, 3.676102876663208, -0.11362805217504501], [-0.29389622807502747, 2.4829893112182617, -0.016923734918236732], [1.107205867767334, 1.6583598852157593, 0.1472223699092865], [-1.3201606273651123, 4.948207378387451, -0.687322735786438], [-1.651635766029358, 5.2150959968566895, 0.20126692950725555], [0.1801232248544693, 2.5401113033294678, 0.28212225437164307], [-0.6076949834823608, 2.428687334060669, -0.4173581302165985], [-0.2004091739654541, 6.134603023529053, 0.0161150936037302]]"
2772,1.2413908976620767,0.48665735806718186,0.31034772441551917,-0.02357163667532558,0.04993609458863744,0.8144392639942946,0.5776153128736399,1.2418908248371314,0.4873790564273164,0.31047792288067977,-0.024512085796925962,0.0503293225464046,0.8140899904152501,0.5780342588874835,"[75, 95, 205, 229, 345, 369, 424, 467, 478, 493, 494, 505, 585, 606, 656, 693, 785, 806, 929, 963, 1010, 1024, 1158, 1168, 1217, 1344, 1503, 1547, 1556, 1585, 1589, 1629, 1695, 1729, 1787, 1858, 1926, 1937, 1950, 1958, 2004, 2030, 2057, 2158, 2185, 2229, 2344, 2368, 2463, 2527, 2541, 2556, 2659, 2731, 2750, 2781, 2809, 2846, 2938, 3141, 3182, 3249, 3321, 3342, 3432, 3506, 3525, 3546, 3549, 3566, 3649, 3748, 3791, 3983, 4007, 4064, 4100, 4107, 4136, 4138, 4216, 4246, 4255, 4400, 4420, 4515, 4828, 4834, 4838, 4848, 4867, 4955]","[[0.06613515374006179, 5.045651705317134], [0.16692329835425218, 4.166111896682002], [0.29985457626738976, 4.918571466934379], [-0.5000858539846433, 3.6143058023316303], [-0.37526935953667023, 5.282014766804986], [-0.1868965468859517, 5.944572950829143], [0.24763979436615946, 3.1852827315779297], [0.23121740122397985, 4.888838954500473], [-0.07540671306117924, 2.6100794313091145], [0.5128967282473306, 5.913376339977817], [0.0122787482995988, 5.654401681569978], [-0.29380986429146166, 5.133132384629644], [0.03746901522993641, 5.689633950506463], [-0.03167435888166891, 5.567458629524421], [0.1108840997575302, 5.5415680219452685], [0.4426742730258795, 3.6012109789712636], [-0.42750664781259623, 5.740478619531875], [-0.5202838059068277, 5.770598225785167], [-0.1574486368476959, 5.7980584542392375], [-0.37632489276327474, 5.212124952888295], [0.5062798418767648, 5.4530965364477195], [0.33667791008956105, 2.237693038835095], [0.09295503255948115, 5.816923522094348], [-0.20705731350876302, 4.505258647527933], [0.49509381715766815, 2.934782877038103], [-0.27278183852150295, 4.239315561348465], [-0.46871888021395197, 4.912173670177498], [0.04887890880825671, 3.69363020515521], [-0.32161071263537805, 4.794817989188503], [-0.13543844843800132, 5.61542418869721], [-0.4044997018531724, 5.607570281648522], [-0.28622242026091077, 4.183293613731647], [0.3423609843279893, 5.392302183356761], [-0.08863921281082153, 5.922486416934849], [0.13751649886382936, 4.444137940122724], [-0.4977531174642476, 5.296932554663691], [-0.32902290260319, 5.656267101571454], [-0.24764799412870578, 3.8461320084818538], [0.23242400110166336, 5.764000845490872], [0.46512068453395267, 3.7497532217037244], [0.07321926012764901, 4.568940144473705], [-0.09157387692366656, 5.890979417707776], [0.15077541308761508, 4.719243397300765], [-0.055454050286463746, 1.826908076945166], [0.1221683476081822, 5.744349192755429], [-0.08098130580249965, 4.412377159968509], [0.47757814973274154, 5.137302019260041], [0.11297283841878426, 1.9364499370130168], [-0.34192929610179834, 5.17520513685826], [-0.1577093419544829, 1.5638291143953975], [-0.46998070802920083, 2.954518597702953], [-0.025582494042578605, 3.3200622707607232], [-0.1460968893082959, 5.070519930904859], [-0.30270499659113276, 4.709016130271609], [-0.06664103510862802, 5.000607306267501], [-0.24465389693887227, 4.2961917326596195], [-0.33059555355876863, 5.907995348213579], [-0.43614076007747754, 5.032149710346049], [-0.3884255936376047, 4.554487718761133], [-0.1436347802728725, 5.816686503254945], [-0.5140303083331531, 3.7358590576399333], [0.23551652172488982, 5.704590246778888], [0.45042932695310933, 3.1702612359650226], [-0.12793945182950434, 2.972369712378659], [0.19211485080291527, 4.771416300139651], [-0.5054293977569121, 3.352519523177366], [-0.1358544080403656, 5.688345411206006], [0.2825629456987534, 3.1912588083354985], [0.14295274077828563, 4.329469640276329], [-0.0965513701355358, 2.731453766229111], [0.33678712578841413, 3.6408374123394176], [0.16760941300255988, 3.932115277994903], [-0.21297264454390621, 5.749419079789154], [-0.27491447443988143, 3.411244182167529], [-0.3385410763136835, 5.2482111703087595], [0.41555496970421285, 5.573465805547512], [-0.033809438730660855, 3.8187080945285565], [0.16531435231476505, 4.021247175939963], [-0.252995421067258, 4.467401698383114], [-0.37087647290680464, 3.211908493663585], [-0.2178092017432281, 3.6479403006211792], [0.3958397013036756, 5.63785502148399], [0.2124620175306763, 5.1030263200289045], [-0.04363054528615965, 4.360985865137592], [-0.1734413277085195, 4.697788703747601], [-0.15736581888103174, 3.271185481492794], [0.3125821749861753, 2.5361170263497406], [-0.22908035821707326, 1.1893430622322076], [0.1723514687740252, 5.239229192175256], [0.21313688579312576, 5.540874088896492], [0.13993759612035045, 2.3113887982862122], [-0.08562403681826773, 5.838024392243392]]","[[-0.735512375831604, 5.071609973907471, -0.41982975602149963], [-0.781180739402771, 4.064624309539795, -0.38334643840789795], [-1.690869688987732, 4.409207820892334, -0.17856155335903168], [1.8264570236206055, 4.0445404052734375, 0.09593416750431061], [1.4319427013397217, 5.578310966491699, -1.0808542966842651], [0.3492780029773712, 6.264769077301025, -0.7640897631645203], [-0.5038958191871643, 3.150254726409912, 0.4329964220523834], [-1.3475202322006226, 4.6160688400268555, 0.7044112086296082], [0.5631309151649475, 2.9999711513519287, 0.12128958851099014], [-3.15604567527771, 4.420205116271973, 0.718047559261322], [-0.6919013261795044, 5.709843635559082, -0.6784160733222961], [1.0075819492340088, 5.458253383636475, -0.9442963004112244], [-0.8343181610107422, 5.747586250305176, -0.31557759642601013], [-0.42395034432411194, 5.697216510772705, -0.7365975975990295], [-1.16005277633667, 5.355739593505859, -0.8161808848381042], [-1.2529512643814087, 3.0691990852355957, 0.6317134499549866], [1.7294824123382568, 5.992854118347168, -1.2323024272918701], [2.303736448287964, 6.15722131729126, 0.27828487753868103], [0.20993180572986603, 6.1931586265563965, 0.15911541879177094], [1.4342089891433716, 5.5105695724487305, -1.064271330833435], [-2.8375840187072754, 4.062684059143066, -0.2744080722332001], [-0.15580470860004425, 2.233808755874634, 0.1942511945962906], [-1.1739826202392578, 5.660854816436768, -0.7993767261505127], [0.6671563982963562, 4.9510884284973145, 0.08018825948238373], [-0.9142951965332031, 2.4783380031585693, 0.3966814875602722], [0.9604702591896057, 4.650146961212158, -0.4360598027706146], [1.8771520853042603, 5.262132167816162, -0.6439931392669678], [-0.1251818686723709, 3.9142308235168457, 0.487517774105072], [1.155704140663147, 5.119636535644531, -0.9208241105079651], [0.14096054434776306, 5.985050201416016, 0.6319344639778137], [1.6119093894958496, 6.039199352264404, -0.3803015649318695], [1.0243852138519287, 4.614221096038818, -0.3322118818759918], [-2.1223397254943848, 4.517705917358398, -0.9276341795921326], [-0.2232341468334198, 6.15316915512085, -0.6097013354301453], [-0.7530555725097656, 4.44417667388916, 0.6593567728996277], [2.0866427421569824, 5.712187767028809, 0.48485708236694336], [1.1964261531829834, 6.140233516693115, 0.10515481978654861], [0.9093790054321289, 4.313949108123779, 0.5192649364471436], [-1.8733155727386475, 5.270479202270508, -0.5131598711013794], [-1.434418797492981, 2.976118564605713, -0.5435752868652344], [-0.5687529444694519, 4.522246837615967, -0.841819167137146], [-0.18706348538398743, 6.19650411605835, 0.0280925165861845], [-0.9702979922294617, 4.599729061126709, -0.38003405928611755], [0.7296291589736938, 2.2370800971984863, 0.18609796464443207], [-1.2860043048858643, 5.646541118621826, 0.3764677941799164], [0.12379542738199234, 4.747463226318359, 0.05897322669625282], [-2.464837074279785, 4.037117004394531, 0.5971192717552185], [0.4132384955883026, 2.2306692600250244, 0.46351492404937744], [1.2765042781829834, 5.660760879516602, 0.28941968083381653], [0.9547919034957886, 1.9833277463912964, -0.03672834113240242], [1.6238069534301758, 3.367189884185791, -0.2100205272436142], [0.23832537233829498, 3.6462972164154053, 0.48138654232025146], [0.2728913426399231, 5.443265914916992, -0.1400608867406845], [1.0732896327972412, 5.052921772003174, -0.8341825008392334], [-0.09902448207139969, 5.187546253204346, -0.7424336671829224], [0.8582029342651367, 4.764886379241943, 0.44744107127189636], [1.1992114782333374, 6.377511501312256, -0.12510301172733307], [1.7300890684127808, 5.448585510253906, -0.3523448407649994], [1.4634310007095337, 4.947659015655518, -0.586247444152832], [0.11934449523687363, 6.121015548706055, -0.599793553352356], [1.8829679489135742, 4.095810890197754, -0.4020892083644867], [-1.8537741899490356, 5.257071495056152, -0.16569417715072632], [-0.9890633225440979, 2.737027883529663, 0.4969906806945801], [0.6224063634872437, 3.3841347694396973, 0.07435598969459534], [-1.132378101348877, 4.613344192504883, 0.6494982838630676], [1.798193335533142, 3.787522315979004, 0.46751636266708374], [0.1385493129491806, 6.052800178527832, 0.7136730551719666], [-0.5776119232177734, 3.100867509841919, 0.564811110496521], [-0.7489219307899475, 4.207465648651123, -0.6649905443191528], [0.5894699692726135, 3.0493807792663574, -0.371214896440506], [-0.9895907044410706, 3.3452248573303223, 0.6578116416931152], [-0.6541420221328735, 3.9293251037597656, 0.15746080875396729], [0.5346145629882812, 6.183975696563721, 0.018084950745105743], [1.016788125038147, 3.7583773136138916, -0.6241424083709717], [1.2403390407562256, 5.591884613037109, -0.9066542387008667], [-2.573761224746704, 4.538285732269287, -0.027640456333756447], [0.11874957382678986, 4.134964942932129, 0.41843512654304504], [-0.6581828594207764, 4.016554832458496, 0.644450843334198], [0.8666809797286987, 4.931448936462402, 0.09942346066236496], [1.3445065021514893, 3.680060386657715, -0.0017258523730561137], [0.7970044016838074, 4.040553092956543, -0.3839561641216278], [-2.5261294841766357, 4.67857027053833, 0.03709970787167549], [-1.3837485313415527, 4.844825267791748, 0.725816011428833], [-0.01725850999355316, 4.645467281341553, -0.0787845328450203], [0.4716223478317261, 5.105075359344482, -0.0506548136472702], [0.650888979434967, 3.676102876663208, -0.11362805217504501], [-0.29389622807502747, 2.4829893112182617, -0.016923734918236732], [1.107205867767334, 1.6583598852157593, 0.1472223699092865], [-1.3201606273651123, 4.948207378387451, -0.687322735786438], [-1.651635766029358, 5.2150959968566895, 0.20126692950725555], [0.1801232248544693, 2.5401113033294678, 0.28212225437164307], [-0.2004091739654541, 6.134603023529053, 0.0161150936037302]]"
2774,1.3152011587515007,0.4954144191379814,0.32880028968787517,-0.002068490724263585,0.06956855568195909,0.8186788942813757,0.5700182501154449,1.3158466295781446,0.49523256500613244,0.32816441025668786,-0.0022113919255157925,0.06934374322349944,0.8187844112944782,0.5698935364106701,"[75, 95, 205, 229, 345, 369, 424, 467, 478, 493, 494, 505, 585, 606, 656, 693, 785, 929, 963, 1010, 1024, 1158, 1168, 1217, 1344, 1503, 1547, 1556, 1557, 1585, 1589, 1629, 1729, 1787, 1858, 1926, 1937, 1950, 2030, 2057, 2158, 2185, 2229, 2344, 2368, 2463, 2527, 2541, 2556, 2659, 2731, 2750, 2781, 2809, 2846, 2938, 3141, 3182, 3249, 3321, 3342, 3432, 3506, 3525, 3546, 3549, 3566, 3649, 3735, 3748, 3791, 3983, 4007, 4064, 4100, 4107, 4136, 4138, 4215, 4216, 4246, 4255, 4400, 4420, 4515, 4828, 4834, 4838, 4848, 4867, 4955]","[[0.05372406676090058, 5.068226223812226], [0.158674409305262, 4.196829341000774], [0.2906837272604332, 4.9585487623571805], [-0.49897460422550827, 3.5935192136240195], [-0.39318218786326187, 5.276955868543542], [-0.20132811972496809, 5.950339451462562], [0.2543808844729715, 3.2186903527622936], [0.23190658558300983, 4.918401141469702], [-0.06633332883355451, 2.6207111569388193], [0.5059815574970308, 5.957626085103697], [-0.0024499340338652665, 5.674193483820492], [-0.30650288383598073, 5.133297181273211], [0.027173931262712732, 5.708202039291415], [-0.04695935067252283, 5.586200072253294], [0.09763557248567968, 5.571892049328884], [0.44359615932082913, 3.6454201730453653], [-0.44232524898346803, 5.729814460784152], [-0.15960723412418223, 5.804212234394561], [-0.3935086928445654, 5.206289457430851], [0.49345093184796146, 5.504420472392554], [0.3423956441862129, 2.279376769395364], [0.07749628371883327, 5.844751823809131], [-0.21145407500616156, 4.5088334226824545], [0.49373832703548765, 2.98172366298567], [-0.28024314473314565, 4.239355931046818], [-0.4805157821094791, 4.898066556157822], [0.05253505692347877, 3.7120172084364147], [-0.33542104742689394, 4.790888878596543], [0.46399794204722095, 5.8250908910134145], [-0.13367642867408666, 5.621629732047808], [-0.4116832074403308, 5.597574318780075], [-0.29284871833966947, 4.180600465988714], [-0.10088539351296981, 5.937633109348643], [0.14155630756489684, 4.467691188003504], [-0.4955271783245471, 5.274749741153305], [-0.33051936707719515, 5.651733399444288], [-0.23963612490049266, 3.8432875104009554], [0.22068914397200803, 5.801440404539958], [-0.09931501959516116, 5.903793060364089], [0.1398889700595433, 4.748233522215639], [-0.03559426154269531, 1.8431371062519282], [0.11706880365282288, 5.768904161520959], [-0.0813041491207734, 4.422417535885017], [0.4746594003988561, 5.184085849871453], [0.137674105825208, 1.9601646898348142], [-0.3440600301433673, 5.167440319741812], [-0.1359369341195537, 1.57352571503739], [-0.4700403658671955, 2.937660012481007], [-0.014994396079120106, 3.3321419770622396], [-0.14934761309015818, 5.077722230901526], [-0.31593989681497847, 4.709729348275219], [-0.07792383184240988, 5.0150339181312455], [-0.23668030353476283, 4.296422152347826], [-0.3362866421795183, 5.900898772118359], [-0.4420514560692132, 5.0169009161916], [-0.3981321544380949, 4.546696560957331], [-0.15479817317821604, 5.82529498066845], [-0.5175194502719107, 3.720325213086664], [0.22653710786003464, 5.73965076976543], [0.4532596447306353, 3.2175439102693772], [-0.12272217433289678, 2.9826852435492643], [0.1946369865206525, 4.800006783486701], [-0.49357118884103507, 3.331352337120376], [-0.13552302482825598, 5.692663520282101], [0.2876269723312484, 3.2264309505683846], [0.12779170595106357, 4.3600513640339456], [-0.09912260146217444, 2.746653250485329], [0.3420894331416803, 3.677690783505335], [-0.08109704215250853, 2.0879845567805915], [0.16516105794872177, 3.961330686816036], [-0.2173740783788005, 5.749668546328306], [-0.2820247564711352, 3.413322881889758], [-0.35300355783720355, 5.243745031312738], [0.4057210037693317, 5.617749281064016], [-0.030552922598590316, 3.8327712067046615], [0.16999478483751843, 4.046850939092953], [-0.2529521979624862, 4.4640101691604475], [-0.36749679375392386, 3.203481370061469], [-0.11048238146479843, 3.718199781933912], [-0.22130463946258294, 3.653209365182912], [0.38397205331818113, 5.68475011818059], [0.215924376122581, 5.13060102757722], [-0.04710469951407264, 4.380291073546388], [-0.1755546546431942, 4.700545869834985], [-0.15676506081745334, 3.2782994359925], [0.3112848033398822, 2.5754858089424353], [-0.1903610919894161, 1.1945630444393647], [0.15993609774608974, 5.269505312513634], [0.20645376151501638, 5.573873798107875], [0.15363695905733987, 2.3374205293983574], [-0.09258427495282037, 5.847835353045697]]","[[-0.735512375831604, 5.071609973907471, -0.41982975602149963], [-0.781180739402771, 4.064624309539795, -0.38334643840789795], [-1.690869688987732, 4.409207820892334, -0.17856155335903168], [1.8264570236206055, 4.0445404052734375, 0.09593416750431061], [1.4319427013397217, 5.578310966491699, -1.0808542966842651], [0.3492780029773712, 6.264769077301025, -0.7640897631645203], [-0.5038958191871643, 3.150254726409912, 0.4329964220523834], [-1.3475202322006226, 4.6160688400268555, 0.7044112086296082], [0.5631309151649475, 2.9999711513519287, 0.12128958851099014], [-3.15604567527771, 4.420205116271973, 0.718047559261322], [-0.6919013261795044, 5.709843635559082, -0.6784160733222961], [1.0075819492340088, 5.458253383636475, -0.9442963004112244], [-0.8343181610107422, 5.747586250305176, -0.31557759642601013], [-0.42395034432411194, 5.697216510772705, -0.7365975975990295], [-1.16005277633667, 5.355739593505859, -0.8161808848381042], [-1.2529512643814087, 3.0691990852355957, 0.6317134499549866], [1.7294824123382568, 5.992854118347168, -1.2323024272918701], [0.20993180572986603, 6.1931586265563965, 0.15911541879177094], [1.4342089891433716, 5.5105695724487305, -1.064271330833435], [-2.8375840187072754, 4.062684059143066, -0.2744080722332001], [-0.15580470860004425, 2.233808755874634, 0.1942511945962906], [-1.1739826202392578, 5.660854816436768, -0.7993767261505127], [0.6671563982963562, 4.9510884284973145, 0.08018825948238373], [-0.9142951965332031, 2.4783380031585693, 0.3966814875602722], [0.9604702591896057, 4.650146961212158, -0.4360598027706146], [1.8771520853042603, 5.262132167816162, -0.6439931392669678], [-0.1251818686723709, 3.9142308235168457, 0.487517774105072], [1.155704140663147, 5.119636535644531, -0.9208241105079651], [-2.8459572792053223, 4.525421619415283, 0.9600684642791748], [0.14096054434776306, 5.985050201416016, 0.6319344639778137], [1.6119093894958496, 6.039199352264404, -0.3803015649318695], [1.0243852138519287, 4.614221096038818, -0.3322118818759918], [-0.2232341468334198, 6.15316915512085, -0.6097013354301453], [-0.7530555725097656, 4.44417667388916, 0.6593567728996277], [2.0866427421569824, 5.712187767028809, 0.48485708236694336], [1.1964261531829834, 6.140233516693115, 0.10515481978654861], [0.9093790054321289, 4.313949108123779, 0.5192649364471436], [-1.8733155727386475, 5.270479202270508, -0.5131598711013794], [-0.18706348538398743, 6.19650411605835, 0.0280925165861845], [-0.9702979922294617, 4.599729061126709, -0.38003405928611755], [0.7296291589736938, 2.2370800971984863, 0.18609796464443207], [-1.2860043048858643, 5.646541118621826, 0.3764677941799164], [0.12379542738199234, 4.747463226318359, 0.05897322669625282], [-2.464837074279785, 4.037117004394531, 0.5971192717552185], [0.4132384955883026, 2.2306692600250244, 0.46351492404937744], [1.2765042781829834, 5.660760879516602, 0.28941968083381653], [0.9547919034957886, 1.9833277463912964, -0.03672834113240242], [1.6238069534301758, 3.367189884185791, -0.2100205272436142], [0.23832537233829498, 3.6462972164154053, 0.48138654232025146], [0.2728913426399231, 5.443265914916992, -0.1400608867406845], [1.0732896327972412, 5.052921772003174, -0.8341825008392334], [-0.09902448207139969, 5.187546253204346, -0.7424336671829224], [0.8582029342651367, 4.764886379241943, 0.44744107127189636], [1.1992114782333374, 6.377511501312256, -0.12510301172733307], [1.7300890684127808, 5.448585510253906, -0.3523448407649994], [1.4634310007095337, 4.947659015655518, -0.586247444152832], [0.11934449523687363, 6.121015548706055, -0.599793553352356], [1.8829679489135742, 4.095810890197754, -0.4020892083644867], [-1.8537741899490356, 5.257071495056152, -0.16569417715072632], [-0.9890633225440979, 2.737027883529663, 0.4969906806945801], [0.6224063634872437, 3.3841347694396973, 0.07435598969459534], [-1.132378101348877, 4.613344192504883, 0.6494982838630676], [1.798193335533142, 3.787522315979004, 0.46751636266708374], [0.1385493129491806, 6.052800178527832, 0.7136730551719666], [-0.5776119232177734, 3.100867509841919, 0.564811110496521], [-0.7489219307899475, 4.207465648651123, -0.6649905443191528], [0.5894699692726135, 3.0493807792663574, -0.371214896440506], [-0.9895907044410706, 3.3452248573303223, 0.6578116416931152], [0.7728717923164368, 2.505786895751953, 0.4832989275455475], [-0.6541420221328735, 3.9293251037597656, 0.15746080875396729], [0.5346145629882812, 6.183975696563721, 0.018084950745105743], [1.016788125038147, 3.7583773136138916, -0.6241424083709717], [1.2403390407562256, 5.591884613037109, -0.9066542387008667], [-2.573761224746704, 4.538285732269287, -0.027640456333756447], [0.11874957382678986, 4.134964942932129, 0.41843512654304504], [-0.6581828594207764, 4.016554832458496, 0.644450843334198], [0.8666809797286987, 4.931448936462402, 0.09942346066236496], [1.3445065021514893, 3.680060386657715, -0.0017258523730561137], [0.4667784869670868, 4.105175495147705, 0.6162322163581848], [0.7970044016838074, 4.040553092956543, -0.3839561641216278], [-2.5261294841766357, 4.67857027053833, 0.03709970787167549], [-1.3837485313415527, 4.844825267791748, 0.725816011428833], [-0.01725850999355316, 4.645467281341553, -0.0787845328450203], [0.4716223478317261, 5.105075359344482, -0.0506548136472702], [0.650888979434967, 3.676102876663208, -0.11362805217504501], [-0.29389622807502747, 2.4829893112182617, -0.016923734918236732], [1.107205867767334, 1.6583598852157593, 0.1472223699092865], [-1.3201606273651123, 4.948207378387451, -0.687322735786438], [-1.651635766029358, 5.2150959968566895, 0.20126692950725555], [0.1801232248544693, 2.5401113033294678, 0.28212225437164307], [-0.2004091739654541, 6.134603023529053, 0.0161150936037302]]"
2776,1.3859817781293868,0.4996092463327618,0.3464954445323467,0.019373444564337598,0.08254504922073837,0.8227489912303636,0.5620454447144623,1.3861414121678426,0.4991285921620901,0.3477093422096873,0.019103987837327516,0.08260447543224848,0.82264787391271,0.5621939290264278,"[75, 95, 205, 229, 345, 369, 382, 387, 424, 467, 478, 494, 505, 585, 606, 625, 656, 693, 785, 929, 963, 1010, 1024, 1057, 1117, 1158, 1168, 1217, 1344, 1503, 1547, 1556, 1557, 1585, 1589, 1629, 1729, 1787, 1858, 1926, 1937, 1948, 1950, 2030, 2057, 2158, 2185, 2229, 2344, 2360, 2368, 2422, 2463, 2518, 2527, 2541, 2556, 2659, 2731, 2750, 2781, 2809, 2846, 2938, 3127, 3141, 3249, 3321, 3342, 3432, 3478, 3506, 3525, 3546, 3649, 3735, 3748, 3791, 4007, 4061, 4064, 4100, 4107, 4136, 4138, 4215, 4216, 4246, 4255, 4400, 4420, 4515, 4828, 4834, 4838, 4848, 4867, 4955]","[[0.041875752173160995, 5.09708600829112], [0.14805652655385115, 4.234240918721889], [0.2783413777044683, 4.999873928425394], [-0.4955138233029148, 3.580558387450382], [-0.4079542143405019, 5.274747331235698], [-0.2126749293121657, 5.962429458216855], [-0.10348968456506102, 4.3881075132198335], [-0.3860119168494181, 6.000357930803396], [0.25315988983679893, 3.2541363723027046], [0.23040605597778038, 4.952235090391096], [-0.06231517756990562, 2.639882874759028], [-0.015713603310648062, 5.699344113464859], [-0.32097993753090887, 5.13859934155622], [0.016246269658915083, 5.735649301465819], [-0.0609671384466457, 5.6081354367252265], [-0.21902843636790684, 3.0150389547823053], [0.07885965619069642, 5.60452350793208], [0.4395581076152113, 3.6915829046476882], [-0.4599046500535594, 5.727862553447666], [-0.16535494751592067, 5.816035696341234], [-0.40849524320858144, 5.206527085942766], [0.4788173340030282, 5.556437917930442], [0.3433540208165025, 2.322752653383788], [0.5200173965784178, 5.288760682935459], [0.522179587381337, 5.110313321673311], [0.05954844141569831, 5.871909949651731], [-0.21385359232354673, 4.516961175105009], [0.4918361405245538, 3.030809229495899], [-0.2871410188912022, 4.245275808614169], [-0.4906683572546263, 4.890681792531106], [0.05180528821952605, 3.735322675443671], [-0.3480539722947599, 4.7974386342595805], [0.4552737674981839, 5.869400814525951], [-0.1350390153136414, 5.632187411738031], [-0.41952431169171883, 5.592767673256663], [-0.3002477845043062, 4.1855840193502925], [-0.1112414400113401, 5.953656330655408], [0.1399517085868393, 4.495335331714739], [-0.4962960346777803, 5.261914655441], [-0.3383414737025117, 5.650248749967571], [-0.23530570188153657, 3.8474041456802204], [0.46895736323999315, 5.911484234307534], [0.20788587640014794, 5.836264721452057], [-0.1040736613902765, 5.917849817980257], [0.12812104863994458, 4.780220044959629], [-0.021091112036720275, 1.8630926237251], [0.1109606955255857, 5.798740465680952], [-0.0858312843841803, 4.440505730421331], [0.46404794736897786, 5.229946126092937], [0.5177822652568145, 5.00588151307336], [0.15285908577120816, 1.9875387663078286], [0.3504340323179133, 4.394478048892296], [-0.3436899623442308, 5.163036729469284], [0.356615456146066, 0.650183330800576], [-0.12311688232042492, 1.5916576952404597], [-0.4694596756478015, 2.93166471090838], [-0.010955059707558869, 3.3502101871596146], [-0.15713247371881248, 5.0872938607987095], [-0.3289465212800785, 4.712399200188621], [-0.09476308569966235, 5.034252718836681], [-0.23778746507979437, 4.299508900785518], [-0.3436324281196187, 5.898054455424408], [-0.45031030601648714, 5.010214209746759], [-0.40728186307940045, 4.544752835483303], [-0.14771979043178154, 2.2950049782367152], [-0.16697426492236764, 5.837752077390765], [0.21524718635449472, 5.775767705756949], [0.4510981433746814, 3.2621219432042197], [-0.12103394212379971, 2.9955489403857856], [0.19127837541931236, 4.830373382051464], [0.18730494861630048, 2.9984385056309217], [-0.4850294902311747, 3.314889938704769], [-0.13463584418263336, 5.703663832808618], [0.2866662179464835, 3.2625675676374652], [0.3409844906723332, 3.7162174617080863], [-0.06127067482008128, 2.101992124948306], [0.15962530356593538, 3.9926435446160493], [-0.2250369232783401, 5.754995290921232], [-0.367624339304743, 5.245603426260812], [-0.514471227317169, 2.1389506416933095], [0.3904238190898226, 5.666780102891417], [-0.02828629186407544, 3.847439342699661], [0.17012872636861961, 4.077468313716354], [-0.2545549276189388, 4.468616016227867], [-0.3652821542010866, 3.1990285806872754], [-0.10657420785030632, 3.7276567954471305], [-0.22689646764204582, 3.6625018308289974], [0.37175384663180366, 5.73015380490865], [0.20889355538205517, 5.163907589093728], [-0.05584789455871489, 4.395256887222512], [-0.18248541057642131, 4.710644678482486], [-0.16036816501905768, 3.2903913926966233], [0.3078976336062825, 2.6228228819823265], [-0.15688336656942733, 1.207736842935121], [0.14654188144478036, 5.306062872100147], [0.1976711078022453, 5.6106369188065495], [0.1597734388732988, 2.368978588794514], [-0.09922046911079198, 5.863372522432898]]","[[-0.735512375831604, 5.071609973907471, -0.41982975602149963], [-0.781180739402771, 4.064624309539795, -0.38334643840789795], [-1.690869688987732, 4.409207820892334, -0.17856155335903168], [1.8264570236206055, 4.0445404052734375, 0.09593416750431061], [1.4319427013397217, 5.578310966491699, -1.0808542966842651], [0.3492780029773712, 6.264769077301025, -0.7640897631645203], [0.30824869871139526, 4.73850679397583, 0.7172616720199585], [1.4809377193450928, 6.4881415367126465, 0.0075767007656395435], [-0.5038958191871643, 3.150254726409912, 0.4329964220523834], [-1.3475202322006226, 4.6160688400268555, 0.7044112086296082], [0.5631309151649475, 2.9999711513519287, 0.12128958851099014], [-0.6919013261795044, 5.709843635559082, -0.6784160733222961], [1.0075819492340088, 5.458253383636475, -0.9442963004112244], [-0.8343181610107422, 5.747586250305176, -0.31557759642601013], [-0.42395034432411194, 5.697216510772705, -0.7365975975990295], [0.9735420346260071, 3.477978229522705, 0.5639318823814392], [-1.16005277633667, 5.355739593505859, -0.8161808848381042], [-1.2529512643814087, 3.0691990852355957, 0.6317134499549866], [1.7294824123382568, 5.992854118347168, -1.2323024272918701], [0.20993180572986603, 6.1931586265563965, 0.15911541879177094], [1.4342089891433716, 5.5105695724487305, -1.064271330833435], [-2.8375840187072754, 4.062684059143066, -0.2744080722332001], [-0.15580470860004425, 2.233808755874634, 0.1942511945962906], [-2.730193853378296, 3.8261094093322754, 0.4051784873008728], [-2.643998384475708, 3.590893030166626, -0.2406441867351532], [-1.1739826202392578, 5.660854816436768, -0.7993767261505127], [0.6671563982963562, 4.9510884284973145, 0.08018825948238373], [-0.9142951965332031, 2.4783380031585693, 0.3966814875602722], [0.9604702591896057, 4.650146961212158, -0.4360598027706146], [1.8771520853042603, 5.262132167816162, -0.6439931392669678], [-0.1251818686723709, 3.9142308235168457, 0.487517774105072], [1.155704140663147, 5.119636535644531, -0.9208241105079651], [-2.8459572792053223, 4.525421619415283, 0.9600684642791748], [0.14096054434776306, 5.985050201416016, 0.6319344639778137], [1.6119093894958496, 6.039199352264404, -0.3803015649318695], [1.0243852138519287, 4.614221096038818, -0.3322118818759918], [-0.2232341468334198, 6.15316915512085, -0.6097013354301453], [-0.7530555725097656, 4.44417667388916, 0.6593567728996277], [2.0866427421569824, 5.712187767028809, 0.48485708236694336], [1.1964261531829834, 6.140233516693115, 0.10515481978654861], [0.9093790054321289, 4.313949108123779, 0.5192649364471436], [-2.8309311866760254, 4.50086784362793, 1.4366850852966309], [-1.8733155727386475, 5.270479202270508, -0.5131598711013794], [-0.18706348538398743, 6.19650411605835, 0.0280925165861845], [-0.9702979922294617, 4.599729061126709, -0.38003405928611755], [0.7296291589736938, 2.2370800971984863, 0.18609796464443207], [-1.2860043048858643, 5.646541118621826, 0.3764677941799164], [0.12379542738199234, 4.747463226318359, 0.05897322669625282], [-2.464837074279785, 4.037117004394531, 0.5971192717552185], [-2.3432328701019287, 3.7164127826690674, 1.2614216804504395], [0.4132384955883026, 2.2306692600250244, 0.46351492404937744], [-1.3945835828781128, 3.8312363624572754, 1.0456211566925049], [1.2765042781829834, 5.660760879516602, 0.28941968083381653], [0.9654010534286499, 0.9919740557670593, 0.44007304310798645], [0.9547919034957886, 1.9833277463912964, -0.03672834113240242], [1.6238069534301758, 3.367189884185791, -0.2100205272436142], [0.23832537233829498, 3.6462972164154053, 0.48138654232025146], [0.2728913426399231, 5.443265914916992, -0.1400608867406845], [1.0732896327972412, 5.052921772003174, -0.8341825008392334], [-0.09902448207139969, 5.187546253204346, -0.7424336671829224], [0.8582029342651367, 4.764886379241943, 0.44744107127189636], [1.1992114782333374, 6.377511501312256, -0.12510301172733307], [1.7300890684127808, 5.448585510253906, -0.3523448407649994], [1.4634310007095337, 4.947659015655518, -0.586247444152832], [0.9084689617156982, 2.7410616874694824, 0.50437331199646], [0.11934449523687363, 6.121015548706055, -0.599793553352356], [-1.8537741899490356, 5.257071495056152, -0.16569417715072632], [-0.9890633225440979, 2.737027883529663, 0.4969906806945801], [0.6224063634872437, 3.3841347694396973, 0.07435598969459534], [-1.132378101348877, 4.613344192504883, 0.6494982838630676], [-0.14224176108837128, 3.0581369400024414, 0.7034266591072083], [1.798193335533142, 3.787522315979004, 0.46751636266708374], [0.1385493129491806, 6.052800178527832, 0.7136730551719666], [-0.5776119232177734, 3.100867509841919, 0.564811110496521], [-0.9895907044410706, 3.3452248573303223, 0.6578116416931152], [0.7728717923164368, 2.505786895751953, 0.4832989275455475], [-0.6541420221328735, 3.9293251037597656, 0.15746080875396729], [0.5346145629882812, 6.183975696563721, 0.018084950745105743], [1.2403390407562256, 5.591884613037109, -0.9066542387008667], [1.6791714429855347, 2.608917236328125, 0.1538100242614746], [-2.573761224746704, 4.538285732269287, -0.027640456333756447], [0.11874957382678986, 4.134964942932129, 0.41843512654304504], [-0.6581828594207764, 4.016554832458496, 0.644450843334198], [0.8666809797286987, 4.931448936462402, 0.09942346066236496], [1.3445065021514893, 3.680060386657715, -0.0017258523730561137], [0.4667784869670868, 4.105175495147705, 0.6162322163581848], [0.7970044016838074, 4.040553092956543, -0.3839561641216278], [-2.5261294841766357, 4.67857027053833, 0.03709970787167549], [-1.3837485313415527, 4.844825267791748, 0.725816011428833], [-0.01725850999355316, 4.645467281341553, -0.0787845328450203], [0.4716223478317261, 5.105075359344482, -0.0506548136472702], [0.650888979434967, 3.676102876663208, -0.11362805217504501], [-0.29389622807502747, 2.4829893112182617, -0.016923734918236732], [1.107205867767334, 1.6583598852157593, 0.1472223699092865], [-1.3201606273651123, 4.948207378387451, -0.687322735786438], [-1.651635766029358, 5.2150959968566895, 0.20126692950725555], [0.1801232248544693, 2.5401113033294678, 0.28212225437164307], [-0.2004091739654541, 6.134603023529053, 0.0161150936037302]]"
2778,1.4535697085573647,0.4992032098054934,0.36339242713934117,0.03871738770083213,0.08750522579284933,0.8270270973972146,0.553958463713033,1.4537747832811094,0.49822458855300894,0.36283178019719287,0.038465457188184546,0.08760280354665925,0.827391448715932,0.5534162520253816,"[75, 95, 205, 229, 242, 345, 369, 382, 387, 424, 467, 478, 494, 505, 529, 565, 585, 606, 625, 669, 693, 705, 785, 929, 963, 1010, 1024, 1057, 1168, 1217, 1344, 1503, 1538, 1547, 1556, 1557, 1585, 1589, 1629, 1729, 1787, 1845, 1858, 1926, 1937, 1948, 1950, 2030, 2057, 2158, 2185, 2229, 2344, 2360, 2368, 2422, 2463, 2518, 2541, 2556, 2659, 2731, 2750, 2781, 2809, 2846, 2938, 3127, 3141, 3249, 3321, 3342, 3405, 3432, 3478, 3506, 3525, 3546, 3649, 3735, 3748, 3791, 4007, 4061, 4064, 4067, 4100, 4107, 4136, 4138, 4215, 4216, 4246, 4255, 4400, 4420, 4515, 4828, 4834, 4848, 4867, 4955]","[[0.031032415477673977, 5.127073293758184], [0.13625289203402655, 4.271500298514043], [0.26468952869038553, 5.042819364865037], [-0.49768663635839777, 3.5770256016486632], [0.0017839641829619562, 1.957360851506064], [-0.42152435679100414, 5.279415710169354], [-0.2295529906962726, 5.976740873474257], [-0.10625884670153032, 4.405485525694031], [-0.3965228662313411, 5.999806383964635], [0.24913015864831, 3.2924428899652027], [0.22051836307924655, 4.988303255682623], [-0.06086317121686529, 2.6633914206016693], [-0.03075197626667205, 5.727082611923437], [-0.33611235076425394, 5.147903332376274], [0.3977894696500819, 5.0736927187784], [0.344768868328244, 4.7848172808540665], [0.0015231764583857042, 5.764764691174538], [-0.0756680425043746, 5.633557222063036], [-0.21183803113879882, 3.0241728022280285], [-0.5179446338310923, 4.067445299301386], [0.43228050407424823, 3.7398575472331244], [-0.1930961334731146, 4.810911982462579], [-0.4751142109310536, 5.726966092926472], [-0.17570757497049178, 5.8309474934457395], [-0.4223329970689888, 5.21215687595465], [0.4610005595066041, 5.609249591272154], [0.34116758856717505, 2.3687158947845437], [0.5047997751693056, 5.341027357495018], [-0.21843769322784115, 4.52779355708907], [0.48175652429254506, 3.0838521748466867], [-0.29692684305064426, 4.2559681101994435], [-0.5021856100219055, 4.88756921310929], [-0.015210121253122258, 5.638835970351515], [0.05280835216494692, 3.7616950163421086], [-0.3624401515899526, 4.804785492425206], [0.4431072215760021, 5.91610866246431], [-0.14130509304678834, 5.647290581844167], [-0.43119764927434073, 5.592570755283259], [-0.30753853697427025, 4.195668385366477], [-0.12718894739645037, 5.975753089186587], [0.13326270724377912, 4.527075284277048], [0.24658607576479763, 5.677961866195665], [-0.49749968386344623, 5.252415147193243], [-0.34382339188649913, 5.6519696086642055], [-0.23602790862121856, 3.8552945197406854], [0.45725500445841416, 5.95659484880432], [0.19084657406694996, 5.8815696753169515], [-0.11421326943008299, 5.935964936986568], [0.11514586718871579, 4.8179339289865695], [-0.00934362997487564, 1.8885860050213532], [0.09967055329167297, 5.831022499803469], [-0.09568409997824691, 4.461306190834934], [0.4504050403688326, 5.280297294212959], [0.5054763719917887, 5.054554790887991], [0.15957520254553195, 2.0207681250618292], [0.343293522929447, 4.434308274399043], [-0.35051822970398966, 5.1658425354566795], [0.40490999950456485, 0.6946737461637461], [-0.4720084047253487, 2.9305170274042607], [-0.01193654537428932, 3.373835159248397], [-0.1687306394104983, 5.106625543471298], [-0.3432561908540894, 4.72258438633459], [-0.10650117542371751, 5.060419812689491], [-0.239484559469983, 4.308069572770687], [-0.35235599000635537, 5.904321678806235], [-0.4598808675790866, 5.009742737435539], [-0.41904174149433476, 4.548481829305172], [-0.13554143827224957, 2.308705820186461], [-0.1816863866504093, 5.857646119199735], [0.19863672060125034, 5.817001400058138], [0.4436597393732687, 3.3133752135809487], [-0.12302148363162609, 3.015625846140942], [0.3660554984251475, 1.8799905422157315], [0.1813565455255259, 4.86565163728826], [0.18967671080961565, 3.0309881615070062], [-0.4825872109703745, 3.308741745074089], [-0.13952908240483605, 5.717052351595402], [0.2826471755115446, 3.3051983320271283], [0.3311600102375593, 3.7606586821981853], [-0.05087649763154599, 2.1195314216573684], [0.1514353136395402, 4.027471588805442], [-0.23434305698556232, 5.768436197737113], [-0.37978852616623515, 5.251882434025596], [-0.5038537239162042, 2.131828053435603], [0.37726229966372893, 5.712528907710366], [-0.046742193172502645, 5.804307448695853], [-0.0322872155015422, 3.871683906111772], [0.16295548782093236, 4.109725704655907], [-0.26258518201987857, 4.477946514797651], [-0.36581594780799415, 3.204236337120421], [-0.10543143254090133, 3.7442685124368085], [-0.2377493459384857, 3.6777290229426467], [0.35672623424210115, 5.777076417274949], [0.20265803765926613, 5.200987880042253], [-0.06324660488610069, 4.4201897758290585], [-0.1903556061882489, 4.7257002846792595], [-0.16274966322205978, 3.3100789556314023], [0.3028555110396814, 2.669704571826341], [-0.12982330349958862, 1.2279109029966409], [0.1856870249062372, 5.645317799804232], [0.16264738504767112, 2.4045488080594453], [-0.11037732490024836, 5.881241570488426]]","[[-0.735512375831604, 5.071609973907471, -0.41982975602149963], [-0.781180739402771, 4.064624309539795, -0.38334643840789795], [-1.690869688987732, 4.409207820892334, -0.17856155335903168], [1.8264570236206055, 4.0445404052734375, 0.09593416750431061], [0.7538830041885376, 2.314903974533081, 0.5854530334472656], [1.4319427013397217, 5.578310966491699, -1.0808542966842651], [0.3492780029773712, 6.264769077301025, -0.7640897631645203], [0.30824869871139526, 4.73850679397583, 0.7172616720199585], [1.4809377193450928, 6.4881415367126465, 0.0075767007656395435], [-0.5038958191871643, 3.150254726409912, 0.4329964220523834], [-1.3475202322006226, 4.6160688400268555, 0.7044112086296082], [0.5631309151649475, 2.9999711513519287, 0.12128958851099014], [-0.6919013261795044, 5.709843635559082, -0.6784160733222961], [1.0075819492340088, 5.458253383636475, -0.9442963004112244], [-1.9834338426589966, 4.126326084136963, 1.2579008340835571], [-1.5779470205307007, 4.093191146850586, 1.2656919956207275], [-0.8343181610107422, 5.747586250305176, -0.31557759642601013], [-0.42395034432411194, 5.697216510772705, -0.7365975975990295], [0.9735420346260071, 3.477978229522705, 0.5639318823814392], [2.0338191986083984, 4.5210676193237305, 0.5370109677314758], [-1.2529512643814087, 3.0691990852355957, 0.6317134499549866], [0.6284419298171997, 5.218175411224365, 0.8114650249481201], [1.7294824123382568, 5.992854118347168, -1.2323024272918701], [0.20993180572986603, 6.1931586265563965, 0.15911541879177094], [1.4342089891433716, 5.5105695724487305, -1.064271330833435], [-2.8375840187072754, 4.062684059143066, -0.2744080722332001], [-0.15580470860004425, 2.233808755874634, 0.1942511945962906], [-2.730193853378296, 3.8261094093322754, 0.4051784873008728], [0.6671563982963562, 4.9510884284973145, 0.08018825948238373], [-0.9142951965332031, 2.4783380031585693, 0.3966814875602722], [0.9604702591896057, 4.650146961212158, -0.4360598027706146], [1.8771520853042603, 5.262132167816162, -0.6439931392669678], [-0.4432789385318756, 5.759372234344482, 1.110603928565979], [-0.1251818686723709, 3.9142308235168457, 0.487517774105072], [1.155704140663147, 5.119636535644531, -0.9208241105079651], [-2.8459572792053223, 4.525421619415283, 0.9600684642791748], [0.14096054434776306, 5.985050201416016, 0.6319344639778137], [1.6119093894958496, 6.039199352264404, -0.3803015649318695], [1.0243852138519287, 4.614221096038818, -0.3322118818759918], [-0.2232341468334198, 6.15316915512085, -0.6097013354301453], [-0.7530555725097656, 4.44417667388916, 0.6593567728996277], [-1.711829662322998, 5.109426975250244, 1.3582955598831177], [2.0866427421569824, 5.712187767028809, 0.48485708236694336], [1.1964261531829834, 6.140233516693115, 0.10515481978654861], [0.9093790054321289, 4.313949108123779, 0.5192649364471436], [-2.8309311866760254, 4.50086784362793, 1.4366850852966309], [-1.8733155727386475, 5.270479202270508, -0.5131598711013794], [-0.18706348538398743, 6.19650411605835, 0.0280925165861845], [-0.9702979922294617, 4.599729061126709, -0.38003405928611755], [0.7296291589736938, 2.2370800971984863, 0.18609796464443207], [-1.2860043048858643, 5.646541118621826, 0.3764677941799164], [0.12379542738199234, 4.747463226318359, 0.05897322669625282], [-2.464837074279785, 4.037117004394531, 0.5971192717552185], [-2.3432328701019287, 3.7164127826690674, 1.2614216804504395], [0.4132384955883026, 2.2306692600250244, 0.46351492404937744], [-1.3945835828781128, 3.8312363624572754, 1.0456211566925049], [1.2765042781829834, 5.660760879516602, 0.28941968083381653], [0.9654010534286499, 0.9919740557670593, 0.44007304310798645], [1.6238069534301758, 3.367189884185791, -0.2100205272436142], [0.23832537233829498, 3.6462972164154053, 0.48138654232025146], [0.2728913426399231, 5.443265914916992, -0.1400608867406845], [1.0732896327972412, 5.052921772003174, -0.8341825008392334], [-0.09902448207139969, 5.187546253204346, -0.7424336671829224], [0.8582029342651367, 4.764886379241943, 0.44744107127189636], [1.1992114782333374, 6.377511501312256, -0.12510301172733307], [1.7300890684127808, 5.448585510253906, -0.3523448407649994], [1.4634310007095337, 4.947659015655518, -0.586247444152832], [0.9084689617156982, 2.7410616874694824, 0.50437331199646], [0.11934449523687363, 6.121015548706055, -0.599793553352356], [-1.8537741899490356, 5.257071495056152, -0.16569417715072632], [-0.9890633225440979, 2.737027883529663, 0.4969906806945801], [0.6224063634872437, 3.3841347694396973, 0.07435598969459534], [0.21531108021736145, 1.8863191604614258, 0.6642800569534302], [-1.132378101348877, 4.613344192504883, 0.6494982838630676], [-0.14224176108837128, 3.0581369400024414, 0.7034266591072083], [1.798193335533142, 3.787522315979004, 0.46751636266708374], [0.1385493129491806, 6.052800178527832, 0.7136730551719666], [-0.5776119232177734, 3.100867509841919, 0.564811110496521], [-0.9895907044410706, 3.3452248573303223, 0.6578116416931152], [0.7728717923164368, 2.505786895751953, 0.4832989275455475], [-0.6541420221328735, 3.9293251037597656, 0.15746080875396729], [0.5346145629882812, 6.183975696563721, 0.018084950745105743], [1.2403390407562256, 5.591884613037109, -0.9066542387008667], [1.6791714429855347, 2.608917236328125, 0.1538100242614746], [-2.573761224746704, 4.538285732269287, -0.027640456333756447], [-0.3445555865764618, 5.978813171386719, 1.0294865369796753], [0.11874957382678986, 4.134964942932129, 0.41843512654304504], [-0.6581828594207764, 4.016554832458496, 0.644450843334198], [0.8666809797286987, 4.931448936462402, 0.09942346066236496], [1.3445065021514893, 3.680060386657715, -0.0017258523730561137], [0.4667784869670868, 4.105175495147705, 0.6162322163581848], [0.7970044016838074, 4.040553092956543, -0.3839561641216278], [-2.5261294841766357, 4.67857027053833, 0.03709970787167549], [-1.3837485313415527, 4.844825267791748, 0.725816011428833], [-0.01725850999355316, 4.645467281341553, -0.0787845328450203], [0.4716223478317261, 5.105075359344482, -0.0506548136472702], [0.650888979434967, 3.676102876663208, -0.11362805217504501], [-0.29389622807502747, 2.4829893112182617, -0.016923734918236732], [1.107205867767334, 1.6583598852157593, 0.1472223699092865], [-1.651635766029358, 5.2150959968566895, 0.20126692950725555], [0.1801232248544693, 2.5401113033294678, 0.28212225437164307], [-0.2004091739654541, 6.134603023529053, 0.0161150936037302]]"
2780,1.5138952223553879,0.494646767820425,0.37847380558884697,0.05333570738000082,0.08433649581029644,0.8313413254178942,0.5467305172067259,1.5145681920734149,0.4941898408286417,0.38052644267921043,0.054221277450382556,0.08391626707108106,0.8312258910131693,0.5468835628375261,"[75, 205, 229, 242, 369, 382, 424, 467, 478, 522, 529, 565, 585, 625, 669, 693, 705, 929, 1024, 1057, 1104, 1168, 1217, 1235, 1344, 1503, 1538, 1547, 1557, 1585, 1589, 1629, 1787, 1845, 1858, 1926, 1937, 2030, 2128, 2158, 2185, 2229, 2344, 2360, 2368, 2422, 2463, 2518, 2541, 2556, 2617, 2659, 2781, 2809, 2843, 2846, 2938, 3127, 3141, 3249, 3321, 3342, 3405, 3432, 3478, 3493, 3506, 3513, 3516, 3525, 3546, 3649, 3735, 3748, 3791, 4007, 4061, 4064, 4067, 4100, 4107, 4136, 4138, 4215, 4216, 4217, 4246, 4255, 4400, 4420, 4515, 4834, 4848, 4867, 4955]","[[0.015433952254549303, 5.1610822567899], [0.2507757725889121, 5.089884235799002], [-0.5016037866476545, 3.575909759781769], [0.009052079552971647, 1.9845798516042996], [-0.24081856481304237, 5.9966271827142945], [-0.11268453142583365, 4.422770422648914], [0.2415347542560619, 3.335737257422598], [0.2084873550290901, 5.0298703323081755], [-0.06365114060670445, 2.69227227418626], [-0.35966414651543627, 4.670453207740737], [0.38449335604412643, 5.117518669521126], [0.33129296416384146, 4.826267165896101], [-0.01150958986980233, 5.795923271741977], [-0.21161140142668966, 3.0377884244561555], [-0.5201696630415404, 4.065237066481997], [0.41940383175054063, 3.786587644451478], [-0.20137448676367256, 4.825105014196766], [-0.18603056719233776, 5.850605739715326], [0.33771396741031284, 2.4172428489037783], [0.4911392074659227, 5.396280820245747], [0.2876448884832814, 4.328039443785745], [-0.22804036511395054, 4.545181108135013], [0.4715281687049638, 3.1343782654121246], [0.24010111471296647, 5.582976931432813], [-0.3055885310060281, 4.27073054130815], [-0.5137078989192141, 4.888635562442437], [-0.023919806697267933, 5.6643689089252565], [0.04649962347430358, 3.7945139170771887], [0.4292460070603869, 5.965970779445036], [-0.14833834988440747, 5.665383267787094], [-0.44219907517332563, 5.599317560303251], [-0.31554426645018024, 4.208461262782353], [0.12384020598374439, 4.562546132417485], [0.2331328645367367, 5.715405654356364], [-0.5053943208185768, 5.250058754032915], [-0.35326580249201517, 5.658445434502988], [-0.23932306656547983, 3.8682340125595522], [-0.12677791777161768, 5.962708064923275], [0.03410470171830308, 3.6949957053244957], [-0.0037467451994979356, 1.9195122730252532], [0.08792475267216682, 5.863624595845476], [-0.10191905159381542, 4.485031031036829], [0.436784093969675, 5.329151358106453], [0.4903675030806514, 5.101403604016225], [0.16452455555636794, 2.057741925102776], [0.331842791552118, 4.4747794449654075], [-0.3594118306775518, 5.171842873713958], [0.4321939092910869, 0.7425652816296368], [-0.47269090442735007, 2.9327178041460114], [-0.016134277756997384, 3.4024707041397484], [-0.18992444088269103, 3.1704666236713956], [-0.17723018316349606, 5.126084297870699], [-0.24663518226708397, 4.32193215879885], [-0.36340554664918884, 5.913652198211229], [-0.5236731579049071, 5.592922220972871], [-0.46884062491419026, 5.013824661969404], [-0.42763854835987625, 4.5568713097221725], [-0.13104710482043014, 2.329927325377213], [-0.19361805467618845, 5.8796042014031435], [0.1864924679976939, 5.8582853868539555], [0.43108141047353116, 3.3601477571057514], [-0.12453619456409899, 3.038939680497942], [0.3654227719953228, 1.925819322262886], [0.17181441392855382, 4.903739080396904], [0.18363995796847263, 3.0685381904963758], [0.41572285942924797, 3.33562495657341], [-0.48073744588913553, 3.30660627406635], [0.04855033410185228, 3.8164720741081495], [0.0649008907693985, 3.848461602743545], [-0.14946000949442229, 5.734241253595834], [0.2761474398170085, 3.347206452702893], [0.3206873312149424, 3.8030793646178047], [-0.042980892267144084, 2.1454960303028257], [0.1420617328201531, 4.067169789374708], [-0.2462027270597583, 5.783858041463482], [-0.39335614424763266, 5.262985515962299], [-0.49525941189010775, 2.134068342018017], [0.364530950231666, 5.763662153465312], [-0.05643020184521129, 5.827288933141473], [-0.03885954650973554, 3.8986706531617434], [0.15439560397493526, 4.144296962994314], [-0.2691853427298887, 4.493205968741984], [-0.3684690537433927, 3.2112775389652897], [-0.10955541579806653, 3.7654302373080766], [-0.24406894682023922, 3.6964510896980363], [-0.12425669274936703, 5.444925431658028], [0.340904231693978, 5.824582764887818], [0.18897164367837097, 5.239922332982432], [-0.07216462232108162, 4.447558357838491], [-0.19894372893457352, 4.74579356986485], [-0.16728666874202863, 3.3331279710327086], [-0.10653577094957088, 1.2531153462918154], [0.17262308715717137, 5.687640682793502], [0.1609183008657559, 2.4423263944013582], [-0.12121931854772722, 5.907979631565538]]","[[-0.735512375831604, 5.071609973907471, -0.41982975602149963], [-1.690869688987732, 4.409207820892334, -0.17856155335903168], [1.8264570236206055, 4.0445404052734375, 0.09593416750431061], [0.7538830041885376, 2.314903974533081, 0.5854530334472656], [0.3492780029773712, 6.264769077301025, -0.7640897631645203], [0.30824869871139526, 4.73850679397583, 0.7172616720199585], [-0.5038958191871643, 3.150254726409912, 0.4329964220523834], [-1.3475202322006226, 4.6160688400268555, 0.7044112086296082], [0.5631309151649475, 2.9999711513519287, 0.12128958851099014], [1.4013367891311646, 5.146660327911377, 0.7831169962882996], [-1.9834338426589966, 4.126326084136963, 1.2579008340835571], [-1.5779470205307007, 4.093191146850586, 1.2656919956207275], [-0.8343181610107422, 5.747586250305176, -0.31557759642601013], [0.9735420346260071, 3.477978229522705, 0.5639318823814392], [2.0338191986083984, 4.5210676193237305, 0.5370109677314758], [-1.2529512643814087, 3.0691990852355957, 0.6317134499549866], [0.6284419298171997, 5.218175411224365, 0.8114650249481201], [0.20993180572986603, 6.1931586265563965, 0.15911541879177094], [-0.15580470860004425, 2.233808755874634, 0.1942511945962906], [-2.730193853378296, 3.8261094093322754, 0.4051784873008728], [-1.0987924337387085, 3.838974714279175, 1.2321866750717163], [0.6671563982963562, 4.9510884284973145, 0.08018825948238373], [-0.9142951965332031, 2.4783380031585693, 0.3966814875602722], [-1.6150442361831665, 4.971423625946045, 1.5383867025375366], [0.9604702591896057, 4.650146961212158, -0.4360598027706146], [1.8771520853042603, 5.262132167816162, -0.6439931392669678], [-0.4432789385318756, 5.759372234344482, 1.110603928565979], [-0.1251818686723709, 3.9142308235168457, 0.487517774105072], [-2.8459572792053223, 4.525421619415283, 0.9600684642791748], [0.14096054434776306, 5.985050201416016, 0.6319344639778137], [1.6119093894958496, 6.039199352264404, -0.3803015649318695], [1.0243852138519287, 4.614221096038818, -0.3322118818759918], [-0.7530555725097656, 4.44417667388916, 0.6593567728996277], [-1.711829662322998, 5.109426975250244, 1.3582955598831177], [2.0866427421569824, 5.712187767028809, 0.48485708236694336], [1.1964261531829834, 6.140233516693115, 0.10515481978654861], [0.9093790054321289, 4.313949108123779, 0.5192649364471436], [-0.18706348538398743, 6.19650411605835, 0.0280925165861845], [0.0504140630364418, 3.844172477722168, 0.9141488671302795], [0.7296291589736938, 2.2370800971984863, 0.18609796464443207], [-1.2860043048858643, 5.646541118621826, 0.3764677941799164], [0.12379542738199234, 4.747463226318359, 0.05897322669625282], [-2.464837074279785, 4.037117004394531, 0.5971192717552185], [-2.3432328701019287, 3.7164127826690674, 1.2614216804504395], [0.4132384955883026, 2.2306692600250244, 0.46351492404937744], [-1.3945835828781128, 3.8312363624572754, 1.0456211566925049], [1.2765042781829834, 5.660760879516602, 0.28941968083381653], [0.9654010534286499, 0.9919740557670593, 0.44007304310798645], [1.6238069534301758, 3.367189884185791, -0.2100205272436142], [0.23832537233829498, 3.6462972164154053, 0.48138654232025146], [0.9247138500213623, 3.581916570663452, 0.7817375659942627], [0.2728913426399231, 5.443265914916992, -0.1400608867406845], [0.8582029342651367, 4.764886379241943, 0.44744107127189636], [1.1992114782333374, 6.377511501312256, -0.12510301172733307], [2.2666237354278564, 6.023579120635986, 0.7465230822563171], [1.7300890684127808, 5.448585510253906, -0.3523448407649994], [1.4634310007095337, 4.947659015655518, -0.586247444152832], [0.9084689617156982, 2.7410616874694824, 0.50437331199646], [0.11934449523687363, 6.121015548706055, -0.599793553352356], [-1.8537741899490356, 5.257071495056152, -0.16569417715072632], [-0.9890633225440979, 2.737027883529663, 0.4969906806945801], [0.6224063634872437, 3.3841347694396973, 0.07435598969459534], [0.21531108021736145, 1.8863191604614258, 0.6642800569534302], [-1.132378101348877, 4.613344192504883, 0.6494982838630676], [-0.14224176108837128, 3.0581369400024414, 0.7034266591072083], [-0.8076946139335632, 2.7856414318084717, 1.080052375793457], [1.798193335533142, 3.787522315979004, 0.46751636266708374], [-0.05047990381717682, 3.9298436641693115, 0.9450393319129944], [-0.09190124273300171, 3.927936315536499, 1.0433226823806763], [0.1385493129491806, 6.052800178527832, 0.7136730551719666], [-0.5776119232177734, 3.100867509841919, 0.564811110496521], [-0.9895907044410706, 3.3452248573303223, 0.6578116416931152], [0.7728717923164368, 2.505786895751953, 0.4832989275455475], [-0.6541420221328735, 3.9293251037597656, 0.15746080875396729], [0.5346145629882812, 6.183975696563721, 0.018084950745105743], [1.2403390407562256, 5.591884613037109, -0.9066542387008667], [1.6791714429855347, 2.608917236328125, 0.1538100242614746], [-2.573761224746704, 4.538285732269287, -0.027640456333756447], [-0.3445555865764618, 5.978813171386719, 1.0294865369796753], [0.11874957382678986, 4.134964942932129, 0.41843512654304504], [-0.6581828594207764, 4.016554832458496, 0.644450843334198], [0.8666809797286987, 4.931448936462402, 0.09942346066236496], [1.3445065021514893, 3.680060386657715, -0.0017258523730561137], [0.4667784869670868, 4.105175495147705, 0.6162322163581848], [0.7970044016838074, 4.040553092956543, -0.3839561641216278], [0.15165023505687714, 5.721107006072998, 1.0655454397201538], [-2.5261294841766357, 4.67857027053833, 0.03709970787167549], [-1.3837485313415527, 4.844825267791748, 0.725816011428833], [-0.01725850999355316, 4.645467281341553, -0.0787845328450203], [0.4716223478317261, 5.105075359344482, -0.0506548136472702], [0.650888979434967, 3.676102876663208, -0.11362805217504501], [1.107205867767334, 1.6583598852157593, 0.1472223699092865], [-1.651635766029358, 5.2150959968566895, 0.20126692950725555], [0.1801232248544693, 2.5401113033294678, 0.28212225437164307], [-0.2004091739654541, 6.134603023529053, 0.0161150936037302]]"
2782,1.574861117165888,0.4853748505023473,0.393715279291472,0.06382041499141122,0.07282705999853778,0.8361053624350572,0.5399546248247485,1.574419139692515,0.48580260592159563,0.3939662512778662,0.06417400567300373,0.07297896487105923,0.8363421318059657,0.5395253527393153,"[229, 242, 382, 424, 467, 478, 522, 529, 565, 584, 585, 625, 693, 705, 929, 1024, 1057, 1104, 1168, 1217, 1235, 1282, 1344, 1503, 1538, 1547, 1585, 1589, 1629, 1787, 1845, 1858, 1926, 1937, 2030, 2128, 2158, 2185, 2229, 2344, 2360, 2368, 2422, 2463, 2518, 2541, 2556, 2572, 2617, 2659, 2781, 2809, 2840, 2846, 2938, 3127, 3141, 3249, 3321, 3342, 3405, 3432, 3478, 3493, 3506, 3513, 3516, 3525, 3546, 3649, 3735, 3748, 3791, 4061, 4064, 4067, 4100, 4107, 4136, 4138, 4215, 4217, 4246, 4255, 4364, 4400, 4420, 4515, 4625, 4703, 4848, 4867, 4955]","[[-0.5043186964859617, 3.582412514083759], [0.014230971180798037, 2.0140310901531655], [-0.12291637653483943, 4.449626294898944], [0.23447630960790578, 3.379237115491056], [0.1991117674094858, 5.069640434984848], [-0.06198214296315541, 2.7239094809581097], [-0.36691649023093253, 4.6797883618022915], [0.3710237354577664, 5.163078758060808], [0.3173515963251525, 4.8710340460657955], [-0.466457031099767, 4.598137953056481], [-0.019726133111343545, 5.82959243438849], [-0.2133952467872304, 3.0566872432406282], [0.4080691625274678, 3.8385868843133095], [-0.20689019497034328, 4.844277463177749], [-0.19724932820658134, 5.873343557141412], [0.3346054362665031, 2.466425414871605], [0.4785907243720961, 5.451577628339659], [0.27556614861195183, 4.3708282399314395], [-0.23418342321976504, 4.567622016628854], [0.463193503843478, 3.1887073835497355], [0.2258204975937777, 5.620752159263968], [-0.4792352761073531, 1.8476476437116411], [-0.3117489721573994, 4.290564814462328], [-0.5193153870632639, 4.897002970579562], [-0.03546097722270105, 5.69192519308799], [0.037619939291962015, 3.8278128287584807], [-0.15746166905193545, 5.689190863648133], [-0.4506708655032502, 5.60796040362706], [-0.32217021337347845, 4.226742857989966], [0.11362253629873423, 4.599773450503651], [0.21892862350493972, 5.755287305001017], [-0.5105390679667189, 5.252182671366254], [-0.36434812329457344, 5.672934480595893], [-0.24161121229269975, 3.8894279036140302], [-0.13698606253409262, 5.985639485245164], [0.02578588605986308, 3.727915766420536], [0.0012969120114408007, 1.9574198082363157], [0.07679373461532304, 5.901208772688302], [-0.10944022968600293, 4.516403858302533], [0.4240418507559334, 5.382335265093576], [0.4750103398524616, 5.15162953046182], [0.16396544741100486, 2.098338362822712], [0.31831030395993454, 4.521638685931159], [-0.36706659821523374, 5.184406146538844], [0.453162572261825, 0.7950355616609468], [-0.47544662110643393, 2.946218158811303], [-0.020895901726263908, 3.4328288496023713], [-0.3050325260598287, 3.090621956598812], [-0.1923590620396987, 3.1872884552695973], [-0.1876862835570348, 5.1526371964846795], [-0.25315933804720026, 4.338830446396269], [-0.3732627989256519, 5.927247081866123], [0.04658998366472373, 5.604513919182966], [-0.4790898195308724, 5.022473552877173], [-0.4364323613025251, 4.5712795366543295], [-0.12572987541760192, 2.3537581264261394], [-0.2036775958985443, 5.90568916638697], [0.17441446282124526, 5.902129624986455], [0.42233626357816106, 3.413153792985808], [-0.12724679373345413, 3.070282870017368], [0.36143461605740934, 1.9711753808267227], [0.16151142225162235, 4.9428421644375735], [0.17688372719876583, 3.109188297669819], [0.40542473458585504, 3.382217473123401], [-0.4802797045517424, 3.310993553257498], [0.04348333796479131, 3.8492571556464905], [0.055941442416298934, 3.879961579766853], [-0.15983965294634256, 5.759736171817382], [0.2658849389417444, 3.391641838807789], [0.3138688223341935, 3.850617656439387], [-0.04013989991633621, 2.1750725341809893], [0.13236085457899208, 4.1103406814250665], [-0.2543390830373079, 5.805092420451398], [-0.4870667492320844, 2.1410752501362587], [0.35317154077648266, 5.814423375205201], [-0.06865471376648717, 5.853447851758422], [-0.045329229004858945, 3.9306479109922057], [0.1457259657928234, 4.185405606029389], [-0.2788183352981436, 4.5107774819582325], [-0.3710058457019099, 3.224564650221154], [-0.1147641571152334, 3.7938853948732487], [-0.13514702049808738, 5.468162883766015], [0.33206052854760504, 5.876505677876953], [0.17811631639959521, 5.279935963044598], [0.3929360244934139, 3.1517318996721913], [-0.07984464733393591, 4.4794599214402995], [-0.20746515476362917, 4.770238363577209], [-0.17198992797380866, 3.3604793426666295], [-0.010366759962924505, 4.182550335043692], [-0.2336633035533566, 4.258855457849495], [0.16218802701069704, 5.727111107009025], [0.158389223154014, 2.4866260546115484], [-0.1311559210950019, 5.934758889568364]]","[[1.8264570236206055, 4.0445404052734375, 0.09593416750431061], [0.7538830041885376, 2.314903974533081, 0.5854530334472656], [0.30824869871139526, 4.73850679397583, 0.7172616720199585], [-0.5038958191871643, 3.150254726409912, 0.4329964220523834], [-1.3475202322006226, 4.6160688400268555, 0.7044112086296082], [0.5631309151649475, 2.9999711513519287, 0.12128958851099014], [1.4013367891311646, 5.146660327911377, 0.7831169962882996], [-1.9834338426589966, 4.126326084136963, 1.2579008340835571], [-1.5779470205307007, 4.093191146850586, 1.2656919956207275], [1.8719948530197144, 5.052525520324707, 0.8349053263664246], [-0.8343181610107422, 5.747586250305176, -0.31557759642601013], [0.9735420346260071, 3.477978229522705, 0.5639318823814392], [-1.2529512643814087, 3.0691990852355957, 0.6317134499549866], [0.6284419298171997, 5.218175411224365, 0.8114650249481201], [0.20993180572986603, 6.1931586265563965, 0.15911541879177094], [-0.15580470860004425, 2.233808755874634, 0.1942511945962906], [-2.730193853378296, 3.8261094093322754, 0.4051784873008728], [-1.0987924337387085, 3.838974714279175, 1.2321866750717163], [0.6671563982963562, 4.9510884284973145, 0.08018825948238373], [-0.9142951965332031, 2.4783380031585693, 0.3966814875602722], [-1.6150442361831665, 4.971423625946045, 1.5383867025375366], [1.7228246927261353, 2.317826509475708, 0.5801055431365967], [0.9604702591896057, 4.650146961212158, -0.4360598027706146], [1.8771520853042603, 5.262132167816162, -0.6439931392669678], [-0.4432789385318756, 5.759372234344482, 1.110603928565979], [-0.1251818686723709, 3.9142308235168457, 0.487517774105072], [0.14096054434776306, 5.985050201416016, 0.6319344639778137], [1.6119093894958496, 6.039199352264404, -0.3803015649318695], [1.0243852138519287, 4.614221096038818, -0.3322118818759918], [-0.7530555725097656, 4.44417667388916, 0.6593567728996277], [-1.711829662322998, 5.109426975250244, 1.3582955598831177], [2.0866427421569824, 5.712187767028809, 0.48485708236694336], [1.1964261531829834, 6.140233516693115, 0.10515481978654861], [0.9093790054321289, 4.313949108123779, 0.5192649364471436], [-0.18706348538398743, 6.19650411605835, 0.0280925165861845], [0.0504140630364418, 3.844172477722168, 0.9141488671302795], [0.7296291589736938, 2.2370800971984863, 0.18609796464443207], [-1.2860043048858643, 5.646541118621826, 0.3764677941799164], [0.12379542738199234, 4.747463226318359, 0.05897322669625282], [-2.464837074279785, 4.037117004394531, 0.5971192717552185], [-2.3432328701019287, 3.7164127826690674, 1.2614216804504395], [0.4132384955883026, 2.2306692600250244, 0.46351492404937744], [-1.3945835828781128, 3.8312363624572754, 1.0456211566925049], [1.2765042781829834, 5.660760879516602, 0.28941968083381653], [0.9654010534286499, 0.9919740557670593, 0.44007304310798645], [1.6238069534301758, 3.367189884185791, -0.2100205272436142], [0.23832537233829498, 3.6462972164154053, 0.48138654232025146], [1.2931238412857056, 3.53771710395813, 0.7972477078437805], [0.9247138500213623, 3.581916570663452, 0.7817375659942627], [0.2728913426399231, 5.443265914916992, -0.1400608867406845], [0.8582029342651367, 4.764886379241943, 0.44744107127189636], [1.1992114782333374, 6.377511501312256, -0.12510301172733307], [-0.7632195353507996, 5.471410274505615, 1.4391610622406006], [1.7300890684127808, 5.448585510253906, -0.3523448407649994], [1.4634310007095337, 4.947659015655518, -0.586247444152832], [0.9084689617156982, 2.7410616874694824, 0.50437331199646], [0.11934449523687363, 6.121015548706055, -0.599793553352356], [-1.8537741899490356, 5.257071495056152, -0.16569417715072632], [-0.9890633225440979, 2.737027883529663, 0.4969906806945801], [0.6224063634872437, 3.3841347694396973, 0.07435598969459534], [0.21531108021736145, 1.8863191604614258, 0.6642800569534302], [-1.132378101348877, 4.613344192504883, 0.6494982838630676], [-0.14224176108837128, 3.0581369400024414, 0.7034266591072083], [-0.8076946139335632, 2.7856414318084717, 1.080052375793457], [1.798193335533142, 3.787522315979004, 0.46751636266708374], [-0.05047990381717682, 3.9298436641693115, 0.9450393319129944], [-0.09190124273300171, 3.927936315536499, 1.0433226823806763], [0.1385493129491806, 6.052800178527832, 0.7136730551719666], [-0.5776119232177734, 3.100867509841919, 0.564811110496521], [-0.9895907044410706, 3.3452248573303223, 0.6578116416931152], [0.7728717923164368, 2.505786895751953, 0.4832989275455475], [-0.6541420221328735, 3.9293251037597656, 0.15746080875396729], [0.5346145629882812, 6.183975696563721, 0.018084950745105743], [1.6791714429855347, 2.608917236328125, 0.1538100242614746], [-2.573761224746704, 4.538285732269287, -0.027640456333756447], [-0.3445555865764618, 5.978813171386719, 1.0294865369796753], [0.11874957382678986, 4.134964942932129, 0.41843512654304504], [-0.6581828594207764, 4.016554832458496, 0.644450843334198], [0.8666809797286987, 4.931448936462402, 0.09942346066236496], [1.3445065021514893, 3.680060386657715, -0.0017258523730561137], [0.4667784869670868, 4.105175495147705, 0.6162322163581848], [0.15165023505687714, 5.721107006072998, 1.0655454397201538], [-2.5261294841766357, 4.67857027053833, 0.03709970787167549], [-1.3837485313415527, 4.844825267791748, 0.725816011428833], [-0.5841604471206665, 2.6490478515625, 1.155456304550171], [-0.01725850999355316, 4.645467281341553, -0.0787845328450203], [0.4716223478317261, 5.105075359344482, -0.0506548136472702], [0.650888979434967, 3.676102876663208, -0.11362805217504501], [0.036594752222299576, 4.307314872741699, 1.1208006143569946], [0.8937721848487854, 4.650120735168457, 0.9672383666038513], [-1.651635766029358, 5.2150959968566895, 0.20126692950725555], [0.1801232248544693, 2.5401113033294678, 0.28212225437164307], [-0.2004091739654541, 6.134603023529053, 0.0161150936037302]]"
2784,1.632199228577098,0.4716331529356797,0.4080498071442745,0.0681063693220345,0.05396018901293669,0.8406383891557098,0.5345810688166512,1.6310709514956807,0.47186919883939393,0.4073294776804287,0.06732791696513564,0.05269001554080151,0.8408727772516068,0.5344377291477609,"[229, 239, 242, 382, 424, 467, 478, 522, 529, 565, 584, 625, 693, 705, 929, 1057, 1104, 1168, 1170, 1195, 1217, 1235, 1282, 1538, 1547, 1585, 1589, 1673, 1787, 1845, 1858, 1926, 1937, 2128, 2158, 2185, 2229, 2299, 2344, 2360, 2368, 2422, 2463, 2518, 2556, 2572, 2617, 2659, 2781, 2809, 2840, 2846, 3127, 3224, 3321, 3342, 3405, 3432, 3478, 3493, 3506, 3513, 3516, 3525, 3546, 3632, 3649, 3735, 3748, 3791, 4061, 4067, 4100, 4107, 4136, 4138, 4215, 4217, 4246, 4255, 4364, 4400, 4420, 4480, 4526, 4558, 4625, 4703, 4848, 4867, 4955]","[[-0.5067405180446737, 3.592494301410692], [-0.4084638585204496, 3.663788770022577], [0.016401935087060428, 2.0494100590730566], [-0.128047052740555, 4.478974737521167], [0.2282269680385744, 3.4274661522316445], [0.18640772112711157, 5.111605384779304], [-0.0588044366241868, 2.760537922211953], [-0.37387592112900375, 4.694782485485794], [0.35696026781330475, 5.212587477549041], [0.3042080334044727, 4.914939295120265], [-0.4735571592946185, 4.6069965938759845], [-0.21368525656669163, 3.0803725965525746], [0.39962248529564565, 3.88882021574651], [-0.21639423121530676, 4.869314090091244], [-0.20390123696025556, 5.901135003299965], [0.4694450298332673, 5.503128381432786], [0.26301723263605364, 4.413208732315667], [-0.24050727324363044, 4.591882431739263], [-0.10314913082666372, 3.529988585526433], [-0.4130100742787574, 4.8372699235997905], [0.4583315588504381, 3.2420023425906757], [0.2116385646045416, 5.661780389983385], [-0.47046420890341767, 1.856939569090418], [-0.046918556946352726, 5.723923712340712], [0.031796755242003025, 3.867143961836625], [-0.16902940017291151, 5.7182405870265764], [-0.4595228513533106, 5.625894998517754], [0.053195662167501705, 5.137259631164691], [0.10631196146762323, 4.640032529645436], [0.20537653128995045, 5.796626864530073], [-0.5212372283110066, 5.259688356900785], [-0.3686652232853444, 5.694099282954936], [-0.2495001380198045, 3.912230812567451], [0.0174241167144917, 3.7592455595527072], [0.010804658043193614, 1.9948390485270722], [0.06997409906447137, 5.941937867115843], [-0.11519863182503169, 4.547399590855474], [-0.35684492213870983, 5.414913473522453], [0.4134619390520315, 5.4347572121159295], [0.45957528329694697, 5.20231774179512], [0.16519665051711946, 2.140833659054768], [0.30714792031714183, 4.566494510789787], [-0.3721665152703925, 5.203119461892666], [0.4666116319394711, 0.8444971532702983], [-0.024939140132764135, 3.467694804279541], [-0.30377200033138935, 3.1107444247894103], [-0.19769813978219844, 3.212072358567695], [-0.19080430439747492, 5.1847724927107235], [-0.25889110013363903, 4.361734253408227], [-0.3798645589556232, 5.946292906248705], [0.03334016035130408, 5.6391034775210285], [-0.4814452847416847, 5.032189438520127], [-0.12339208581945957, 2.384338507092329], [-0.4524401861552564, 3.975410485556903], [0.41517622036482293, 3.465674161281773], [-0.1251682944210195, 3.100655469730401], [0.3569191508232185, 2.019305200622509], [0.15109431814279728, 4.983711333683868], [0.1715917845916939, 3.151596654173004], [0.3908335497684157, 3.4280001300551097], [-0.4844542268289117, 3.3204189888460016], [0.03285466773787559, 3.8849602728957775], [0.04544497094634993, 3.9149306010626983], [-0.17019742983683964, 5.785960970587905], [0.25980195072111817, 3.4385333743265267], [0.474529272226252, 4.0606862825874], [0.3045710815590406, 3.896571684518617], [-0.03595779753229805, 2.2099647310385735], [0.13147303167774416, 4.153246038805975], [-0.26039027896916084, 5.830046342049596], [-0.47882759124861335, 2.1534326221179887], [-0.07872539168406349, 5.884410182567999], [-0.05017494323613446, 3.9622653360399287], [0.1380816543984271, 4.226895375893256], [-0.2805201974689897, 4.536728146724084], [-0.36881061064019255, 3.248310397518978], [-0.12055034068296251, 3.82141770351439], [-0.1454892794360343, 5.493907306818745], [0.32824220708713203, 5.92701220332579], [0.1660520001591591, 5.32040316994196], [0.3806519571974268, 3.196236020452711], [-0.08416157114340171, 4.513674968525865], [-0.209782975072617, 4.797695690316181], [0.029011003513751816, 3.146021696804539], [-0.20027769691927266, 5.258532087793697], [0.0743247872813414, 5.703567193464741], [-0.019607079776191062, 4.214702922826916], [-0.2414304088934419, 4.2798545163475685], [0.15658419381920896, 5.773339251087092], [0.1610453820124436, 2.531785782788641], [-0.13986255293925412, 5.966259651606272]]","[[1.8264570236206055, 4.0445404052734375, 0.09593416750431061], [1.6176284551620483, 4.096442222595215, 0.938147783279419], [0.7538830041885376, 2.314903974533081, 0.5854530334472656], [0.30824869871139526, 4.73850679397583, 0.7172616720199585], [-0.5038958191871643, 3.150254726409912, 0.4329964220523834], [-1.3475202322006226, 4.6160688400268555, 0.7044112086296082], [0.5631309151649475, 2.9999711513519287, 0.12128958851099014], [1.4013367891311646, 5.146660327911377, 0.7831169962882996], [-1.9834338426589966, 4.126326084136963, 1.2579008340835571], [-1.5779470205307007, 4.093191146850586, 1.2656919956207275], [1.8719948530197144, 5.052525520324707, 0.8349053263664246], [0.9735420346260071, 3.477978229522705, 0.5639318823814392], [-1.2529512643814087, 3.0691990852355957, 0.6317134499549866], [0.6284419298171997, 5.218175411224365, 0.8114650249481201], [0.20993180572986603, 6.1931586265563965, 0.15911541879177094], [-2.730193853378296, 3.8261094093322754, 0.4051784873008728], [-1.0987924337387085, 3.838974714279175, 1.2321866750717163], [0.6671563982963562, 4.9510884284973145, 0.08018825948238373], [0.5833927989006042, 3.7820382118225098, 1.0432583093643188], [1.6244605779647827, 5.264101505279541, 1.0627230405807495], [-0.9142951965332031, 2.4783380031585693, 0.3966814875602722], [-1.6150442361831665, 4.971423625946045, 1.5383867025375366], [1.7228246927261353, 2.317826509475708, 0.5801055431365967], [-0.4432789385318756, 5.759372234344482, 1.110603928565979], [-0.1251818686723709, 3.9142308235168457, 0.487517774105072], [0.14096054434776306, 5.985050201416016, 0.6319344639778137], [1.6119093894958496, 6.039199352264404, -0.3803015649318695], [-0.5980858206748962, 4.965366840362549, 1.5139001607894897], [-0.7530555725097656, 4.44417667388916, 0.6593567728996277], [-1.711829662322998, 5.109426975250244, 1.3582955598831177], [2.0866427421569824, 5.712187767028809, 0.48485708236694336], [1.1964261531829834, 6.140233516693115, 0.10515481978654861], [0.9093790054321289, 4.313949108123779, 0.5192649364471436], [0.0504140630364418, 3.844172477722168, 0.9141488671302795], [0.7296291589736938, 2.2370800971984863, 0.18609796464443207], [-1.2860043048858643, 5.646541118621826, 0.3764677941799164], [0.12379542738199234, 4.747463226318359, 0.05897322669625282], [1.321882724761963, 5.829773902893066, 1.13059663772583], [-2.464837074279785, 4.037117004394531, 0.5971192717552185], [-2.3432328701019287, 3.7164127826690674, 1.2614216804504395], [0.4132384955883026, 2.2306692600250244, 0.46351492404937744], [-1.3945835828781128, 3.8312363624572754, 1.0456211566925049], [1.2765042781829834, 5.660760879516602, 0.28941968083381653], [0.9654010534286499, 0.9919740557670593, 0.44007304310798645], [0.23832537233829498, 3.6462972164154053, 0.48138654232025146], [1.2931238412857056, 3.53771710395813, 0.7972477078437805], [0.9247138500213623, 3.581916570663452, 0.7817375659942627], [0.2728913426399231, 5.443265914916992, -0.1400608867406845], [0.8582029342651367, 4.764886379241943, 0.44744107127189636], [1.1992114782333374, 6.377511501312256, -0.12510301172733307], [-0.7632195353507996, 5.471410274505615, 1.4391610622406006], [1.7300890684127808, 5.448585510253906, -0.3523448407649994], [0.9084689617156982, 2.7410616874694824, 0.50437331199646], [1.7741444110870361, 4.417745590209961, 0.8527701497077942], [-0.9890633225440979, 2.737027883529663, 0.4969906806945801], [0.6224063634872437, 3.3841347694396973, 0.07435598969459534], [0.21531108021736145, 1.8863191604614258, 0.6642800569534302], [-1.132378101348877, 4.613344192504883, 0.6494982838630676], [-0.14224176108837128, 3.0581369400024414, 0.7034266591072083], [-0.8076946139335632, 2.7856414318084717, 1.080052375793457], [1.798193335533142, 3.787522315979004, 0.46751636266708374], [-0.05047990381717682, 3.9298436641693115, 0.9450393319129944], [-0.09190124273300171, 3.927936315536499, 1.0433226823806763], [0.1385493129491806, 6.052800178527832, 0.7136730551719666], [-0.5776119232177734, 3.100867509841919, 0.564811110496521], [-1.3703590631484985, 2.9373812675476074, 1.591481328010559], [-0.9895907044410706, 3.3452248573303223, 0.6578116416931152], [0.7728717923164368, 2.505786895751953, 0.4832989275455475], [-0.6541420221328735, 3.9293251037597656, 0.15746080875396729], [0.5346145629882812, 6.183975696563721, 0.018084950745105743], [1.6791714429855347, 2.608917236328125, 0.1538100242614746], [-0.3445555865764618, 5.978813171386719, 1.0294865369796753], [0.11874957382678986, 4.134964942932129, 0.41843512654304504], [-0.6581828594207764, 4.016554832458496, 0.644450843334198], [0.8666809797286987, 4.931448936462402, 0.09942346066236496], [1.3445065021514893, 3.680060386657715, -0.0017258523730561137], [0.4667784869670868, 4.105175495147705, 0.6162322163581848], [0.15165023505687714, 5.721107006072998, 1.0655454397201538], [-2.5261294841766357, 4.67857027053833, 0.03709970787167549], [-1.3837485313415527, 4.844825267791748, 0.725816011428833], [-0.5841604471206665, 2.6490478515625, 1.155456304550171], [-0.01725850999355316, 4.645467281341553, -0.0787845328450203], [0.4716223478317261, 5.105075359344482, -0.0506548136472702], [0.33410578966140747, 3.262998580932617, 1.0585516691207886], [0.5564438700675964, 5.532858371734619, 1.3360780477523804], [-0.9528958201408386, 5.411438941955566, 1.6164301633834839], [0.036594752222299576, 4.307314872741699, 1.1208006143569946], [0.8937721848487854, 4.650120735168457, 0.9672383666038513], [-1.651635766029358, 5.2150959968566895, 0.20126692950725555], [0.1801232248544693, 2.5401113033294678, 0.28212225437164307], [-0.2004091739654541, 6.134603023529053, 0.0161150936037302]]"
2786,1.6857774749429253,0.4535482213728744,0.4214443687357313,0.06579681669897965,0.029552834555563824,0.8444508725225505,0.530754305472802,1.6865063169743655,0.45290740347522435,0.42158851344871795,0.06585581222328367,0.02936159990375356,0.8443684307906673,0.5308887468496668,"[229, 239, 242, 277, 382, 424, 467, 522, 529, 565, 584, 625, 650, 693, 705, 789, 929, 1035, 1057, 1104, 1168, 1170, 1195, 1217, 1235, 1260, 1282, 1505, 1538, 1547, 1585, 1589, 1600, 1673, 1687, 1755, 1787, 1845, 1858, 1926, 1937, 2128, 2185, 2229, 2299, 2344, 2360, 2368, 2422, 2463, 2518, 2556, 2572, 2617, 2659, 2781, 2809, 2840, 2846, 3078, 3127, 3224, 3321, 3323, 3405, 3432, 3478, 3493, 3506, 3513, 3516, 3525, 3546, 3632, 3649, 3735, 3748, 3791, 4061, 4067, 4100, 4107, 4136, 4138, 4215, 4217, 4255, 4333, 4364, 4420, 4480, 4526, 4558, 4625, 4703, 4848, 4867, 4955]","[[-0.5022565554815507, 3.6089319169794853], [-0.411809809669186, 3.680809781147023], [0.019760977601053487, 2.087802266768581], [0.2405540790119203, 1.2207395564286498], [-0.13387128833322068, 4.511611154630821], [0.22912434878362964, 3.4745043285854305], [0.18144879251327248, 5.1569388310526945], [-0.3795327320953521, 4.7163684926014], [0.3442613048626764, 5.257120995666607], [0.2934612448004157, 4.961914451467258], [-0.47588683537948434, 4.621750490506933], [-0.21517463367589187, 3.110659685825167], [-0.01132889947748997, 4.299137846049928], [0.39310235722410436, 3.9394284076928305], [-0.22426519035533155, 4.896086418885442], [-0.26748530629085504, 3.2310609186346433], [-0.20501429414758893, 5.931233437179794], [0.00440762669959243, 4.573812532028272], [0.4641036846141462, 5.556451997346285], [0.25307242474136543, 4.458603445826638], [-0.23947222372622337, 4.624624927145188], [-0.1103615235399869, 3.5598629207218875], [-0.41926333965164436, 4.855499890462401], [0.4569988378266671, 3.2943915775093386], [0.1973894080714852, 5.706495986719198], [-0.3904954027112487, 5.731565248656719], [-0.4572631655174585, 1.869584596981034], [-0.18370483829005813, 3.1993906014273863], [-0.05570046984628137, 5.760135826206735], [0.029301903643997727, 3.9058239970709554], [-0.17482466632372184, 5.746627884058512], [-0.45805104478637604, 5.642843637494703], [0.04400281833401253, 5.8643250001189715], [0.03908473450922481, 5.1740241033308285], [-0.0025492301559208366, 4.1977472042068085], [-0.40342200974331627, 5.910099927694083], [0.09952929458852175, 4.682143184018937], [0.19180336355245997, 5.839810901059212], [-0.5240123827333154, 5.27380934424888], [-0.3746028236322691, 5.718237635629101], [-0.25012610819927544, 3.9388613951119082], [0.011958726415682906, 3.7966288817042413], [0.06507642210978727, 5.983609837318629], [-0.11153599649832906, 4.5817078092620225], [-0.3649500566493013, 5.433598872109795], [0.40826162137456995, 5.487097079027742], [0.44916258400637465, 5.252025063796545], [0.16844485286046723, 2.1858440838985227], [0.2979077967345978, 4.6136660537014], [-0.37573735396715824, 5.226955958592642], [0.47704554207840394, 0.8991738524350339], [-0.024881914279639455, 3.5055656891839133], [-0.3095968408678101, 3.1303713963399713], [-0.19663485189880314, 3.239909994898038], [-0.19095510912150748, 5.213841817080511], [-0.2591623075902556, 4.390909963657654], [-0.3813292067380371, 5.969278934157908], [0.022363439528872917, 5.675837490865919], [-0.4816289221250744, 5.055857156360786], [-0.3134562957545987, 4.040645538915372], [-0.12068117560436716, 2.416482226400733], [-0.45810907282772, 3.988333259116551], [0.41137393943917483, 3.517584678200256], [0.5208167504398361, 4.961726951512119], [0.35543147243216955, 2.0674691310797693], [0.14683273476817524, 5.0293626548343475], [0.16709088997890464, 3.1948110571544532], [0.38118642624992866, 3.4771025678072363], [-0.4820385471156798, 3.3353887202490933], [0.02616112180439308, 3.9204429464826283], [0.03492970317189314, 3.953201115014655], [-0.17822454397055518, 5.816238285317221], [0.25866850042166517, 3.4868847272641035], [0.4570492876111138, 4.107041618396579], [0.29836629529785796, 3.9479505986078434], [-0.03150691879126407, 2.247449985245065], [0.1320934294312537, 4.199214051088966], [-0.2623176721836477, 5.859772752190373], [-0.46717263166190487, 2.171758290923179], [-0.08816087299124141, 5.91866345819828], [-0.05234242660537232, 3.999340807371655], [0.13347586375678305, 4.269828047288146], [-0.28011404129949674, 4.563846689036687], [-0.3637482130880022, 3.2709936697625115], [-0.1257809055553557, 3.854386044480073], [-0.15368552992209963, 5.524818408345571], [0.16161320172096166, 5.36626304005773], [-0.4240882466718522, 5.716637142299666], [0.3678429279124101, 3.2415770011671787], [-0.20733266903346556, 4.832995078409486], [0.020063654199563363, 3.182451603619087], [-0.20992840240453478, 5.283634508885734], [0.06055177960827365, 5.741848825963711], [-0.029141577198756225, 4.250100209367373], [-0.2473236441610533, 4.305019405583561], [0.15405112568634963, 5.817783712463752], [0.16490793103730694, 2.576639685860699], [-0.14274131554369054, 5.998481646230961]]","[[1.8264570236206055, 4.0445404052734375, 0.09593416750431061], [1.6176284551620483, 4.096442222595215, 0.938147783279419], [0.7538830041885376, 2.314903974533081, 0.5854530334472656], [0.9570228457450867, 1.3783893585205078, 0.745502233505249], [0.30824869871139526, 4.73850679397583, 0.7172616720199585], [-0.5038958191871643, 3.150254726409912, 0.4329964220523834], [-1.3475202322006226, 4.6160688400268555, 0.7044112086296082], [1.4013367891311646, 5.146660327911377, 0.7831169962882996], [-1.9834338426589966, 4.126326084136963, 1.2579008340835571], [-1.5779470205307007, 4.093191146850586, 1.2656919956207275], [1.8719948530197144, 5.052525520324707, 0.8349053263664246], [0.9735420346260071, 3.477978229522705, 0.5639318823814392], [0.0180585328489542, 4.275506019592285, 1.4681154489517212], [-1.2529512643814087, 3.0691990852355957, 0.6317134499549866], [0.6284419298171997, 5.218175411224365, 0.8114650249481201], [1.1839803457260132, 3.5905325412750244, 1.0190378427505493], [0.20993180572986603, 6.1931586265563965, 0.15911541879177094], [-0.15354357659816742, 4.4898576736450195, 1.539172649383545], [-2.730193853378296, 3.8261094093322754, 0.4051784873008728], [-1.0987924337387085, 3.838974714279175, 1.2321866750717163], [0.6671563982963562, 4.9510884284973145, 0.08018825948238373], [0.5833927989006042, 3.7820382118225098, 1.0432583093643188], [1.6244605779647827, 5.264101505279541, 1.0627230405807495], [-0.9142951965332031, 2.4783380031585693, 0.3966814875602722], [-1.6150442361831665, 4.971423625946045, 1.5383867025375366], [1.4849516153335571, 6.096251964569092, 1.4071844816207886], [1.7228246927261353, 2.317826509475708, 0.5801055431365967], [0.9429019689559937, 3.4945216178894043, 1.086828351020813], [-0.4432789385318756, 5.759372234344482, 1.110603928565979], [-0.1251818686723709, 3.9142308235168457, 0.487517774105072], [0.14096054434776306, 5.985050201416016, 0.6319344639778137], [1.6119093894958496, 6.039199352264404, -0.3803015649318695], [-0.8820664286613464, 5.5285964012146, 1.8542747497558594], [-0.5980858206748962, 4.965366840362549, 1.5139001607894897], [0.012384211644530296, 4.176836013793945, 1.4019571542739868], [1.566633939743042, 6.267701625823975, 1.4745569229125977], [-0.7530555725097656, 4.44417667388916, 0.6593567728996277], [-1.711829662322998, 5.109426975250244, 1.3582955598831177], [2.0866427421569824, 5.712187767028809, 0.48485708236694336], [1.1964261531829834, 6.140233516693115, 0.10515481978654861], [0.9093790054321289, 4.313949108123779, 0.5192649364471436], [0.0504140630364418, 3.844172477722168, 0.9141488671302795], [-1.2860043048858643, 5.646541118621826, 0.3764677941799164], [0.12379542738199234, 4.747463226318359, 0.05897322669625282], [1.321882724761963, 5.829773902893066, 1.13059663772583], [-2.464837074279785, 4.037117004394531, 0.5971192717552185], [-2.3432328701019287, 3.7164127826690674, 1.2614216804504395], [0.4132384955883026, 2.2306692600250244, 0.46351492404937744], [-1.3945835828781128, 3.8312363624572754, 1.0456211566925049], [1.2765042781829834, 5.660760879516602, 0.28941968083381653], [0.9654010534286499, 0.9919740557670593, 0.44007304310798645], [0.23832537233829498, 3.6462972164154053, 0.48138654232025146], [1.2931238412857056, 3.53771710395813, 0.7972477078437805], [0.9247138500213623, 3.581916570663452, 0.7817375659942627], [0.2728913426399231, 5.443265914916992, -0.1400608867406845], [0.8582029342651367, 4.764886379241943, 0.44744107127189636], [1.1992114782333374, 6.377511501312256, -0.12510301172733307], [-0.7632195353507996, 5.471410274505615, 1.4391610622406006], [1.7300890684127808, 5.448585510253906, -0.3523448407649994], [1.2469576597213745, 4.395224571228027, 1.1930838823318481], [0.9084689617156982, 2.7410616874694824, 0.50437331199646], [1.7741444110870361, 4.417745590209961, 0.8527701497077942], [-0.9890633225440979, 2.737027883529663, 0.4969906806945801], [-2.299474000930786, 3.2500319480895996, 1.3854225873947144], [0.21531108021736145, 1.8863191604614258, 0.6642800569534302], [-1.132378101348877, 4.613344192504883, 0.6494982838630676], [-0.14224176108837128, 3.0581369400024414, 0.7034266591072083], [-0.8076946139335632, 2.7856414318084717, 1.080052375793457], [1.798193335533142, 3.787522315979004, 0.46751636266708374], [-0.05047990381717682, 3.9298436641693115, 0.9450393319129944], [-0.09190124273300171, 3.927936315536499, 1.0433226823806763], [0.1385493129491806, 6.052800178527832, 0.7136730551719666], [-0.5776119232177734, 3.100867509841919, 0.564811110496521], [-1.3703590631484985, 2.9373812675476074, 1.591481328010559], [-0.9895907044410706, 3.3452248573303223, 0.6578116416931152], [0.7728717923164368, 2.505786895751953, 0.4832989275455475], [-0.6541420221328735, 3.9293251037597656, 0.15746080875396729], [0.5346145629882812, 6.183975696563721, 0.018084950745105743], [1.6791714429855347, 2.608917236328125, 0.1538100242614746], [-0.3445555865764618, 5.978813171386719, 1.0294865369796753], [0.11874957382678986, 4.134964942932129, 0.41843512654304504], [-0.6581828594207764, 4.016554832458496, 0.644450843334198], [0.8666809797286987, 4.931448936462402, 0.09942346066236496], [1.3445065021514893, 3.680060386657715, -0.0017258523730561137], [0.4667784869670868, 4.105175495147705, 0.6162322163581848], [0.15165023505687714, 5.721107006072998, 1.0655454397201538], [-1.3837485313415527, 4.844825267791748, 0.725816011428833], [1.6661698818206787, 6.099275588989258, 1.3275634050369263], [-0.5841604471206665, 2.6490478515625, 1.155456304550171], [0.4716223478317261, 5.105075359344482, -0.0506548136472702], [0.33410578966140747, 3.262998580932617, 1.0585516691207886], [0.5564438700675964, 5.532858371734619, 1.3360780477523804], [-0.9528958201408386, 5.411438941955566, 1.6164301633834839], [0.036594752222299576, 4.307314872741699, 1.1208006143569946], [0.8937721848487854, 4.650120735168457, 0.9672383666038513], [-1.651635766029358, 5.2150959968566895, 0.20126692950725555], [0.1801232248544693, 2.5401113033294678, 0.28212225437164307], [-0.2004091739654541, 6.134603023529053, 0.0161150936037302]]"
2788,1.7354724356832238,0.43128659857941026,0.43386810892080596,0.05709056319746357,0.002029568458955285,0.847160740867866,0.5282567818569633,1.7348531709457202,0.42799107097484124,0.43449516620069156,0.05752816655984107,0.002066735377245637,0.8473183608142543,0.5279562804666584,"[229, 239, 242, 277, 382, 424, 467, 522, 529, 557, 565, 584, 625, 650, 693, 705, 789, 929, 1035, 1050, 1057, 1104, 1168, 1170, 1195, 1217, 1235, 1260, 1282, 1489, 1505, 1538, 1547, 1585, 1600, 1673, 1687, 1755, 1787, 1845, 1926, 1937, 2128, 2229, 2299, 2302, 2344, 2360, 2368, 2422, 2463, 2518, 2553, 2556, 2572, 2617, 2781, 2809, 2840, 3078, 3127, 3224, 3321, 3323, 3405, 3432, 3478, 3493, 3506, 3513, 3516, 3525, 3546, 3632, 3649, 3735, 3748, 3791, 4067, 4100, 4107, 4136, 4215, 4217, 4255, 4333, 4364, 4480, 4526, 4558, 4625, 4703, 4848, 4867]","[[-0.49260574325430834, 3.6309086221833113], [-0.41326875045370254, 3.701701297773621], [0.023565149355964193, 2.1316261783222417], [0.23867996617660164, 1.265466763422138], [-0.1340800239694671, 4.5485641236500065], [0.23130022653076782, 3.522403929566662], [0.17970542803435255, 5.203899803126314], [-0.3809783121672955, 4.741311955298548], [0.33516856916439397, 5.304580421407661], [-0.4882664687946928, 4.797225913199582], [0.282246129517631, 5.008267837994248], [-0.48031788466704933, 4.637766970124615], [-0.21099581703086118, 3.1421459348780076], [-0.024018125580795247, 4.336280335687851], [0.3918892530994859, 3.991143444386099], [-0.22738513725180204, 4.929869112179722], [-0.2694761995401359, 3.2627507077749347], [-0.20375611505198693, 5.9661693453065405], [-0.007638021899069734, 4.612277079612265], [-0.37816130224280764, 5.250722057955816], [0.4647221360876509, 5.60877547605227], [0.24180984954119145, 4.5024062422113], [-0.23477549069183312, 4.658647095598096], [-0.11652000437914345, 3.594701116322806], [-0.42420568928869706, 4.874990513116906], [0.4545738653652546, 3.349057154813035], [0.18608895316323268, 5.7497931084767995], [-0.39785225851300726, 5.753844344142139], [-0.4433890036007786, 1.8923465091274787], [0.513533378460943, 4.024542121076519], [-0.18919891734057775, 3.232426930891576], [-0.06248121416013737, 5.796272145283093], [0.03283361335594222, 3.9484111441107292], [-0.1758509622057725, 5.7810848023005335], [0.03131161899732147, 5.903231105001643], [0.03054974348946439, 5.211214596773575], [-0.011807717018482322, 4.234058556278757], [-0.4131272800662983, 5.930155950459449], [0.10132521874300832, 4.72783699955138], [0.1841411293361031, 5.885399103037145], [-0.36954680627124453, 5.744194851977201], [-0.2465320212120261, 3.969226701100695], [0.009035560419409132, 3.8348147611833547], [-0.10640356735769972, 4.621982149097508], [-0.3675890251402075, 5.458512906517659], [-0.5197089631229367, 2.2704541510959952], [0.40463237476046937, 5.537669735413403], [0.43936520286806613, 5.3016105134653415], [0.17760614523660218, 2.233139091633108], [0.2915523931162448, 4.663872652691459], [-0.37381923816186147, 5.250810263005949], [0.4863357848807502, 0.951983736463791], [-0.4590196499566347, 3.1025760138031426], [-0.023161417797522427, 3.546755318949467], [-0.3059582270178111, 3.1588305152828857], [-0.1983491589579769, 3.2719640106079155], [-0.25892007729754796, 4.419906177886806], [-0.37751280332854587, 5.996498911098093], [0.012862593682391487, 5.716000001029314], [-0.32062820991397306, 4.064290232837502], [-0.1131145589632627, 2.454808984671603], [-0.45606720288249414, 4.009246206341869], [0.412020340663193, 3.5702294404448125], [0.5062299531401001, 5.014670350355149], [0.3540523239130779, 2.116507137738693], [0.1444800976002729, 5.075009760313312], [0.16722133416736876, 3.2400926394820226], [0.3722307876034433, 3.523712289514995], [-0.4763284938107411, 3.357198017309907], [0.021419890799929158, 3.96226269545352], [0.03267868007747868, 3.991868583649412], [-0.17701239348186823, 5.851829378198679], [0.25789376927552005, 3.533888466136982], [0.4399684702802863, 4.154462537493921], [0.29777994589106277, 3.9945211757499055], [-0.02290397925732747, 2.288039722699748], [0.13853022027166312, 4.245476034196556], [-0.25937931640771855, 5.89246919135894], [-0.0927454962515816, 5.9519362696370095], [-0.045819917925234356, 4.041873076061171], [0.1322620413069766, 4.316838626564046], [-0.2755258375747891, 4.594531148938368], [-0.12293694477576463, 3.8917877971846506], [-0.15948929050615607, 5.558717942903728], [0.15931747399299925, 5.414422579326031], [-0.43088313571121073, 5.738458481587819], [0.35767569449931996, 3.289269199993117], [0.012997996574727963, 3.221371669900975], [-0.21682418248149674, 5.31295538905378], [0.047315535243036444, 5.781687219383672], [-0.0354496460055401, 4.287975785844761], [-0.2508955904731881, 4.33535656428774], [0.15579708118067673, 5.865286947642529], [0.17509413535680055, 2.624610302612006]]","[[1.8264570236206055, 4.0445404052734375, 0.09593416750431061], [1.6176284551620483, 4.096442222595215, 0.938147783279419], [0.7538830041885376, 2.314903974533081, 0.5854530334472656], [0.9570228457450867, 1.3783893585205078, 0.745502233505249], [0.30824869871139526, 4.73850679397583, 0.7172616720199585], [-0.5038958191871643, 3.150254726409912, 0.4329964220523834], [-1.3475202322006226, 4.6160688400268555, 0.7044112086296082], [1.4013367891311646, 5.146660327911377, 0.7831169962882996], [-1.9834338426589966, 4.126326084136963, 1.2579008340835571], [1.978013277053833, 5.114731311798096, 1.4492591619491577], [-1.5779470205307007, 4.093191146850586, 1.2656919956207275], [1.8719948530197144, 5.052525520324707, 0.8349053263664246], [0.9735420346260071, 3.477978229522705, 0.5639318823814392], [0.0180585328489542, 4.275506019592285, 1.4681154489517212], [-1.2529512643814087, 3.0691990852355957, 0.6317134499549866], [0.6284419298171997, 5.218175411224365, 0.8114650249481201], [1.1839803457260132, 3.5905325412750244, 1.0190378427505493], [0.20993180572986603, 6.1931586265563965, 0.15911541879177094], [-0.15354357659816742, 4.4898576736450195, 1.539172649383545], [1.4308568239212036, 5.536146640777588, 1.6359635591506958], [-2.730193853378296, 3.8261094093322754, 0.4051784873008728], [-1.0987924337387085, 3.838974714279175, 1.2321866750717163], [0.6671563982963562, 4.9510884284973145, 0.08018825948238373], [0.5833927989006042, 3.7820382118225098, 1.0432583093643188], [1.6244605779647827, 5.264101505279541, 1.0627230405807495], [-0.9142951965332031, 2.4783380031585693, 0.3966814875602722], [-1.6150442361831665, 4.971423625946045, 1.5383867025375366], [1.4849516153335571, 6.096251964569092, 1.4071844816207886], [1.7228246927261353, 2.317826509475708, 0.5801055431365967], [-1.473271369934082, 2.6381380558013916, 1.459179162979126], [0.9429019689559937, 3.4945216178894043, 1.086828351020813], [-0.4432789385318756, 5.759372234344482, 1.110603928565979], [-0.1251818686723709, 3.9142308235168457, 0.487517774105072], [0.14096054434776306, 5.985050201416016, 0.6319344639778137], [-0.8820664286613464, 5.5285964012146, 1.8542747497558594], [-0.5980858206748962, 4.965366840362549, 1.5139001607894897], [0.012384211644530296, 4.176836013793945, 1.4019571542739868], [1.566633939743042, 6.267701625823975, 1.4745569229125977], [-0.7530555725097656, 4.44417667388916, 0.6593567728996277], [-1.711829662322998, 5.109426975250244, 1.3582955598831177], [1.1964261531829834, 6.140233516693115, 0.10515481978654861], [0.9093790054321289, 4.313949108123779, 0.5192649364471436], [0.0504140630364418, 3.844172477722168, 0.9141488671302795], [0.12379542738199234, 4.747463226318359, 0.05897322669625282], [1.321882724761963, 5.829773902893066, 1.13059663772583], [1.8903381824493408, 2.692002058029175, 0.5670227408409119], [-2.464837074279785, 4.037117004394531, 0.5971192717552185], [-2.3432328701019287, 3.7164127826690674, 1.2614216804504395], [0.4132384955883026, 2.2306692600250244, 0.46351492404937744], [-1.3945835828781128, 3.8312363624572754, 1.0456211566925049], [1.2765042781829834, 5.660760879516602, 0.28941968083381653], [0.9654010534286499, 0.9919740557670593, 0.44007304310798645], [1.7968621253967285, 3.468876361846924, 1.0605802536010742], [0.23832537233829498, 3.6462972164154053, 0.48138654232025146], [1.2931238412857056, 3.53771710395813, 0.7972477078437805], [0.9247138500213623, 3.581916570663452, 0.7817375659942627], [0.8582029342651367, 4.764886379241943, 0.44744107127189636], [1.1992114782333374, 6.377511501312256, -0.12510301172733307], [-0.7632195353507996, 5.471410274505615, 1.4391610622406006], [1.2469576597213745, 4.395224571228027, 1.1930838823318481], [0.9084689617156982, 2.7410616874694824, 0.50437331199646], [1.7741444110870361, 4.417745590209961, 0.8527701497077942], [-0.9890633225440979, 2.737027883529663, 0.4969906806945801], [-2.299474000930786, 3.2500319480895996, 1.3854225873947144], [0.21531108021736145, 1.8863191604614258, 0.6642800569534302], [-1.132378101348877, 4.613344192504883, 0.6494982838630676], [-0.14224176108837128, 3.0581369400024414, 0.7034266591072083], [-0.8076946139335632, 2.7856414318084717, 1.080052375793457], [1.798193335533142, 3.787522315979004, 0.46751636266708374], [-0.05047990381717682, 3.9298436641693115, 0.9450393319129944], [-0.09190124273300171, 3.927936315536499, 1.0433226823806763], [0.1385493129491806, 6.052800178527832, 0.7136730551719666], [-0.5776119232177734, 3.100867509841919, 0.564811110496521], [-1.3703590631484985, 2.9373812675476074, 1.591481328010559], [-0.9895907044410706, 3.3452248573303223, 0.6578116416931152], [0.7728717923164368, 2.505786895751953, 0.4832989275455475], [-0.6541420221328735, 3.9293251037597656, 0.15746080875396729], [0.5346145629882812, 6.183975696563721, 0.018084950745105743], [-0.3445555865764618, 5.978813171386719, 1.0294865369796753], [0.11874957382678986, 4.134964942932129, 0.41843512654304504], [-0.6581828594207764, 4.016554832458496, 0.644450843334198], [0.8666809797286987, 4.931448936462402, 0.09942346066236496], [0.4667784869670868, 4.105175495147705, 0.6162322163581848], [0.15165023505687714, 5.721107006072998, 1.0655454397201538], [-1.3837485313415527, 4.844825267791748, 0.725816011428833], [1.6661698818206787, 6.099275588989258, 1.3275634050369263], [-0.5841604471206665, 2.6490478515625, 1.155456304550171], [0.33410578966140747, 3.262998580932617, 1.0585516691207886], [0.5564438700675964, 5.532858371734619, 1.3360780477523804], [-0.9528958201408386, 5.411438941955566, 1.6164301633834839], [0.036594752222299576, 4.307314872741699, 1.1208006143569946], [0.8937721848487854, 4.650120735168457, 0.9672383666038513], [-1.651635766029358, 5.2150959968566895, 0.20126692950725555], [0.1801232248544693, 2.5401113033294678, 0.28212225437164307]]"
2790,1.7811696355902207,0.4050532901540751,0.44529240889755517,0.04279199168023378,-0.02582727512733008,0.848648247612228,0.5265908745242656,1.7825267065691532,0.40456578604365234,0.446111807974162,0.04259205167363065,-0.026212674227431423,0.8485678226359026,0.526717631403241,"[239, 242, 277, 382, 424, 467, 522, 529, 557, 565, 584, 625, 650, 669, 693, 705, 789, 1035, 1050, 1057, 1104, 1170, 1195, 1217, 1235, 1260, 1282, 1489, 1505, 1538, 1547, 1585, 1600, 1673, 1687, 1755, 1787, 1845, 1858, 1926, 1937, 2128, 2198, 2299, 2302, 2344, 2360, 2368, 2422, 2463, 2518, 2553, 2556, 2572, 2617, 2781, 2840, 3078, 3127, 3224, 3321, 3323, 3405, 3432, 3478, 3493, 3506, 3513, 3516, 3525, 3546, 3649, 3735, 3748, 3791, 4067, 4100, 4107, 4136, 4215, 4217, 4255, 4294, 4333, 4364, 4480, 4526, 4558, 4625, 4703, 4848, 4867]","[[-0.41236948942027174, 3.7281241166431123], [0.03206364186717395, 2.1747148282196735], [0.23899992790579588, 1.3102367829841177], [-0.13124863668274137, 4.584231384554036], [0.23490697429967364, 3.5702807932934606], [0.1783917521616967, 5.253953813562119], [-0.37879849133113186, 4.767454202641956], [0.32804964387399455, 5.356374224600781], [-0.4944165962647179, 4.81939404447241], [0.27664722554094184, 5.053799413403067], [-0.477764138096822, 4.665301080730746], [-0.20276878996343206, 3.1785805789520327], [-0.03372743131642007, 4.372931173469097], [-0.5227506700376217, 4.124940002869942], [0.3895087749392859, 4.042947919474117], [-0.22452857568784096, 4.961091875549742], [-0.2721585429786415, 3.290123061131506], [-0.015434403533136961, 4.6500590602781315], [-0.3853355231052613, 5.277284549177224], [0.46396666564054717, 5.661124708585652], [0.23609123324743958, 4.550347263504595], [-0.11871898959577223, 3.6338862156603398], [-0.42348017519208525, 4.89994370901163], [0.4586334885045578, 3.400598577453289], [0.17702747722638243, 5.793687879440261], [-0.40257046452968864, 5.779212861712359], [-0.4265733573441355, 1.9197791511475857], [0.4996586172540824, 4.074214942539175], [-0.190526588360805, 3.265205784702309], [-0.06456887946223917, 5.835715735987227], [0.03701684715833105, 3.994300805361564], [-0.17490609101942248, 5.8187117773934185], [0.019983558059298946, 5.9426554877873565], [0.020395707102676096, 5.252171945984077], [-0.021960371926172586, 4.27526042279503], [-0.4166744957764775, 5.957290482872543], [0.10227069442032494, 4.772866681026579], [0.17627822654843506, 5.929853393704947], [-0.5196446129195663, 5.315879962783979], [-0.36217333703072085, 5.774271726110754], [-0.23971200212507118, 4.005217439694848], [0.00570861710035237, 3.878764697148733], [-0.5070832342756003, 1.352740114716537], [-0.3720744344630817, 5.4857003870827805], [-0.5083020474002902, 2.291139473498598], [0.4026046473019244, 5.58872572715962], [0.42934605690903394, 5.3498169454824165], [0.18231156195586756, 2.282125419846732], [0.2851660827275127, 4.708987793559665], [-0.36661365047202094, 5.282899761212638], [0.49076698848153144, 1.0047944498142156], [-0.45671685192631395, 3.124853304571353], [-0.015766217716112137, 3.5903629444104768], [-0.3044484044606094, 3.190122593583521], [-0.19613894351273617, 3.3065626404741977], [-0.25229286001727236, 4.454603718182857], [0.0040435750093208295, 5.756658319865865], [-0.3216190708165072, 4.094312205375079], [-0.10373057204006515, 2.496264673719964], [-0.45407478008483276, 4.032349867040174], [0.4133604348377115, 3.6201530524362044], [0.49590654095296705, 5.062079036828815], [0.3522545477610121, 2.167872468267268], [0.14677942436354183, 5.121749703277398], [0.1673387125204056, 3.287486709592112], [0.3637689545724805, 3.574375655563672], [-0.4674746248385315, 3.383346051439607], [0.018549004476631978, 4.002815398291143], [0.029525298502954215, 4.0346945463319495], [-0.17880466755953583, 5.88573463278601], [0.2582362772003013, 3.584429546988208], [0.2951074849551336, 4.044627519428234], [-0.012469382617936604, 2.331251254712745], [0.1486601302060028, 4.2939026347473535], [-0.24860063262653678, 5.926481454121934], [-0.09657215775800809, 5.994195781546236], [-0.04040956549925158, 4.083381068622642], [0.13365984263611605, 4.3621997430466255], [-0.26481593265946973, 4.629785979557346], [-0.11899693619290576, 3.930511419102141], [-0.16050174481594687, 5.595837494851536], [0.15956516250179809, 5.45856345517719], [-0.35580717680804125, 5.096859727949329], [-0.4361538151893265, 5.763196395588238], [0.3462084595434435, 3.3386999090193585], [0.008858117349031734, 3.2615742542575608], [-0.22270266063956504, 5.347586465256979], [0.040529577760230424, 5.823104196463268], [-0.040062796382481634, 4.327818073247931], [-0.2521755040890195, 4.367405940701263], [0.16274838975940667, 5.913489293541495], [0.18500950507456834, 2.673141687329674]]","[[1.6176284551620483, 4.096442222595215, 0.938147783279419], [0.7538830041885376, 2.314903974533081, 0.5854530334472656], [0.9570228457450867, 1.3783893585205078, 0.745502233505249], [0.30824869871139526, 4.73850679397583, 0.7172616720199585], [-0.5038958191871643, 3.150254726409912, 0.4329964220523834], [-1.3475202322006226, 4.6160688400268555, 0.7044112086296082], [1.4013367891311646, 5.146660327911377, 0.7831169962882996], [-1.9834338426589966, 4.126326084136963, 1.2579008340835571], [1.978013277053833, 5.114731311798096, 1.4492591619491577], [-1.5779470205307007, 4.093191146850586, 1.2656919956207275], [1.8719948530197144, 5.052525520324707, 0.8349053263664246], [0.9735420346260071, 3.477978229522705, 0.5639318823814392], [0.0180585328489542, 4.275506019592285, 1.4681154489517212], [2.0338191986083984, 4.5210676193237305, 0.5370109677314758], [-1.2529512643814087, 3.0691990852355957, 0.6317134499549866], [0.6284419298171997, 5.218175411224365, 0.8114650249481201], [1.1839803457260132, 3.5905325412750244, 1.0190378427505493], [-0.15354357659816742, 4.4898576736450195, 1.539172649383545], [1.4308568239212036, 5.536146640777588, 1.6359635591506958], [-2.730193853378296, 3.8261094093322754, 0.4051784873008728], [-1.0987924337387085, 3.838974714279175, 1.2321866750717163], [0.5833927989006042, 3.7820382118225098, 1.0432583093643188], [1.6244605779647827, 5.264101505279541, 1.0627230405807495], [-0.9142951965332031, 2.4783380031585693, 0.3966814875602722], [-1.6150442361831665, 4.971423625946045, 1.5383867025375366], [1.4849516153335571, 6.096251964569092, 1.4071844816207886], [1.7228246927261353, 2.317826509475708, 0.5801055431365967], [-1.473271369934082, 2.6381380558013916, 1.459179162979126], [0.9429019689559937, 3.4945216178894043, 1.086828351020813], [-0.4432789385318756, 5.759372234344482, 1.110603928565979], [-0.1251818686723709, 3.9142308235168457, 0.487517774105072], [0.14096054434776306, 5.985050201416016, 0.6319344639778137], [-0.8820664286613464, 5.5285964012146, 1.8542747497558594], [-0.5980858206748962, 4.965366840362549, 1.5139001607894897], [0.012384211644530296, 4.176836013793945, 1.4019571542739868], [1.566633939743042, 6.267701625823975, 1.4745569229125977], [-0.7530555725097656, 4.44417667388916, 0.6593567728996277], [-1.711829662322998, 5.109426975250244, 1.3582955598831177], [2.0866427421569824, 5.712187767028809, 0.48485708236694336], [1.1964261531829834, 6.140233516693115, 0.10515481978654861], [0.9093790054321289, 4.313949108123779, 0.5192649364471436], [0.0504140630364418, 3.844172477722168, 0.9141488671302795], [1.856259822845459, 1.7178242206573486, 0.7617976069450378], [1.321882724761963, 5.829773902893066, 1.13059663772583], [1.8903381824493408, 2.692002058029175, 0.5670227408409119], [-2.464837074279785, 4.037117004394531, 0.5971192717552185], [-2.3432328701019287, 3.7164127826690674, 1.2614216804504395], [0.4132384955883026, 2.2306692600250244, 0.46351492404937744], [-1.3945835828781128, 3.8312363624572754, 1.0456211566925049], [1.2765042781829834, 5.660760879516602, 0.28941968083381653], [0.9654010534286499, 0.9919740557670593, 0.44007304310798645], [1.7968621253967285, 3.468876361846924, 1.0605802536010742], [0.23832537233829498, 3.6462972164154053, 0.48138654232025146], [1.2931238412857056, 3.53771710395813, 0.7972477078437805], [0.9247138500213623, 3.581916570663452, 0.7817375659942627], [0.8582029342651367, 4.764886379241943, 0.44744107127189636], [-0.7632195353507996, 5.471410274505615, 1.4391610622406006], [1.2469576597213745, 4.395224571228027, 1.1930838823318481], [0.9084689617156982, 2.7410616874694824, 0.50437331199646], [1.7741444110870361, 4.417745590209961, 0.8527701497077942], [-0.9890633225440979, 2.737027883529663, 0.4969906806945801], [-2.299474000930786, 3.2500319480895996, 1.3854225873947144], [0.21531108021736145, 1.8863191604614258, 0.6642800569534302], [-1.132378101348877, 4.613344192504883, 0.6494982838630676], [-0.14224176108837128, 3.0581369400024414, 0.7034266591072083], [-0.8076946139335632, 2.7856414318084717, 1.080052375793457], [1.798193335533142, 3.787522315979004, 0.46751636266708374], [-0.05047990381717682, 3.9298436641693115, 0.9450393319129944], [-0.09190124273300171, 3.927936315536499, 1.0433226823806763], [0.1385493129491806, 6.052800178527832, 0.7136730551719666], [-0.5776119232177734, 3.100867509841919, 0.564811110496521], [-0.9895907044410706, 3.3452248573303223, 0.6578116416931152], [0.7728717923164368, 2.505786895751953, 0.4832989275455475], [-0.6541420221328735, 3.9293251037597656, 0.15746080875396729], [0.5346145629882812, 6.183975696563721, 0.018084950745105743], [-0.3445555865764618, 5.978813171386719, 1.0294865369796753], [0.11874957382678986, 4.134964942932129, 0.41843512654304504], [-0.6581828594207764, 4.016554832458496, 0.644450843334198], [0.8666809797286987, 4.931448936462402, 0.09942346066236496], [0.4667784869670868, 4.105175495147705, 0.6162322163581848], [0.15165023505687714, 5.721107006072998, 1.0655454397201538], [-1.3837485313415527, 4.844825267791748, 0.725816011428833], [1.311913013458252, 5.321564197540283, 1.7102584838867188], [1.6661698818206787, 6.099275588989258, 1.3275634050369263], [-0.5841604471206665, 2.6490478515625, 1.155456304550171], [0.33410578966140747, 3.262998580932617, 1.0585516691207886], [0.5564438700675964, 5.532858371734619, 1.3360780477523804], [-0.9528958201408386, 5.411438941955566, 1.6164301633834839], [0.036594752222299576, 4.307314872741699, 1.1208006143569946], [0.8937721848487854, 4.650120735168457, 0.9672383666038513], [-1.651635766029358, 5.2150959968566895, 0.20126692950725555], [0.1801232248544693, 2.5401113033294678, 0.28212225437164307]]"
2792,1.822763808528756,0.3750898766479282,0.455690952132189,0.02427130169372576,-0.051178623675224584,0.8491100835173844,0.525170180476674,1.822957169009425,0.37637019685455364,0.45551551658809264,0.023840324171671954,-0.05090560855592747,0.8492445850005207,0.5249989455305922,"[239, 242, 277, 382, 424, 467, 522, 529, 557, 565, 584, 625, 650, 669, 693, 705, 789, 1024, 1035, 1050, 1057, 1104, 1170, 1195, 1217, 1235, 1260, 1282, 1505, 1538, 1547, 1585, 1600, 1673, 1687, 1755, 1787, 1845, 1858, 1926, 1937, 1976, 2128, 2198, 2299, 2302, 2344, 2360, 2368, 2422, 2463, 2518, 2553, 2556, 2572, 2617, 2781, 2840, 3078, 3127, 3224, 3321, 3323, 3405, 3432, 3478, 3493, 3506, 3513, 3516, 3525, 3546, 3649, 3735, 3748, 4100, 4107, 4215, 4217, 4255, 4284, 4294, 4333, 4364, 4480, 4526, 4558, 4625, 4703, 4848, 4867]","[[-0.40937170988110017, 3.757265145258212], [0.03879890100566172, 2.2202685859280913], [0.23506332573977162, 1.3574475301911781], [-0.12856898326655147, 4.625608433213177], [0.24084032545513592, 3.621197655995409], [0.17954339633042876, 5.299670812616137], [-0.37250916917242505, 4.801258653221427], [0.3187231736362196, 5.405695234273349], [-0.4965486163467774, 4.847291807386037], [0.2667080055257225, 5.103096057034978], [-0.47301228348636504, 4.691992233894075], [-0.19769499950503067, 3.221195780451977], [-0.03941451511032247, 4.414656784276438], [-0.5140458944689303, 4.1525860045846965], [0.38697544144886914, 4.09283925286674], [-0.22250858707029542, 5.000663310680466], [-0.2718374118443541, 3.3274156197746247], [0.364125573126279, 2.727069229472945], [-0.02657821941298085, 4.691009114138234], [-0.3914458330765433, 5.308726709823052], [0.4649663216489915, 5.712478019011619], [0.2287299595354143, 4.598033607477922], [-0.12052215240309579, 3.673034085288212], [-0.42258589714824757, 4.930346468988556], [0.4569914686946752, 3.452298361815128], [0.16681437927015844, 5.84299474159015], [-0.40675620478023194, 5.808898863789667], [-0.41333512691754576, 1.9488770594080147], [-0.1925754850794515, 3.3015005669265687], [-0.06936996141187614, 5.877670219271527], [0.043641383667101546, 4.0410398632848485], [-0.17058272792505674, 5.859656853980855], [0.00906357401647738, 5.986583258978843], [0.011456819438109314, 5.296003815586691], [-0.0283547669222465, 4.3156171498912785], [-0.42106985581338224, 5.98671490724641], [0.10213858404208137, 4.820675059209501], [0.16963367719659034, 5.976899547822989], [-0.5132000461240339, 5.344009688321581], [-0.3483315788960935, 5.807816692334035], [-0.23402467588902542, 4.043921738995096], [-0.5200516433328588, 5.3681944754656366], [0.005912747436166223, 3.9228137320442062], [-0.48787132380016274, 1.3787252990283894], [-0.3737339237803741, 5.518162640738101], [-0.48989786614716335, 2.3211414063224725], [0.4025003615529869, 5.6416180128932885], [0.419840457682799, 5.399380206049038], [0.19164296681564147, 2.330326211865282], [0.27987164043280205, 4.758504834221685], [-0.35765216204150146, 5.3159635777326395], [0.4880811470253165, 1.0556245302476104], [-0.45700262783923135, 3.151755559853288], [-0.00976827244847524, 3.6356646675447193], [-0.29953997768012847, 3.225323701750393], [-0.1924257287801762, 3.3462025076841657], [-0.2442274301683152, 4.495260304947849], [-0.0015305123464690667, 5.798457220818515], [-0.32418786877947453, 4.128141055633453], [-0.09507007888182537, 2.5350756312073557], [-0.4509199695515642, 4.061437614119258], [0.4114223578539022, 3.6710101117362104], [0.4835288469938836, 5.110625557086541], [0.3491086527593971, 2.2161794684696927], [0.14715233470705993, 5.169136266593397], [0.1662449532570685, 3.3336873061611363], [0.3533856685274663, 3.62183767756651], [-0.4557188421765186, 3.412261494897394], [0.016807315782460874, 4.048310540914041], [0.025008427287849754, 4.079818256466341], [-0.1723757227981976, 5.9279595328872485], [0.2599823055904259, 3.634132309256076], [0.2938235944903425, 4.095695151207633], [-0.0038858158053730932, 2.3774231699420905], [0.15673896700465148, 4.343252639892258], [-0.03390231381713405, 4.126753109097481], [0.13330870029503072, 4.409638015866864], [-0.1156951590203701, 3.9730970044303624], [-0.1633889082509488, 5.634440124056236], [0.15942221807799176, 5.507677350509275], [-0.4652194317315948, 5.611709323346169], [-0.3641269544681262, 5.12839005883829], [-0.4382599031296958, 5.790320576937064], [0.33504934991023244, 3.385984676129803], [0.004147651282147796, 3.3048935658510024], [-0.22499821986042948, 5.383603049133013], [0.03094457098858125, 5.867056819522643], [-0.041454953478372185, 4.369656259633068], [-0.25050904294458454, 4.4061158315625955], [0.16530833099041142, 5.962363781457836], [0.19400802593471986, 2.725165144368904]]","[[1.6176284551620483, 4.096442222595215, 0.938147783279419], [0.7538830041885376, 2.314903974533081, 0.5854530334472656], [0.9570228457450867, 1.3783893585205078, 0.745502233505249], [0.30824869871139526, 4.73850679397583, 0.7172616720199585], [-0.5038958191871643, 3.150254726409912, 0.4329964220523834], [-1.3475202322006226, 4.6160688400268555, 0.7044112086296082], [1.4013367891311646, 5.146660327911377, 0.7831169962882996], [-1.9834338426589966, 4.126326084136963, 1.2579008340835571], [1.978013277053833, 5.114731311798096, 1.4492591619491577], [-1.5779470205307007, 4.093191146850586, 1.2656919956207275], [1.8719948530197144, 5.052525520324707, 0.8349053263664246], [0.9735420346260071, 3.477978229522705, 0.5639318823814392], [0.0180585328489542, 4.275506019592285, 1.4681154489517212], [2.0338191986083984, 4.5210676193237305, 0.5370109677314758], [-1.2529512643814087, 3.0691990852355957, 0.6317134499549866], [0.6284419298171997, 5.218175411224365, 0.8114650249481201], [1.1839803457260132, 3.5905325412750244, 1.0190378427505493], [-0.15580470860004425, 2.233808755874634, 0.1942511945962906], [-0.15354357659816742, 4.4898576736450195, 1.539172649383545], [1.4308568239212036, 5.536146640777588, 1.6359635591506958], [-2.730193853378296, 3.8261094093322754, 0.4051784873008728], [-1.0987924337387085, 3.838974714279175, 1.2321866750717163], [0.5833927989006042, 3.7820382118225098, 1.0432583093643188], [1.6244605779647827, 5.264101505279541, 1.0627230405807495], [-0.9142951965332031, 2.4783380031585693, 0.3966814875602722], [-1.6150442361831665, 4.971423625946045, 1.5383867025375366], [1.4849516153335571, 6.096251964569092, 1.4071844816207886], [1.7228246927261353, 2.317826509475708, 0.5801055431365967], [0.9429019689559937, 3.4945216178894043, 1.086828351020813], [-0.4432789385318756, 5.759372234344482, 1.110603928565979], [-0.1251818686723709, 3.9142308235168457, 0.487517774105072], [0.14096054434776306, 5.985050201416016, 0.6319344639778137], [-0.8820664286613464, 5.5285964012146, 1.8542747497558594], [-0.5980858206748962, 4.965366840362549, 1.5139001607894897], [0.012384211644530296, 4.176836013793945, 1.4019571542739868], [1.566633939743042, 6.267701625823975, 1.4745569229125977], [-0.7530555725097656, 4.44417667388916, 0.6593567728996277], [-1.711829662322998, 5.109426975250244, 1.3582955598831177], [2.0866427421569824, 5.712187767028809, 0.48485708236694336], [1.1964261531829834, 6.140233516693115, 0.10515481978654861], [0.9093790054321289, 4.313949108123779, 0.5192649364471436], [2.1152563095092773, 5.53654146194458, 1.8986657857894897], [0.0504140630364418, 3.844172477722168, 0.9141488671302795], [1.856259822845459, 1.7178242206573486, 0.7617976069450378], [1.321882724761963, 5.829773902893066, 1.13059663772583], [1.8903381824493408, 2.692002058029175, 0.5670227408409119], [-2.464837074279785, 4.037117004394531, 0.5971192717552185], [-2.3432328701019287, 3.7164127826690674, 1.2614216804504395], [0.4132384955883026, 2.2306692600250244, 0.46351492404937744], [-1.3945835828781128, 3.8312363624572754, 1.0456211566925049], [1.2765042781829834, 5.660760879516602, 0.28941968083381653], [0.9654010534286499, 0.9919740557670593, 0.44007304310798645], [1.7968621253967285, 3.468876361846924, 1.0605802536010742], [0.23832537233829498, 3.6462972164154053, 0.48138654232025146], [1.2931238412857056, 3.53771710395813, 0.7972477078437805], [0.9247138500213623, 3.581916570663452, 0.7817375659942627], [0.8582029342651367, 4.764886379241943, 0.44744107127189636], [-0.7632195353507996, 5.471410274505615, 1.4391610622406006], [1.2469576597213745, 4.395224571228027, 1.1930838823318481], [0.9084689617156982, 2.7410616874694824, 0.50437331199646], [1.7741444110870361, 4.417745590209961, 0.8527701497077942], [-0.9890633225440979, 2.737027883529663, 0.4969906806945801], [-2.299474000930786, 3.2500319480895996, 1.3854225873947144], [0.21531108021736145, 1.8863191604614258, 0.6642800569534302], [-1.132378101348877, 4.613344192504883, 0.6494982838630676], [-0.14224176108837128, 3.0581369400024414, 0.7034266591072083], [-0.8076946139335632, 2.7856414318084717, 1.080052375793457], [1.798193335533142, 3.787522315979004, 0.46751636266708374], [-0.05047990381717682, 3.9298436641693115, 0.9450393319129944], [-0.09190124273300171, 3.927936315536499, 1.0433226823806763], [0.1385493129491806, 6.052800178527832, 0.7136730551719666], [-0.5776119232177734, 3.100867509841919, 0.564811110496521], [-0.9895907044410706, 3.3452248573303223, 0.6578116416931152], [0.7728717923164368, 2.505786895751953, 0.4832989275455475], [-0.6541420221328735, 3.9293251037597656, 0.15746080875396729], [0.11874957382678986, 4.134964942932129, 0.41843512654304504], [-0.6581828594207764, 4.016554832458496, 0.644450843334198], [0.4667784869670868, 4.105175495147705, 0.6162322163581848], [0.15165023505687714, 5.721107006072998, 1.0655454397201538], [-1.3837485313415527, 4.844825267791748, 0.725816011428833], [1.814736008644104, 5.7931904792785645, 1.9208221435546875], [1.311913013458252, 5.321564197540283, 1.7102584838867188], [1.6661698818206787, 6.099275588989258, 1.3275634050369263], [-0.5841604471206665, 2.6490478515625, 1.155456304550171], [0.33410578966140747, 3.262998580932617, 1.0585516691207886], [0.5564438700675964, 5.532858371734619, 1.3360780477523804], [-0.9528958201408386, 5.411438941955566, 1.6164301633834839], [0.036594752222299576, 4.307314872741699, 1.1208006143569946], [0.8937721848487854, 4.650120735168457, 0.9672383666038513], [-1.651635766029358, 5.2150959968566895, 0.20126692950725555], [0.1801232248544693, 2.5401113033294678, 0.28212225437164307]]"
2794,1.8623549146693754,0.3394758638874942,0.46558872866734385,0.0020120904355419157,-0.07248031226947836,0.8489756679212535,0.5234337313386099,1.8614971602661499,0.3402729838818951,0.4661013963019877,0.0020642763781471432,-0.07205176178063044,0.8492148769093948,0.523104554771896,"[205, 239, 242, 277, 382, 424, 467, 490, 522, 529, 557, 565, 584, 625, 650, 669, 693, 705, 789, 1024, 1035, 1050, 1057, 1104, 1117, 1170, 1195, 1217, 1235, 1260, 1282, 1505, 1538, 1547, 1585, 1673, 1687, 1787, 1858, 1937, 2128, 2198, 2299, 2302, 2344, 2360, 2368, 2422, 2463, 2518, 2553, 2556, 2572, 2617, 2781, 2840, 3061, 3078, 3127, 3224, 3321, 3323, 3405, 3432, 3478, 3493, 3506, 3513, 3516, 3525, 3546, 3649, 3735, 3748, 4100, 4107, 4215, 4217, 4255, 4284, 4294, 4333, 4364, 4480, 4526, 4558, 4625, 4703, 4867]","[[0.27340952457495477, 5.437436400631966], [-0.4057117076663981, 3.7924358631757027], [0.04484126010215106, 2.2664365711658707], [0.22575868044691913, 1.4033831267736194], [-0.1275901731294195, 4.6687072292708605], [0.2384157288039504, 3.67079190374133], [0.17623227013496917, 5.349400567893487], [-0.5241835520712994, 3.7630446009702396], [-0.37153468584909816, 4.836055693190127], [0.3101421577319324, 5.453522500848777], [-0.49961496471383, 4.874236963033047], [0.2603918586661954, 5.150842980857015], [-0.467212904160845, 4.72521074687058], [-0.18962618074539936, 3.2606870074826464], [-0.05097565297037157, 4.456198205985453], [-0.5054002858784026, 4.183407956623572], [0.383087433746265, 4.14399226072825], [-0.22002090780058595, 5.0406789393843585], [-0.27054681369813366, 3.3639534711280685], [0.3669695520295633, 2.7769378086774075], [-0.03566936461624168, 4.734186154240566], [-0.39578664245998985, 5.341419582169056], [0.4585853031675633, 5.762254547308853], [0.21844044804939694, 4.6447130938003385], [0.4994196954080349, 5.599196026349841], [-0.12228275213981618, 3.71684471918685], [-0.42316503088820234, 4.965502622924388], [0.45300201203328394, 3.5015066476043137], [0.15641907853388395, 5.886377337236719], [-0.4070278673996721, 5.84411103559842], [-0.39646795377432503, 1.983803506979286], [-0.1962463126360205, 3.3414919878947096], [-0.0710554088288686, 5.923337864849455], [0.0456576399032333, 4.0878493923652846], [-0.16845621520921836, 5.901197676399988], [0.002299556080588302, 5.341202551283251], [-0.03737811356832523, 4.358879602897546], [0.09991506731989483, 4.866233635558569], [-0.5047785054666821, 5.375114252169472], [-0.22550093301798854, 4.084707602384264], [0.0030452844419458524, 3.9667505473395765], [-0.4715548607024675, 1.4070764824655675], [-0.372576842579912, 5.552939569904468], [-0.47727135841477736, 2.3524661205279007], [0.39956372895796444, 5.691731534769176], [0.40980620667830764, 5.447322481962433], [0.192383021218114, 2.3800787411973228], [0.2728462585307815, 4.807340018218268], [-0.3488258248683356, 5.355332737146941], [0.4819430937771826, 1.1054867894481955], [-0.4543522994760003, 3.1852364228028267], [-0.003854509186356469, 3.6823639423785695], [-0.29326133736405946, 3.262730397746475], [-0.1876197533920782, 3.387836748373525], [-0.2380777398156902, 4.537375273426193], [-0.007838277072857953, 5.8433848478111745], [-0.3662051218885252, 3.0606475585822124], [-0.32531790620181705, 4.162648493625779], [-0.0852087759634219, 2.582799673828614], [-0.44561369264519773, 4.0942968946775276], [0.40674207413733704, 3.7227927255048012], [0.47111549615808096, 5.158604571261529], [0.34091303870162576, 2.2659296460988783], [0.14656017236107444, 5.21758112285343], [0.1632813306880964, 3.382762532664322], [0.34223504485448364, 3.6697472011605834], [-0.4428680852292278, 3.4473724589281822], [0.013386903516106968, 4.094133293861858], [0.020569371799023784, 4.125474294794293], [-0.17258690267335866, 5.968782701853203], [0.25769205302803067, 3.683088150609596], [0.28982533448093245, 4.144598533280204], [0.004171960017763849, 2.423365704013416], [0.1578425845016232, 4.392109458053504], [-0.02874642714766726, 4.174186011102677], [0.13563228242056266, 4.45715350231971], [-0.10875041971023455, 4.01380758463679], [-0.16384442228490065, 5.6777672807499275], [0.1556097676598442, 5.5537568683751015], [-0.47142701374823176, 5.642400417513425], [-0.36961294405750234, 5.161428507704276], [-0.4363351724837264, 5.825206511712027], [0.3222271982861043, 3.4311866612703064], [0.00027207336664809064, 3.3491590223403334], [-0.22890786832019672, 5.422529224783095], [0.020977773452030186, 5.913005980708978], [-0.045637257215529636, 4.415001304032774], [-0.24949377219948868, 4.444066872582701], [0.19742256204940428, 2.772266749748696]]","[[-1.690869688987732, 4.409207820892334, -0.17856155335903168], [1.6176284551620483, 4.096442222595215, 0.938147783279419], [0.7538830041885376, 2.314903974533081, 0.5854530334472656], [0.9570228457450867, 1.3783893585205078, 0.745502233505249], [0.30824869871139526, 4.73850679397583, 0.7172616720199585], [-0.5038958191871643, 3.150254726409912, 0.4329964220523834], [-1.3475202322006226, 4.6160688400268555, 0.7044112086296082], [2.097599744796753, 4.09572172164917, 0.3754720985889435], [1.4013367891311646, 5.146660327911377, 0.7831169962882996], [-1.9834338426589966, 4.126326084136963, 1.2579008340835571], [1.978013277053833, 5.114731311798096, 1.4492591619491577], [-1.5779470205307007, 4.093191146850586, 1.2656919956207275], [1.8719948530197144, 5.052525520324707, 0.8349053263664246], [0.9735420346260071, 3.477978229522705, 0.5639318823814392], [0.0180585328489542, 4.275506019592285, 1.4681154489517212], [2.0338191986083984, 4.5210676193237305, 0.5370109677314758], [-1.2529512643814087, 3.0691990852355957, 0.6317134499549866], [0.6284419298171997, 5.218175411224365, 0.8114650249481201], [1.1839803457260132, 3.5905325412750244, 1.0190378427505493], [-0.15580470860004425, 2.233808755874634, 0.1942511945962906], [-0.15354357659816742, 4.4898576736450195, 1.539172649383545], [1.4308568239212036, 5.536146640777588, 1.6359635591506958], [-2.730193853378296, 3.8261094093322754, 0.4051784873008728], [-1.0987924337387085, 3.838974714279175, 1.2321866750717163], [-2.643998384475708, 3.590893030166626, -0.2406441867351532], [0.5833927989006042, 3.7820382118225098, 1.0432583093643188], [1.6244605779647827, 5.264101505279541, 1.0627230405807495], [-0.9142951965332031, 2.4783380031585693, 0.3966814875602722], [-1.6150442361831665, 4.971423625946045, 1.5383867025375366], [1.4849516153335571, 6.096251964569092, 1.4071844816207886], [1.7228246927261353, 2.317826509475708, 0.5801055431365967], [0.9429019689559937, 3.4945216178894043, 1.086828351020813], [-0.4432789385318756, 5.759372234344482, 1.110603928565979], [-0.1251818686723709, 3.9142308235168457, 0.487517774105072], [0.14096054434776306, 5.985050201416016, 0.6319344639778137], [-0.5980858206748962, 4.965366840362549, 1.5139001607894897], [0.012384211644530296, 4.176836013793945, 1.4019571542739868], [-0.7530555725097656, 4.44417667388916, 0.6593567728996277], [2.0866427421569824, 5.712187767028809, 0.48485708236694336], [0.9093790054321289, 4.313949108123779, 0.5192649364471436], [0.0504140630364418, 3.844172477722168, 0.9141488671302795], [1.856259822845459, 1.7178242206573486, 0.7617976069450378], [1.321882724761963, 5.829773902893066, 1.13059663772583], [1.8903381824493408, 2.692002058029175, 0.5670227408409119], [-2.464837074279785, 4.037117004394531, 0.5971192717552185], [-2.3432328701019287, 3.7164127826690674, 1.2614216804504395], [0.4132384955883026, 2.2306692600250244, 0.46351492404937744], [-1.3945835828781128, 3.8312363624572754, 1.0456211566925049], [1.2765042781829834, 5.660760879516602, 0.28941968083381653], [0.9654010534286499, 0.9919740557670593, 0.44007304310798645], [1.7968621253967285, 3.468876361846924, 1.0605802536010742], [0.23832537233829498, 3.6462972164154053, 0.48138654232025146], [1.2931238412857056, 3.53771710395813, 0.7972477078437805], [0.9247138500213623, 3.581916570663452, 0.7817375659942627], [0.8582029342651367, 4.764886379241943, 0.44744107127189636], [-0.7632195353507996, 5.471410274505615, 1.4391610622406006], [1.5113016366958618, 3.2566144466400146, 1.3314088582992554], [1.2469576597213745, 4.395224571228027, 1.1930838823318481], [0.9084689617156982, 2.7410616874694824, 0.50437331199646], [1.7741444110870361, 4.417745590209961, 0.8527701497077942], [-0.9890633225440979, 2.737027883529663, 0.4969906806945801], [-2.299474000930786, 3.2500319480895996, 1.3854225873947144], [0.21531108021736145, 1.8863191604614258, 0.6642800569534302], [-1.132378101348877, 4.613344192504883, 0.6494982838630676], [-0.14224176108837128, 3.0581369400024414, 0.7034266591072083], [-0.8076946139335632, 2.7856414318084717, 1.080052375793457], [1.798193335533142, 3.787522315979004, 0.46751636266708374], [-0.05047990381717682, 3.9298436641693115, 0.9450393319129944], [-0.09190124273300171, 3.927936315536499, 1.0433226823806763], [0.1385493129491806, 6.052800178527832, 0.7136730551719666], [-0.5776119232177734, 3.100867509841919, 0.564811110496521], [-0.9895907044410706, 3.3452248573303223, 0.6578116416931152], [0.7728717923164368, 2.505786895751953, 0.4832989275455475], [-0.6541420221328735, 3.9293251037597656, 0.15746080875396729], [0.11874957382678986, 4.134964942932129, 0.41843512654304504], [-0.6581828594207764, 4.016554832458496, 0.644450843334198], [0.4667784869670868, 4.105175495147705, 0.6162322163581848], [0.15165023505687714, 5.721107006072998, 1.0655454397201538], [-1.3837485313415527, 4.844825267791748, 0.725816011428833], [1.814736008644104, 5.7931904792785645, 1.9208221435546875], [1.311913013458252, 5.321564197540283, 1.7102584838867188], [1.6661698818206787, 6.099275588989258, 1.3275634050369263], [-0.5841604471206665, 2.6490478515625, 1.155456304550171], [0.33410578966140747, 3.262998580932617, 1.0585516691207886], [0.5564438700675964, 5.532858371734619, 1.3360780477523804], [-0.9528958201408386, 5.411438941955566, 1.6164301633834839], [0.036594752222299576, 4.307314872741699, 1.1208006143569946], [0.8937721848487854, 4.650120735168457, 0.9672383666038513], [0.1801232248544693, 2.5401113033294678, 0.28212225437164307]]"
2796,1.8932694874703422,0.30510826684787296,0.47331737186758555,-0.01787451264916654,-0.08452091589329278,0.8488141747371173,0.521585288653218,1.8939552579210608,0.3052663978584446,0.47394610884403127,-0.018259460472272337,-0.08477820760968836,0.8489567334048854,0.5212981032233441,"[205, 239, 242, 277, 382, 424, 467, 490, 522, 529, 557, 565, 584, 625, 650, 669, 693, 705, 789, 1024, 1035, 1050, 1057, 1104, 1117, 1168, 1170, 1195, 1217, 1235, 1260, 1282, 1505, 1538, 1547, 1585, 1673, 1687, 1787, 1858, 1926, 1937, 2128, 2158, 2198, 2229, 2299, 2302, 2344, 2360, 2368, 2422, 2463, 2518, 2553, 2556, 2572, 2617, 2781, 2840, 3061, 3078, 3127, 3224, 3321, 3405, 3432, 3478, 3493, 3506, 3513, 3516, 3546, 3649, 3735, 3748, 4100, 4107, 4136, 4215, 4217, 4255, 4284, 4294, 4333, 4480, 4526, 4558, 4625, 4703, 4828, 4867]","[[0.2708520122440724, 5.486237344089496], [-0.4059702468447359, 3.829683123946231], [0.042692089199721915, 2.31287638675389], [0.21781259297588687, 1.4493294949810684], [-0.12790368021189896, 4.713129426556192], [0.23448323199396465, 3.7203130227333894], [0.17116958174941677, 5.39987279656206], [-0.5126387714204964, 3.7971897511669472], [-0.3690791009813508, 4.875688003420707], [0.30114174409159183, 5.4996946076959485], [-0.5015208817518323, 4.908985660358128], [0.24756839053686902, 5.199137063267359], [-0.46502390013003686, 4.7636051050973665], [-0.18353194450833923, 3.304626206586963], [-0.05915296619685719, 4.504274275957797], [-0.4969336711010881, 4.218868094574753], [0.372424415131412, 4.190177813273183], [-0.22031381683885973, 5.084070138529454], [-0.270783165002864, 3.4038822779121016], [0.36430929055747024, 2.8289009280780233], [-0.045478728807586716, 4.777092173348553], [-0.4008196642757129, 5.378704171935448], [0.45090458864723604, 5.812585407301266], [0.2074188575179131, 4.69160124014958], [0.4960260845838415, 5.648077924984451], [-0.19298529118044064, 4.820607921300682], [-0.12649407412568617, 3.7580407353974983], [-0.4216385052662698, 5.001283515293878], [0.44492648077408264, 3.5518706582082142], [0.14766688842952397, 5.935180567264193], [-0.41149686830666454, 5.879961448151085], [-0.3840571336579936, 2.023532038688907], [-0.2013518472342829, 3.385785350467309], [-0.07459801922478358, 5.96841339385594], [0.046370958119229935, 4.135111670677836], [-0.16723899332430034, 5.946729044604674], [-0.00542436301802775, 5.3873562803773325], [-0.04710282154469295, 4.4030288268068505], [0.09725621072451164, 4.917807365276221], [-0.49665262882206257, 5.410633453774559], [-0.3329570227381335, 5.889317674700978], [-0.2230363132771099, 4.129619218053024], [-0.002052467122640792, 4.016168171543612], [0.09926466272309435, 2.27317421961315], [-0.45740332646252463, 1.4418192484826395], [-0.07083918093960007, 4.800527010617076], [-0.3756242094002696, 5.5934422636661], [-0.46463663379883546, 2.3881153988921056], [0.38930833895439093, 5.739984992526515], [0.3980647839792148, 5.493934014340317], [0.1914744582427737, 2.4299789093841677], [0.2616271698599545, 4.855208891302265], [-0.3422492510434843, 5.395822710556668], [0.4674408540352811, 1.1542096579758119], [-0.45349274097578657, 3.221162024507151], [-0.0036243408875584384, 3.7290473902901735], [-0.2909652797262226, 3.3044474086884636], [-0.18900647211341343, 3.432293611251893], [-0.23366396317131463, 4.578260474970238], [-0.014532446282041235, 5.888632197280198], [-0.3699362696992491, 3.095853298299236], [-0.32930071325316174, 4.2032423888307875], [-0.0781887321419486, 2.6265807652095634], [-0.4458260069127133, 4.132266935020385], [0.3976658822642355, 3.77002439667379], [0.3303932796118917, 2.313828028984746], [0.14205375965817937, 5.269320084862775], [0.15873162161297436, 3.4300349216516284], [0.3313492519872859, 3.716890394835927], [-0.43347705096850436, 3.4843172635227684], [0.009871466663007701, 4.140764333238589], [0.014214144446635846, 4.1696698947772965], [0.25268737665256047, 3.729891314953222], [0.28232900795815125, 4.192492764528232], [0.006680076835141905, 2.4695723311096147], [0.15804849695618073, 4.441217032802918], [-0.02813945388012853, 4.222277227571845], [0.1308176395015796, 4.505722057729251], [-0.23069594852154604, 4.753554523328832], [-0.10812529512341984, 4.062883344368012], [-0.16622960161836384, 5.720743722828579], [0.15298867650359213, 5.60539126745864], [-0.4780736312938728, 5.675897916950249], [-0.37784649690727795, 5.197478508106724], [-0.43902757022669375, 5.8602729644421085], [-0.009696433782857408, 3.393454073366616], [-0.2350817606702293, 5.463521594754863], [0.010682503427468255, 5.957106541466075], [-0.05159696130429889, 4.457738224918917], [-0.2522608144021934, 4.485823062362662], [0.3477300157300402, 3.1253513560322026], [0.1995683266131969, 2.8238375058846064]]","[[-1.690869688987732, 4.409207820892334, -0.17856155335903168], [1.6176284551620483, 4.096442222595215, 0.938147783279419], [0.7538830041885376, 2.314903974533081, 0.5854530334472656], [0.9570228457450867, 1.3783893585205078, 0.745502233505249], [0.30824869871139526, 4.73850679397583, 0.7172616720199585], [-0.5038958191871643, 3.150254726409912, 0.4329964220523834], [-1.3475202322006226, 4.6160688400268555, 0.7044112086296082], [2.097599744796753, 4.09572172164917, 0.3754720985889435], [1.4013367891311646, 5.146660327911377, 0.7831169962882996], [-1.9834338426589966, 4.126326084136963, 1.2579008340835571], [1.978013277053833, 5.114731311798096, 1.4492591619491577], [-1.5779470205307007, 4.093191146850586, 1.2656919956207275], [1.8719948530197144, 5.052525520324707, 0.8349053263664246], [0.9735420346260071, 3.477978229522705, 0.5639318823814392], [0.0180585328489542, 4.275506019592285, 1.4681154489517212], [2.0338191986083984, 4.5210676193237305, 0.5370109677314758], [-1.2529512643814087, 3.0691990852355957, 0.6317134499549866], [0.6284419298171997, 5.218175411224365, 0.8114650249481201], [1.1839803457260132, 3.5905325412750244, 1.0190378427505493], [-0.15580470860004425, 2.233808755874634, 0.1942511945962906], [-0.15354357659816742, 4.4898576736450195, 1.539172649383545], [1.4308568239212036, 5.536146640777588, 1.6359635591506958], [-2.730193853378296, 3.8261094093322754, 0.4051784873008728], [-1.0987924337387085, 3.838974714279175, 1.2321866750717163], [-2.643998384475708, 3.590893030166626, -0.2406441867351532], [0.6671563982963562, 4.9510884284973145, 0.08018825948238373], [0.5833927989006042, 3.7820382118225098, 1.0432583093643188], [1.6244605779647827, 5.264101505279541, 1.0627230405807495], [-0.9142951965332031, 2.4783380031585693, 0.3966814875602722], [-1.6150442361831665, 4.971423625946045, 1.5383867025375366], [1.4849516153335571, 6.096251964569092, 1.4071844816207886], [1.7228246927261353, 2.317826509475708, 0.5801055431365967], [0.9429019689559937, 3.4945216178894043, 1.086828351020813], [-0.4432789385318756, 5.759372234344482, 1.110603928565979], [-0.1251818686723709, 3.9142308235168457, 0.487517774105072], [0.14096054434776306, 5.985050201416016, 0.6319344639778137], [-0.5980858206748962, 4.965366840362549, 1.5139001607894897], [0.012384211644530296, 4.176836013793945, 1.4019571542739868], [-0.7530555725097656, 4.44417667388916, 0.6593567728996277], [2.0866427421569824, 5.712187767028809, 0.48485708236694336], [1.1964261531829834, 6.140233516693115, 0.10515481978654861], [0.9093790054321289, 4.313949108123779, 0.5192649364471436], [0.0504140630364418, 3.844172477722168, 0.9141488671302795], [0.7296291589736938, 2.2370800971984863, 0.18609796464443207], [1.856259822845459, 1.7178242206573486, 0.7617976069450378], [0.12379542738199234, 4.747463226318359, 0.05897322669625282], [1.321882724761963, 5.829773902893066, 1.13059663772583], [1.8903381824493408, 2.692002058029175, 0.5670227408409119], [-2.464837074279785, 4.037117004394531, 0.5971192717552185], [-2.3432328701019287, 3.7164127826690674, 1.2614216804504395], [0.4132384955883026, 2.2306692600250244, 0.46351492404937744], [-1.3945835828781128, 3.8312363624572754, 1.0456211566925049], [1.2765042781829834, 5.660760879516602, 0.28941968083381653], [0.9654010534286499, 0.9919740557670593, 0.44007304310798645], [1.7968621253967285, 3.468876361846924, 1.0605802536010742], [0.23832537233829498, 3.6462972164154053, 0.48138654232025146], [1.2931238412857056, 3.53771710395813, 0.7972477078437805], [0.9247138500213623, 3.581916570663452, 0.7817375659942627], [0.8582029342651367, 4.764886379241943, 0.44744107127189636], [-0.7632195353507996, 5.471410274505615, 1.4391610622406006], [1.5113016366958618, 3.2566144466400146, 1.3314088582992554], [1.2469576597213745, 4.395224571228027, 1.1930838823318481], [0.9084689617156982, 2.7410616874694824, 0.50437331199646], [1.7741444110870361, 4.417745590209961, 0.8527701497077942], [-0.9890633225440979, 2.737027883529663, 0.4969906806945801], [0.21531108021736145, 1.8863191604614258, 0.6642800569534302], [-1.132378101348877, 4.613344192504883, 0.6494982838630676], [-0.14224176108837128, 3.0581369400024414, 0.7034266591072083], [-0.8076946139335632, 2.7856414318084717, 1.080052375793457], [1.798193335533142, 3.787522315979004, 0.46751636266708374], [-0.05047990381717682, 3.9298436641693115, 0.9450393319129944], [-0.09190124273300171, 3.927936315536499, 1.0433226823806763], [-0.5776119232177734, 3.100867509841919, 0.564811110496521], [-0.9895907044410706, 3.3452248573303223, 0.6578116416931152], [0.7728717923164368, 2.505786895751953, 0.4832989275455475], [-0.6541420221328735, 3.9293251037597656, 0.15746080875396729], [0.11874957382678986, 4.134964942932129, 0.41843512654304504], [-0.6581828594207764, 4.016554832458496, 0.644450843334198], [0.8666809797286987, 4.931448936462402, 0.09942346066236496], [0.4667784869670868, 4.105175495147705, 0.6162322163581848], [0.15165023505687714, 5.721107006072998, 1.0655454397201538], [-1.3837485313415527, 4.844825267791748, 0.725816011428833], [1.814736008644104, 5.7931904792785645, 1.9208221435546875], [1.311913013458252, 5.321564197540283, 1.7102584838867188], [1.6661698818206787, 6.099275588989258, 1.3275634050369263], [0.33410578966140747, 3.262998580932617, 1.0585516691207886], [0.5564438700675964, 5.532858371734619, 1.3360780477523804], [-0.9528958201408386, 5.411438941955566, 1.6164301633834839], [0.036594752222299576, 4.307314872741699, 1.1208006143569946], [0.8937721848487854, 4.650120735168457, 0.9672383666038513], [-0.29389622807502747, 2.4829893112182617, -0.016923734918236732], [0.1801232248544693, 2.5401113033294678, 0.28212225437164307]]"
2798,1.923669024516905,0.26318852480992566,0.48091725612922626,-0.0383868772202949,-0.08907106867512228,0.8490180639138029,0.5193853285667622,1.92180082023318,0.26216086619529316,0.48132852372516316,-0.03807185718206517,-0.08838572192081837,0.8491790470276938,0.5192624037424451,"[205, 239, 242, 382, 424, 429, 467, 478, 490, 522, 529, 557, 565, 584, 625, 669, 693, 705, 789, 806, 1024, 1050, 1057, 1104, 1117, 1168, 1170, 1195, 1217, 1260, 1282, 1505, 1547, 1585, 1673, 1687, 1787, 1858, 1926, 1937, 2057, 2128, 2158, 2198, 2229, 2299, 2302, 2344, 2368, 2422, 2463, 2518, 2553, 2556, 2572, 2617, 2659, 2781, 2840, 3078, 3127, 3224, 3321, 3342, 3405, 3432, 3478, 3506, 3513, 3516, 3546, 3649, 3735, 3748, 4100, 4107, 4136, 4215, 4217, 4255, 4284, 4294, 4333, 4400, 4420, 4480, 4526, 4625, 4703, 4828, 4867]","[[0.2654644220145184, 5.53480006414135], [-0.40637452526726475, 3.8701127435379905], [0.0401260962455099, 2.3616988471320775], [-0.1307361223436202, 4.762815479326316], [0.22845258791369427, 3.7689559271555026], [0.5153205086792173, 3.327904593372797], [0.16446232158774352, 5.444706573817731], [0.01384684588628069, 3.0740048413429375], [-0.5045512502173628, 3.835639205192499], [-0.3698008123725023, 4.91825976042264], [0.28853134602866853, 5.545608835489501], [-0.5063194790031451, 4.946410638930413], [0.2378451443213442, 5.245426845183386], [-0.46508950841451835, 4.799808273780741], [-0.18330343949346914, 3.350166962888426], [-0.4900726131638825, 4.25850538493446], [0.3636620071814094, 4.237988305632146], [-0.2232780673905835, 5.128053889025742], [-0.2761954746201634, 3.447580661447549], [-0.5228561216625879, 5.9063569377828165], [0.3566756583942884, 2.8762918987978052], [-0.40769844418954193, 5.417333904268601], [0.4421856268286349, 5.858629936549], [0.1984364123143383, 4.737734465402256], [0.4854525544645513, 5.694940114495692], [-0.18976331748090064, 4.869866028987509], [-0.13396424112120267, 3.8041555901324537], [-0.4234929661947145, 5.042332589993361], [0.43620074218427907, 3.597820349960249], [-0.414307379333892, 5.918183461674493], [-0.37632132886584974, 2.0628578906698474], [-0.20509547873556305, 3.4278890822853767], [0.038831385681456373, 4.182946688031323], [-0.16838065098963734, 5.991064476784545], [-0.013704218899431686, 5.4303974124230505], [-0.056099676988244855, 4.44806349303838], [0.09162129056940464, 4.964330438884259], [-0.49388023892231464, 5.447995778789194], [-0.3302817744385273, 5.930386503565968], [-0.2223432565051733, 4.173240562125225], [0.14809672916486935, 5.279581057167471], [-0.007581103355959561, 4.059542295455922], [0.09847836703471997, 2.3231988749855015], [-0.4486613908441421, 1.4809794109850105], [-0.07239977132902088, 4.849137599094913], [-0.3774174814890883, 5.633595459591816], [-0.45767266631257014, 2.427904276456046], [0.37909507874191756, 5.787387279204976], [0.18523880926248495, 2.4776298200055016], [0.25197138272979275, 4.902476737250968], [-0.33958292671226764, 5.437391214426866], [0.45034219836237266, 1.2017724544125485], [-0.45344780653216243, 3.257310779626788], [-0.008644193157092875, 3.7743382526279414], [-0.29258450825029747, 3.3464886782834737], [-0.18908613796819404, 3.475634764951265], [-0.138533289579479, 5.468504439268018], [-0.23164626181676423, 4.623451117879235], [-0.023783732013009606, 5.934803514442817], [-0.33153723746568736, 4.244626319929479], [-0.08133072173119256, 2.67331990951207], [-0.4440530879178021, 4.170957596146734], [0.38962373813831874, 3.8176412129122257], [-0.051453987199697904, 3.403655360166866], [0.3206865794486941, 2.3614247146972116], [0.13285201169969846, 5.31653794236988], [0.15086670021020232, 3.47998473462498], [-0.4285485987673643, 3.525157283108407], [0.0027351501548579992, 4.187661342687712], [0.006721587213028033, 4.217556844836368], [0.24220780022424376, 3.7818273184071796], [0.27420257595719116, 4.241153233237028], [0.0020428953910842486, 2.5182326684467924], [0.15388044046876798, 4.4897508374208694], [-0.031362874674310696, 4.270107635809329], [0.1212110286842317, 4.55395954641737], [-0.22796391226063595, 4.79825475691449], [-0.11146743648678223, 4.108670478066085], [-0.17052600207409876, 5.7652944981166865], [0.14326147750016327, 5.6521875579978715], [-0.48268430070615204, 5.7125552537673165], [-0.3843650713367115, 5.2394154486856825], [-0.4446215622964229, 5.901055784858418], [-0.03016764329291818, 4.821994700745156], [-0.15487433803929596, 5.080971602704017], [-0.013830543031741103, 3.439888472219535], [-0.2405630539767918, 5.50848514734287], [-0.058087721068298494, 4.506674740510533], [-0.25405141302351003, 4.528117132411864], [0.34095194857483724, 3.173996489320294], [0.1932215424078337, 2.869222583852069]]","[[-1.690869688987732, 4.409207820892334, -0.17856155335903168], [1.6176284551620483, 4.096442222595215, 0.938147783279419], [0.7538830041885376, 2.314903974533081, 0.5854530334472656], [0.30824869871139526, 4.73850679397583, 0.7172616720199585], [-0.5038958191871643, 3.150254726409912, 0.4329964220523834], [-0.7704256176948547, 2.14143443107605, -0.08076226711273193], [-1.3475202322006226, 4.6160688400268555, 0.7044112086296082], [0.5631309151649475, 2.9999711513519287, 0.12128958851099014], [2.097599744796753, 4.09572172164917, 0.3754720985889435], [1.4013367891311646, 5.146660327911377, 0.7831169962882996], [-1.9834338426589966, 4.126326084136963, 1.2579008340835571], [1.978013277053833, 5.114731311798096, 1.4492591619491577], [-1.5779470205307007, 4.093191146850586, 1.2656919956207275], [1.8719948530197144, 5.052525520324707, 0.8349053263664246], [0.9735420346260071, 3.477978229522705, 0.5639318823814392], [2.0338191986083984, 4.5210676193237305, 0.5370109677314758], [-1.2529512643814087, 3.0691990852355957, 0.6317134499549866], [0.6284419298171997, 5.218175411224365, 0.8114650249481201], [1.1839803457260132, 3.5905325412750244, 1.0190378427505493], [2.303736448287964, 6.15722131729126, 0.27828487753868103], [-0.15580470860004425, 2.233808755874634, 0.1942511945962906], [1.4308568239212036, 5.536146640777588, 1.6359635591506958], [-2.730193853378296, 3.8261094093322754, 0.4051784873008728], [-1.0987924337387085, 3.838974714279175, 1.2321866750717163], [-2.643998384475708, 3.590893030166626, -0.2406441867351532], [0.6671563982963562, 4.9510884284973145, 0.08018825948238373], [0.5833927989006042, 3.7820382118225098, 1.0432583093643188], [1.6244605779647827, 5.264101505279541, 1.0627230405807495], [-0.9142951965332031, 2.4783380031585693, 0.3966814875602722], [1.4849516153335571, 6.096251964569092, 1.4071844816207886], [1.7228246927261353, 2.317826509475708, 0.5801055431365967], [0.9429019689559937, 3.4945216178894043, 1.086828351020813], [-0.1251818686723709, 3.9142308235168457, 0.487517774105072], [0.14096054434776306, 5.985050201416016, 0.6319344639778137], [-0.5980858206748962, 4.965366840362549, 1.5139001607894897], [0.012384211644530296, 4.176836013793945, 1.4019571542739868], [-0.7530555725097656, 4.44417667388916, 0.6593567728996277], [2.0866427421569824, 5.712187767028809, 0.48485708236694336], [1.1964261531829834, 6.140233516693115, 0.10515481978654861], [0.9093790054321289, 4.313949108123779, 0.5192649364471436], [-0.9702979922294617, 4.599729061126709, -0.38003405928611755], [0.0504140630364418, 3.844172477722168, 0.9141488671302795], [0.7296291589736938, 2.2370800971984863, 0.18609796464443207], [1.856259822845459, 1.7178242206573486, 0.7617976069450378], [0.12379542738199234, 4.747463226318359, 0.05897322669625282], [1.321882724761963, 5.829773902893066, 1.13059663772583], [1.8903381824493408, 2.692002058029175, 0.5670227408409119], [-2.464837074279785, 4.037117004394531, 0.5971192717552185], [0.4132384955883026, 2.2306692600250244, 0.46351492404937744], [-1.3945835828781128, 3.8312363624572754, 1.0456211566925049], [1.2765042781829834, 5.660760879516602, 0.28941968083381653], [0.9654010534286499, 0.9919740557670593, 0.44007304310798645], [1.7968621253967285, 3.468876361846924, 1.0605802536010742], [0.23832537233829498, 3.6462972164154053, 0.48138654232025146], [1.2931238412857056, 3.53771710395813, 0.7972477078437805], [0.9247138500213623, 3.581916570663452, 0.7817375659942627], [0.2728913426399231, 5.443265914916992, -0.1400608867406845], [0.8582029342651367, 4.764886379241943, 0.44744107127189636], [-0.7632195353507996, 5.471410274505615, 1.4391610622406006], [1.2469576597213745, 4.395224571228027, 1.1930838823318481], [0.9084689617156982, 2.7410616874694824, 0.50437331199646], [1.7741444110870361, 4.417745590209961, 0.8527701497077942], [-0.9890633225440979, 2.737027883529663, 0.4969906806945801], [0.6224063634872437, 3.3841347694396973, 0.07435598969459534], [0.21531108021736145, 1.8863191604614258, 0.6642800569534302], [-1.132378101348877, 4.613344192504883, 0.6494982838630676], [-0.14224176108837128, 3.0581369400024414, 0.7034266591072083], [1.798193335533142, 3.787522315979004, 0.46751636266708374], [-0.05047990381717682, 3.9298436641693115, 0.9450393319129944], [-0.09190124273300171, 3.927936315536499, 1.0433226823806763], [-0.5776119232177734, 3.100867509841919, 0.564811110496521], [-0.9895907044410706, 3.3452248573303223, 0.6578116416931152], [0.7728717923164368, 2.505786895751953, 0.4832989275455475], [-0.6541420221328735, 3.9293251037597656, 0.15746080875396729], [0.11874957382678986, 4.134964942932129, 0.41843512654304504], [-0.6581828594207764, 4.016554832458496, 0.644450843334198], [0.8666809797286987, 4.931448936462402, 0.09942346066236496], [0.4667784869670868, 4.105175495147705, 0.6162322163581848], [0.15165023505687714, 5.721107006072998, 1.0655454397201538], [-1.3837485313415527, 4.844825267791748, 0.725816011428833], [1.814736008644104, 5.7931904792785645, 1.9208221435546875], [1.311913013458252, 5.321564197540283, 1.7102584838867188], [1.6661698818206787, 6.099275588989258, 1.3275634050369263], [-0.01725850999355316, 4.645467281341553, -0.0787845328450203], [0.4716223478317261, 5.105075359344482, -0.0506548136472702], [0.33410578966140747, 3.262998580932617, 1.0585516691207886], [0.5564438700675964, 5.532858371734619, 1.3360780477523804], [0.036594752222299576, 4.307314872741699, 1.1208006143569946], [0.8937721848487854, 4.650120735168457, 0.9672383666038513], [-0.29389622807502747, 2.4829893112182617, -0.016923734918236732], [0.1801232248544693, 2.5401113033294678, 0.28212225437164307]]"
2800,1.9463401910488778,0.22391365582299272,0.48658504776221945,-0.052927266820554535,-0.08462536137158212,0.849657000663597,0.5178032771844685,1.9456497976935871,0.22355201383210188,0.4871402871892915,-0.05302144243394308,-0.08498311386425825,0.8498642025140646,0.5173948533618126,"[75, 95, 205, 239, 242, 382, 424, 429, 467, 478, 490, 522, 557, 584, 625, 669, 693, 705, 789, 806, 1024, 1050, 1057, 1117, 1168, 1170, 1195, 1217, 1260, 1282, 1505, 1547, 1787, 1858, 1926, 1937, 1958, 2057, 2128, 2158, 2198, 2229, 2299, 2302, 2344, 2368, 2422, 2463, 2518, 2553, 2556, 2572, 2617, 2659, 2781, 2840, 3078, 3127, 3224, 3321, 3342, 3405, 3432, 3478, 3506, 3513, 3516, 3546, 3649, 3735, 3748, 4100, 4107, 4136, 4215, 4217, 4255, 4284, 4294, 4333, 4400, 4420, 4480, 4526, 4625, 4703, 4828, 4838, 4867]","[[0.060106221455837265, 5.613799754271794], [0.17308580935905946, 4.790550351424843], [0.2578757480124552, 5.584318274410976], [-0.4069006616892032, 3.9112529332620913], [0.032765545197259216, 2.409523497362957], [-0.13343429518847852, 4.807511712019081], [0.2169853087351758, 3.817705696689653], [0.5007566093315421, 3.372776271430872], [0.1576811843569546, 5.4945100746909254], [0.009357299656079504, 3.123043631161854], [-0.5024404168018982, 3.876578734277143], [-0.37143410356022155, 4.961259838031709], [-0.510273956397953, 4.984792961422648], [-0.4646549423693483, 4.841124919984263], [-0.18633736993305025, 3.396423274679865], [-0.48976114946106497, 4.298451157343259], [0.35380738569152353, 4.284433803428413], [-0.22543013716846, 5.176347547133958], [-0.2785539933918304, 3.4924915711509716], [-0.5218818719886864, 5.9478837608149036], [0.3434191126731109, 2.9223431039980947], [-0.4125809061783571, 5.461046552616679], [0.43298927363269163, 5.903869829958975], [0.4759665763306864, 5.737791402634293], [-0.19169825199932153, 4.914965044091208], [-0.13804258653150117, 3.8525146220018422], [-0.42549327654053765, 5.082545168804652], [0.42200694315044635, 3.6424816639538498], [-0.4202115125574159, 5.962325044235306], [-0.371718967459605, 2.108141256585559], [-0.20971437551010355, 3.473903051110849], [0.03421575751140872, 4.230773021417737], [0.08346678260109086, 5.0126389452602655], [-0.4929569380154008, 5.490358547457956], [-0.3309645526747916, 5.977053024953742], [-0.22477826801653292, 4.220410815676599], [0.4458444986628352, 4.478296349407328], [0.1419408999937386, 5.330116758918394], [-0.013635401872810284, 4.109570929649011], [0.09001732365455456, 2.369325773928501], [-0.4423122717739748, 1.5206021552294517], [-0.07423860715615341, 4.894772858619421], [-0.3787464459588144, 5.676484502324122], [-0.45136264447841584, 2.469398153799262], [0.37206357602232937, 5.832903820120848], [0.17471476492831498, 2.5238368483348093], [0.24512260415523465, 4.948903262211349], [-0.3418221504449412, 5.482600483460268], [0.4282713592882805, 1.2459432562145867], [-0.45440588168761187, 3.2978607889144262], [-0.013611350326230735, 3.825157970348994], [-0.29237810693539024, 3.3907263945143216], [-0.19254883104393195, 3.5224563109155236], [-0.13898945904260285, 5.51627554379705], [-0.2355580326973946, 4.670062606352948], [-0.03079537516770252, 5.984265855320963], [-0.33658816329957675, 4.289192984154743], [-0.08456276657614203, 2.722518829746541], [-0.4441084626806217, 4.212611349212306], [0.3768058891835483, 3.8642320073255254], [-0.05352347677415197, 3.4522143359502184], [0.31051413454348886, 2.407023291258496], [0.12809406688946412, 5.365355807849897], [0.1434636420903507, 3.5255156674677117], [-0.425271882764689, 3.5667992204794587], [-0.005641313261697387, 4.233884039084848], [0.00020207144613867403, 4.265079356155558], [0.23397385215711905, 3.8279831613248394], [0.2659832696742401, 4.288882692659176], [-0.0019402286796866078, 2.5641076542912313], [0.14669119529631755, 4.53946503195146], [-0.03639076684143455, 4.317505618310901], [0.11605438598814671, 4.604085140451834], [-0.23010990981076013, 4.846525295572555], [-0.11542090598018687, 4.154632921111185], [-0.17695529750293584, 5.813199989072621], [0.1367438083899927, 5.700207464791766], [-0.49240142785031626, 5.751679429224136], [-0.38899974004601306, 5.280987542529721], [-0.44709830971477715, 5.943102353413076], [-0.033577033480805964, 4.87045048175176], [-0.15979132821860975, 5.1268557532657235], [-0.020373528359874386, 3.4876511420586302], [-0.24580081508170085, 5.553168271688805], [-0.06526870622698479, 4.552757938174105], [-0.25768972532293316, 4.573175787707742], [0.32977510118431896, 3.2217796380376718], [0.16568810393609165, 5.861964271719506], [0.18506745845073655, 2.920238661110477]]","[[-0.735512375831604, 5.071609973907471, -0.41982975602149963], [-0.781180739402771, 4.064624309539795, -0.38334643840789795], [-1.690869688987732, 4.409207820892334, -0.17856155335903168], [1.6176284551620483, 4.096442222595215, 0.938147783279419], [0.7538830041885376, 2.314903974533081, 0.5854530334472656], [0.30824869871139526, 4.73850679397583, 0.7172616720199585], [-0.5038958191871643, 3.150254726409912, 0.4329964220523834], [-0.7704256176948547, 2.14143443107605, -0.08076226711273193], [-1.3475202322006226, 4.6160688400268555, 0.7044112086296082], [0.5631309151649475, 2.9999711513519287, 0.12128958851099014], [2.097599744796753, 4.09572172164917, 0.3754720985889435], [1.4013367891311646, 5.146660327911377, 0.7831169962882996], [1.978013277053833, 5.114731311798096, 1.4492591619491577], [1.8719948530197144, 5.052525520324707, 0.8349053263664246], [0.9735420346260071, 3.477978229522705, 0.5639318823814392], [2.0338191986083984, 4.5210676193237305, 0.5370109677314758], [-1.2529512643814087, 3.0691990852355957, 0.6317134499549866], [0.6284419298171997, 5.218175411224365, 0.8114650249481201], [1.1839803457260132, 3.5905325412750244, 1.0190378427505493], [2.303736448287964, 6.15722131729126, 0.27828487753868103], [-0.15580470860004425, 2.233808755874634, 0.1942511945962906], [1.4308568239212036, 5.536146640777588, 1.6359635591506958], [-2.730193853378296, 3.8261094093322754, 0.4051784873008728], [-2.643998384475708, 3.590893030166626, -0.2406441867351532], [0.6671563982963562, 4.9510884284973145, 0.08018825948238373], [0.5833927989006042, 3.7820382118225098, 1.0432583093643188], [1.6244605779647827, 5.264101505279541, 1.0627230405807495], [-0.9142951965332031, 2.4783380031585693, 0.3966814875602722], [1.4849516153335571, 6.096251964569092, 1.4071844816207886], [1.7228246927261353, 2.317826509475708, 0.5801055431365967], [0.9429019689559937, 3.4945216178894043, 1.086828351020813], [-0.1251818686723709, 3.9142308235168457, 0.487517774105072], [-0.7530555725097656, 4.44417667388916, 0.6593567728996277], [2.0866427421569824, 5.712187767028809, 0.48485708236694336], [1.1964261531829834, 6.140233516693115, 0.10515481978654861], [0.9093790054321289, 4.313949108123779, 0.5192649364471436], [-1.434418797492981, 2.976118564605713, -0.5435752868652344], [-0.9702979922294617, 4.599729061126709, -0.38003405928611755], [0.0504140630364418, 3.844172477722168, 0.9141488671302795], [0.7296291589736938, 2.2370800971984863, 0.18609796464443207], [1.856259822845459, 1.7178242206573486, 0.7617976069450378], [0.12379542738199234, 4.747463226318359, 0.05897322669625282], [1.321882724761963, 5.829773902893066, 1.13059663772583], [1.8903381824493408, 2.692002058029175, 0.5670227408409119], [-2.464837074279785, 4.037117004394531, 0.5971192717552185], [0.4132384955883026, 2.2306692600250244, 0.46351492404937744], [-1.3945835828781128, 3.8312363624572754, 1.0456211566925049], [1.2765042781829834, 5.660760879516602, 0.28941968083381653], [0.9654010534286499, 0.9919740557670593, 0.44007304310798645], [1.7968621253967285, 3.468876361846924, 1.0605802536010742], [0.23832537233829498, 3.6462972164154053, 0.48138654232025146], [1.2931238412857056, 3.53771710395813, 0.7972477078437805], [0.9247138500213623, 3.581916570663452, 0.7817375659942627], [0.2728913426399231, 5.443265914916992, -0.1400608867406845], [0.8582029342651367, 4.764886379241943, 0.44744107127189636], [-0.7632195353507996, 5.471410274505615, 1.4391610622406006], [1.2469576597213745, 4.395224571228027, 1.1930838823318481], [0.9084689617156982, 2.7410616874694824, 0.50437331199646], [1.7741444110870361, 4.417745590209961, 0.8527701497077942], [-0.9890633225440979, 2.737027883529663, 0.4969906806945801], [0.6224063634872437, 3.3841347694396973, 0.07435598969459534], [0.21531108021736145, 1.8863191604614258, 0.6642800569534302], [-1.132378101348877, 4.613344192504883, 0.6494982838630676], [-0.14224176108837128, 3.0581369400024414, 0.7034266591072083], [1.798193335533142, 3.787522315979004, 0.46751636266708374], [-0.05047990381717682, 3.9298436641693115, 0.9450393319129944], [-0.09190124273300171, 3.927936315536499, 1.0433226823806763], [-0.5776119232177734, 3.100867509841919, 0.564811110496521], [-0.9895907044410706, 3.3452248573303223, 0.6578116416931152], [0.7728717923164368, 2.505786895751953, 0.4832989275455475], [-0.6541420221328735, 3.9293251037597656, 0.15746080875396729], [0.11874957382678986, 4.134964942932129, 0.41843512654304504], [-0.6581828594207764, 4.016554832458496, 0.644450843334198], [0.8666809797286987, 4.931448936462402, 0.09942346066236496], [0.4667784869670868, 4.105175495147705, 0.6162322163581848], [0.15165023505687714, 5.721107006072998, 1.0655454397201538], [-1.3837485313415527, 4.844825267791748, 0.725816011428833], [1.814736008644104, 5.7931904792785645, 1.9208221435546875], [1.311913013458252, 5.321564197540283, 1.7102584838867188], [1.6661698818206787, 6.099275588989258, 1.3275634050369263], [-0.01725850999355316, 4.645467281341553, -0.0787845328450203], [0.4716223478317261, 5.105075359344482, -0.0506548136472702], [0.33410578966140747, 3.262998580932617, 1.0585516691207886], [0.5564438700675964, 5.532858371734619, 1.3360780477523804], [0.036594752222299576, 4.307314872741699, 1.1208006143569946], [0.8937721848487854, 4.650120735168457, 0.9672383666038513], [-0.29389622807502747, 2.4829893112182617, -0.016923734918236732], [-1.3201606273651123, 4.948207378387451, -0.687322735786438], [0.1801232248544693, 2.5401113033294678, 0.28212225437164307]]"
2802,1.9672682119663947,0.17722877245577623,0.49181705299159867,-0.06369544653242794,-0.07047153932604701,0.8506941176636653,0.517006934584527,1.9679084321227047,0.17629550205859826,0.49162161627018086,-0.06440292720036084,-0.07028567663370225,0.8503659706844838,0.517484205101956,"[75, 95, 205, 229, 239, 242, 382, 424, 429, 467, 478, 490, 522, 557, 584, 625, 669, 693, 705, 789, 806, 1024, 1050, 1057, 1117, 1168, 1170, 1195, 1217, 1282, 1505, 1547, 1787, 1858, 1937, 1958, 2057, 2128, 2158, 2198, 2229, 2299, 2302, 2344, 2368, 2463, 2518, 2553, 2556, 2572, 2617, 2659, 2781, 3078, 3127, 3224, 3321, 3342, 3405, 3432, 3478, 3506, 3513, 3516, 3546, 3649, 3735, 3748, 4061, 4100, 4107, 4136, 4138, 4215, 4217, 4255, 4333, 4400, 4420, 4515, 4526, 4625, 4703, 4828, 4834, 4838, 4867, 4875]","[[0.05161706069666188, 5.66157184472882], [0.16555432066544162, 4.837611631288266], [0.2507806357062584, 5.631900220717888], [-0.4199929059404205, 3.8866471660760813], [-0.40658893575013294, 3.9575173524979066], [0.025834209855359332, 2.4577532018437176], [-0.13921440164591506, 4.855672734777465], [0.21050623676319197, 3.862212499800378], [0.4868276556066388, 3.4161956311934234], [0.1512000605098761, 5.540509420716096], [0.0013404399258879623, 3.1723574707039983], [-0.5020931490706528, 3.918746418700921], [-0.37117113731432777, 5.005347631068758], [-0.5105714867891908, 5.0257294983302625], [-0.46757639708136906, 4.8849192266578045], [-0.18834229698105515, 3.4442502058140207], [-0.4906858945244602, 4.3426526354445345], [0.34738403534360474, 4.3276348213225955], [-0.22927126572501239, 5.221607360610614], [-0.2803475334725745, 3.53829356045165], [-0.5221718288440655, 5.991775361614631], [0.331142588223389, 2.9673683554633015], [-0.4145971031317182, 5.503553803498377], [0.42541009826071036, 5.947867428286084], [0.46652680838443167, 5.781542680326698], [-0.1962381596028797, 4.961221668611334], [-0.13846301762119753, 3.897599205089421], [-0.4293722644943939, 5.12735972211162], [0.4118680204523469, 3.6854044159313264], [-0.37171127058461045, 2.152072384838166], [-0.21049378482915715, 3.5189148901104073], [0.029423552047943096, 4.280586857810282], [0.07934078473152788, 5.058959672477728], [-0.49215807530292377, 5.536224085891866], [-0.22734739486890046, 4.268071483512764], [0.43328848843744444, 4.522737157946874], [0.13307313227123674, 5.376133433982381], [-0.01802656056156307, 4.1549487988873], [0.08150308902962626, 2.4205409101673334], [-0.43467298651855363, 1.5654017890832874], [-0.0798895903089976, 4.944852235550684], [-0.38265196598310375, 5.722238760052647], [-0.4494058528927037, 2.514315120466492], [0.3665643418202982, 5.875381453506631], [0.1667297832978349, 2.5738095017579066], [-0.34523882659271826, 5.528936952060797], [0.4066098064620636, 1.290503631675775], [-0.45526852271860585, 3.342960715729495], [-0.017846121526488085, 3.87174275112581], [-0.29516189323212405, 3.438780442714723], [-0.1961713830688699, 3.5692636597285152], [-0.14395240311964522, 5.563938435446708], [-0.23863472576061762, 4.7159491266168425], [-0.33726045179104674, 4.332227362671758], [-0.08745743826413711, 2.7695717304476775], [-0.4452737303407577, 4.257446468256087], [0.37120698652544065, 3.906321649999025], [-0.06163359334323236, 3.500645559867173], [0.29966986614086993, 2.450759235306355], [0.12089812221187232, 5.412326415217427], [0.13626507532245108, 3.573698535544735], [-0.4261229797021583, 3.611666007164954], [-0.007857846139133887, 4.2822162592422135], [-0.00642440605221261, 4.311358490478587], [0.22707169400377675, 3.874009629165342], [0.2567664201519098, 4.332789180809966], [-0.008135078802198045, 2.6139702706841863], [0.14006180994545012, 4.586116545716003], [-0.3312200268980677, 2.469263725964436], [-0.039666077721090875, 4.364719503735152], [0.11123772195527075, 4.65082847624281], [-0.2354119680532527, 4.89402302064206], [-0.27328707562741583, 3.5887485578488727], [-0.12159820183878452, 4.203286199038271], [-0.18107051744384034, 5.859530569448505], [0.1314354560737405, 5.749350335074543], [-0.44987046888854015, 5.9873003561928995], [-0.041256841647758766, 4.918816912035672], [-0.16316297233380705, 5.17594725828441], [-0.0886500697937369, 3.7854790049694786], [-0.24738550967723635, 5.599366994697022], [-0.07154704698917927, 4.5995481213383815], [-0.26092690918176986, 4.622105087782464], [0.3143361060395788, 3.2687016766374497], [0.08004473433088484, 1.7437205251330694], [0.1567077780680675, 5.9092484031396015], [0.17594867656501054, 2.9673244506973244], [0.40978119112795847, 3.5362059840322906]]","[[-0.735512375831604, 5.071609973907471, -0.41982975602149963], [-0.781180739402771, 4.064624309539795, -0.38334643840789795], [-1.690869688987732, 4.409207820892334, -0.17856155335903168], [1.8264570236206055, 4.0445404052734375, 0.09593416750431061], [1.6176284551620483, 4.096442222595215, 0.938147783279419], [0.7538830041885376, 2.314903974533081, 0.5854530334472656], [0.30824869871139526, 4.73850679397583, 0.7172616720199585], [-0.5038958191871643, 3.150254726409912, 0.4329964220523834], [-0.7704256176948547, 2.14143443107605, -0.08076226711273193], [-1.3475202322006226, 4.6160688400268555, 0.7044112086296082], [0.5631309151649475, 2.9999711513519287, 0.12128958851099014], [2.097599744796753, 4.09572172164917, 0.3754720985889435], [1.4013367891311646, 5.146660327911377, 0.7831169962882996], [1.978013277053833, 5.114731311798096, 1.4492591619491577], [1.8719948530197144, 5.052525520324707, 0.8349053263664246], [0.9735420346260071, 3.477978229522705, 0.5639318823814392], [2.0338191986083984, 4.5210676193237305, 0.5370109677314758], [-1.2529512643814087, 3.0691990852355957, 0.6317134499549866], [0.6284419298171997, 5.218175411224365, 0.8114650249481201], [1.1839803457260132, 3.5905325412750244, 1.0190378427505493], [2.303736448287964, 6.15722131729126, 0.27828487753868103], [-0.15580470860004425, 2.233808755874634, 0.1942511945962906], [1.4308568239212036, 5.536146640777588, 1.6359635591506958], [-2.730193853378296, 3.8261094093322754, 0.4051784873008728], [-2.643998384475708, 3.590893030166626, -0.2406441867351532], [0.6671563982963562, 4.9510884284973145, 0.08018825948238373], [0.5833927989006042, 3.7820382118225098, 1.0432583093643188], [1.6244605779647827, 5.264101505279541, 1.0627230405807495], [-0.9142951965332031, 2.4783380031585693, 0.3966814875602722], [1.7228246927261353, 2.317826509475708, 0.5801055431365967], [0.9429019689559937, 3.4945216178894043, 1.086828351020813], [-0.1251818686723709, 3.9142308235168457, 0.487517774105072], [-0.7530555725097656, 4.44417667388916, 0.6593567728996277], [2.0866427421569824, 5.712187767028809, 0.48485708236694336], [0.9093790054321289, 4.313949108123779, 0.5192649364471436], [-1.434418797492981, 2.976118564605713, -0.5435752868652344], [-0.9702979922294617, 4.599729061126709, -0.38003405928611755], [0.0504140630364418, 3.844172477722168, 0.9141488671302795], [0.7296291589736938, 2.2370800971984863, 0.18609796464443207], [1.856259822845459, 1.7178242206573486, 0.7617976069450378], [0.12379542738199234, 4.747463226318359, 0.05897322669625282], [1.321882724761963, 5.829773902893066, 1.13059663772583], [1.8903381824493408, 2.692002058029175, 0.5670227408409119], [-2.464837074279785, 4.037117004394531, 0.5971192717552185], [0.4132384955883026, 2.2306692600250244, 0.46351492404937744], [1.2765042781829834, 5.660760879516602, 0.28941968083381653], [0.9654010534286499, 0.9919740557670593, 0.44007304310798645], [1.7968621253967285, 3.468876361846924, 1.0605802536010742], [0.23832537233829498, 3.6462972164154053, 0.48138654232025146], [1.2931238412857056, 3.53771710395813, 0.7972477078437805], [0.9247138500213623, 3.581916570663452, 0.7817375659942627], [0.2728913426399231, 5.443265914916992, -0.1400608867406845], [0.8582029342651367, 4.764886379241943, 0.44744107127189636], [1.2469576597213745, 4.395224571228027, 1.1930838823318481], [0.9084689617156982, 2.7410616874694824, 0.50437331199646], [1.7741444110870361, 4.417745590209961, 0.8527701497077942], [-0.9890633225440979, 2.737027883529663, 0.4969906806945801], [0.6224063634872437, 3.3841347694396973, 0.07435598969459534], [0.21531108021736145, 1.8863191604614258, 0.6642800569534302], [-1.132378101348877, 4.613344192504883, 0.6494982838630676], [-0.14224176108837128, 3.0581369400024414, 0.7034266591072083], [1.798193335533142, 3.787522315979004, 0.46751636266708374], [-0.05047990381717682, 3.9298436641693115, 0.9450393319129944], [-0.09190124273300171, 3.927936315536499, 1.0433226823806763], [-0.5776119232177734, 3.100867509841919, 0.564811110496521], [-0.9895907044410706, 3.3452248573303223, 0.6578116416931152], [0.7728717923164368, 2.505786895751953, 0.4832989275455475], [-0.6541420221328735, 3.9293251037597656, 0.15746080875396729], [1.6791714429855347, 2.608917236328125, 0.1538100242614746], [0.11874957382678986, 4.134964942932129, 0.41843512654304504], [-0.6581828594207764, 4.016554832458496, 0.644450843334198], [0.8666809797286987, 4.931448936462402, 0.09942346066236496], [1.3445065021514893, 3.680060386657715, -0.0017258523730561137], [0.4667784869670868, 4.105175495147705, 0.6162322163581848], [0.15165023505687714, 5.721107006072998, 1.0655454397201538], [-1.3837485313415527, 4.844825267791748, 0.725816011428833], [1.6661698818206787, 6.099275588989258, 1.3275634050369263], [-0.01725850999355316, 4.645467281341553, -0.0787845328450203], [0.4716223478317261, 5.105075359344482, -0.0506548136472702], [0.650888979434967, 3.676102876663208, -0.11362805217504501], [0.5564438700675964, 5.532858371734619, 1.3360780477523804], [0.036594752222299576, 4.307314872741699, 1.1208006143569946], [0.8937721848487854, 4.650120735168457, 0.9672383666038513], [-0.29389622807502747, 2.4829893112182617, -0.016923734918236732], [1.107205867767334, 1.6583598852157593, 0.1472223699092865], [-1.3201606273651123, 4.948207378387451, -0.687322735786438], [0.1801232248544693, 2.5401113033294678, 0.28212225437164307], [-0.6076949834823608, 2.428687334060669, -0.4173581302165985]]"
2804,1.9822927565217865,0.1315981772902372,0.4955731891304466,-0.0672320086628588,-0.04967917525571847,0.8515276906672762,0.5176025778374032,1.9818229680896913,0.13219111007367876,0.4954605915484661,-0.06645424334447494,-0.04990281065071238,0.8518358869190571,0.5171742112552554,"[75, 95, 205, 229, 239, 242, 382, 424, 429, 467, 478, 490, 522, 557, 584, 625, 669, 693, 705, 789, 1024, 1057, 1117, 1168, 1195, 1217, 1282, 1442, 1547, 1589, 1629, 1632, 1787, 1858, 1896, 1937, 1958, 2057, 2128, 2158, 2198, 2229, 2299, 2302, 2344, 2368, 2429, 2463, 2518, 2553, 2556, 2572, 2617, 2659, 2750, 2781, 2846, 3078, 3127, 3224, 3321, 3342, 3405, 3432, 3478, 3506, 3513, 3546, 3549, 3649, 3735, 3748, 4061, 4100, 4107, 4136, 4138, 4191, 4215, 4217, 4255, 4322, 4400, 4420, 4515, 4526, 4662, 4703, 4828, 4834, 4838, 4854, 4867, 4875]","[[0.04542619749740465, 5.707746126124825], [0.155022882833376, 4.883403797577885], [0.23921125242244043, 5.675219679812839], [-0.42002234436401686, 3.93339849418586], [-0.40629233279898147, 4.004069914657177], [0.023386384320366636, 2.5025210983516915], [-0.14114633660799691, 4.905084808448304], [0.206886774306611, 3.90936116925645], [0.47443575090818924, 3.4548586377365074], [0.14900450813142807, 5.587740336695857], [-0.004057127855979625, 3.220567794174623], [-0.502559450111384, 3.9649512134978218], [-0.3743369405927484, 5.053797901571096], [-0.507950183379116, 5.07203743564866], [-0.46793687101423187, 4.9308683435835485], [-0.19231675016839045, 3.4916185943674063], [-0.490600934301464, 4.386260630380088], [0.3443873984581211, 4.368879638002719], [-0.22961776610574597, 5.269253680748261], [-0.27952559692463835, 3.5861419848907694], [0.3222096062535989, 3.0109195394379062], [0.4212293403183215, 5.987809891269249], [0.4590150497043998, 5.819383516211604], [-0.19898377277090662, 5.010249751640718], [-0.42701963146242666, 5.174092596751], [0.40912167117758963, 3.726682018350675], [-0.36837539837708827, 2.199615690349716], [0.2766240440739432, 5.045212160955805], [0.024779576277450505, 4.326758888201635], [-0.3904285009565189, 5.982147801044416], [-0.24019846682355042, 4.65309227086318], [0.20158923034183376, 5.620769011401509], [0.07703129789275798, 5.106065303024537], [-0.49486784492562047, 5.57818260978257], [-0.5104886923091168, 5.39423931624816], [-0.23196951364291057, 4.314022451541766], [0.4188457293256525, 4.563071616440196], [0.12379046902308778, 5.423551568066094], [-0.017993325059787783, 4.20114457076139], [0.0731727342431625, 2.4674511174749605], [-0.42785266227089264, 1.609067956155475], [-0.08399636986122518, 4.991752165940147], [-0.3827117342675214, 5.76855149178932], [-0.4468397240318128, 2.5605060014963343], [0.36222312294433145, 5.918597723823206], [0.15727084009450285, 2.6182817120152557], [0.5108103462328047, 5.897266201175081], [-0.346213878990803, 5.574903202141666], [0.3881253164968693, 1.3295104969775233], [-0.4501161384257423, 3.3864099557391083], [-0.024586133482553642, 3.9233072235136013], [-0.29283025435563304, 3.4832636970701767], [-0.19663042419349636, 3.6177435159586175], [-0.15045996639069276, 5.613388883601246], [-0.054931393438559795, 5.602659580863798], [-0.23969842012123024, 4.764213521775902], [-0.4043966450165139, 5.387298035995539], [-0.33536666499367646, 4.377812441795511], [-0.09299582043954231, 2.820129094094231], [-0.443372100260782, 4.30291489998544], [0.36675558781540757, 3.9495152998545997], [-0.06715929551714181, 3.5477195098986307], [0.2948837498106476, 2.4944667248912387], [0.1183276892116383, 5.457103561796173], [0.13619297748735207, 3.619788960770759], [-0.42577074352082295, 3.6579078540881165], [-0.00822644607365738, 4.328743618789453], [0.2249193224638232, 3.9166222000320703], [0.1396293523570339, 5.039041234249644], [0.2550137865941628, 4.378525168845723], [-0.01148555743145928, 2.6607868478176364], [0.13416906496592096, 4.632782474617224], [-0.33401637349407104, 2.516386309086055], [-0.04594416850338199, 4.4131634412707195], [0.10793654005018105, 4.698393899159414], [-0.237795761050253, 4.940017888877004], [-0.27857713958858554, 3.638351768193911], [0.5139454937515591, 4.61318737140479], [-0.12231412133233222, 4.251863231247596], [-0.1808807192112589, 5.905417287506662], [0.1292641276033168, 5.794734818594249], [0.3377307624457832, 4.123994790586334], [-0.04699612931490322, 4.968516374711231], [-0.1677449150227537, 5.221061141363096], [-0.09562048411583103, 3.83296462059886], [-0.24770498643231187, 5.646134953067991], [0.2919928581141279, 5.442173897731739], [-0.2610388930318103, 4.667451380764344], [0.3043264955408753, 3.3092519796940776], [0.06646047081259422, 1.7914906404332789], [0.1456556700714257, 5.956881607239061], [-0.5125219478448633, 5.509195733601898], [0.16832946235312327, 3.0111142927636965], [0.39379525151811834, 3.5776281891359734]]","[[-0.735512375831604, 5.071609973907471, -0.41982975602149963], [-0.781180739402771, 4.064624309539795, -0.38334643840789795], [-1.690869688987732, 4.409207820892334, -0.17856155335903168], [1.8264570236206055, 4.0445404052734375, 0.09593416750431061], [1.6176284551620483, 4.096442222595215, 0.938147783279419], [0.7538830041885376, 2.314903974533081, 0.5854530334472656], [0.30824869871139526, 4.73850679397583, 0.7172616720199585], [-0.5038958191871643, 3.150254726409912, 0.4329964220523834], [-0.7704256176948547, 2.14143443107605, -0.08076226711273193], [-1.3475202322006226, 4.6160688400268555, 0.7044112086296082], [0.5631309151649475, 2.9999711513519287, 0.12128958851099014], [2.097599744796753, 4.09572172164917, 0.3754720985889435], [1.4013367891311646, 5.146660327911377, 0.7831169962882996], [1.978013277053833, 5.114731311798096, 1.4492591619491577], [1.8719948530197144, 5.052525520324707, 0.8349053263664246], [0.9735420346260071, 3.477978229522705, 0.5639318823814392], [2.0338191986083984, 4.5210676193237305, 0.5370109677314758], [-1.2529512643814087, 3.0691990852355957, 0.6317134499549866], [0.6284419298171997, 5.218175411224365, 0.8114650249481201], [1.1839803457260132, 3.5905325412750244, 1.0190378427505493], [-0.15580470860004425, 2.233808755874634, 0.1942511945962906], [-2.730193853378296, 3.8261094093322754, 0.4051784873008728], [-2.643998384475708, 3.590893030166626, -0.2406441867351532], [0.6671563982963562, 4.9510884284973145, 0.08018825948238373], [1.6244605779647827, 5.264101505279541, 1.0627230405807495], [-0.9142951965332031, 2.4783380031585693, 0.3966814875602722], [1.7228246927261353, 2.317826509475708, 0.5801055431365967], [-1.2429896593093872, 3.776762008666992, -0.8402048349380493], [-0.1251818686723709, 3.9142308235168457, 0.487517774105072], [1.6119093894958496, 6.039199352264404, -0.3803015649318695], [1.0243852138519287, 4.614221096038818, -0.3322118818759918], [-1.3120083808898926, 4.4540181159973145, -0.9510701298713684], [-0.7530555725097656, 4.44417667388916, 0.6593567728996277], [2.0866427421569824, 5.712187767028809, 0.48485708236694336], [2.2696025371551514, 5.486732482910156, -0.12071239203214645], [0.9093790054321289, 4.313949108123779, 0.5192649364471436], [-1.434418797492981, 2.976118564605713, -0.5435752868652344], [-0.9702979922294617, 4.599729061126709, -0.38003405928611755], [0.0504140630364418, 3.844172477722168, 0.9141488671302795], [0.7296291589736938, 2.2370800971984863, 0.18609796464443207], [1.856259822845459, 1.7178242206573486, 0.7617976069450378], [0.12379542738199234, 4.747463226318359, 0.05897322669625282], [1.321882724761963, 5.829773902893066, 1.13059663772583], [1.8903381824493408, 2.692002058029175, 0.5670227408409119], [-2.464837074279785, 4.037117004394531, 0.5971192717552185], [0.4132384955883026, 2.2306692600250244, 0.46351492404937744], [-2.7098276615142822, 3.3619799613952637, -1.043226957321167], [1.2765042781829834, 5.660760879516602, 0.28941968083381653], [0.9654010534286499, 0.9919740557670593, 0.44007304310798645], [1.7968621253967285, 3.468876361846924, 1.0605802536010742], [0.23832537233829498, 3.6462972164154053, 0.48138654232025146], [1.2931238412857056, 3.53771710395813, 0.7972477078437805], [0.9247138500213623, 3.581916570663452, 0.7817375659942627], [0.2728913426399231, 5.443265914916992, -0.1400608867406845], [-0.09902448207139969, 5.187546253204346, -0.7424336671829224], [0.8582029342651367, 4.764886379241943, 0.44744107127189636], [1.7300890684127808, 5.448585510253906, -0.3523448407649994], [1.2469576597213745, 4.395224571228027, 1.1930838823318481], [0.9084689617156982, 2.7410616874694824, 0.50437331199646], [1.7741444110870361, 4.417745590209961, 0.8527701497077942], [-0.9890633225440979, 2.737027883529663, 0.4969906806945801], [0.6224063634872437, 3.3841347694396973, 0.07435598969459534], [0.21531108021736145, 1.8863191604614258, 0.6642800569534302], [-1.132378101348877, 4.613344192504883, 0.6494982838630676], [-0.14224176108837128, 3.0581369400024414, 0.7034266591072083], [1.798193335533142, 3.787522315979004, 0.46751636266708374], [-0.05047990381717682, 3.9298436641693115, 0.9450393319129944], [-0.5776119232177734, 3.100867509841919, 0.564811110496521], [-0.7489219307899475, 4.207465648651123, -0.6649905443191528], [-0.9895907044410706, 3.3452248573303223, 0.6578116416931152], [0.7728717923164368, 2.505786895751953, 0.4832989275455475], [-0.6541420221328735, 3.9293251037597656, 0.15746080875396729], [1.6791714429855347, 2.608917236328125, 0.1538100242614746], [0.11874957382678986, 4.134964942932129, 0.41843512654304504], [-0.6581828594207764, 4.016554832458496, 0.644450843334198], [0.8666809797286987, 4.931448936462402, 0.09942346066236496], [1.3445065021514893, 3.680060386657715, -0.0017258523730561137], [-1.8155769109725952, 2.661280870437622, -0.19078916311264038], [0.4667784869670868, 4.105175495147705, 0.6162322163581848], [0.15165023505687714, 5.721107006072998, 1.0655454397201538], [-1.3837485313415527, 4.844825267791748, 0.725816011428833], [-0.8299883008003235, 2.935978412628174, -0.6277530789375305], [-0.01725850999355316, 4.645467281341553, -0.0787845328450203], [0.4716223478317261, 5.105075359344482, -0.0506548136472702], [0.650888979434967, 3.676102876663208, -0.11362805217504501], [0.5564438700675964, 5.532858371734619, 1.3360780477523804], [-1.5445491075515747, 4.010852336883545, -0.9767881631851196], [0.8937721848487854, 4.650120735168457, 0.9672383666038513], [-0.29389622807502747, 2.4829893112182617, -0.016923734918236732], [1.107205867767334, 1.6583598852157593, 0.1472223699092865], [-1.3201606273651123, 4.948207378387451, -0.687322735786438], [2.3035244941711426, 5.582573413848877, -0.2522464692592621], [0.1801232248544693, 2.5401113033294678, 0.28212225437164307], [-0.6076949834823608, 2.428687334060669, -0.4173581302165985]]"
2806,1.9927509754016912,0.08475570447386083,0.4981877438504228,-0.06394502409606996,-0.023787343786578624,0.8517206891180661,0.5195354308391096,1.9936946592124587,0.08430995330577347,0.4984610341506657,-0.06364143853752889,-0.024207963991502095,0.8515190162647093,0.5198837434656345,"[75, 95, 168, 205, 229, 239, 242, 382, 424, 429, 467, 478, 490, 522, 584, 625, 669, 693, 705, 1024, 1117, 1168, 1195, 1217, 1282, 1344, 1442, 1547, 1629, 1632, 1787, 1858, 1896, 1937, 1958, 2004, 2057, 2158, 2229, 2299, 2302, 2344, 2368, 2429, 2463, 2518, 2527, 2541, 2556, 2572, 2617, 2659, 2750, 2781, 2846, 3127, 3224, 3321, 3342, 3432, 3478, 3506, 3546, 3549, 3649, 3735, 3748, 4061, 4100, 4107, 4136, 4138, 4191, 4215, 4216, 4217, 4255, 4322, 4400, 4420, 4515, 4662, 4703, 4828, 4834, 4854, 4867, 4875]","[[0.03742809884490618, 5.7547739828963245], [0.14598519776805752, 4.926472929657631], [-0.42656968822079266, 1.7076343343857048], [0.2366239746617768, 5.716345577878202], [-0.4224656218497003, 3.982262163385009], [-0.3988060961971364, 4.049735042304209], [0.020989065750966908, 2.548899389099128], [-0.13845184293618165, 4.951051534040237], [0.20564583647424003, 3.951769923094486], [0.4638439590846307, 3.4886728908576576], [0.150934376233906, 5.630048754293941], [-0.011172449169854022, 3.2677057348828313], [-0.4978600793587126, 4.0103249112595085], [-0.36783243416363115, 5.102774458875122], [-0.4622889401475924, 4.9773617425557495], [-0.18926759417148326, 3.5403075339872903], [-0.48869676829740366, 4.433332132771203], [0.3453369847556092, 4.4072010060303315], [-0.2279152162680757, 5.317971197981318], [0.3139811515184726, 3.0536413748244193], [0.45221262244535887, 5.858772542346079], [-0.2031314476738108, 5.057400600879238], [-0.42343567158742174, 5.219064143965155], [0.4050243760404033, 3.767328484902791], [-0.36363083807418356, 2.246930640239508], [-0.23065438031755986, 4.770537392109124], [0.2629563774426975, 5.0857036260891615], [0.02707438347988904, 4.373242711275785], [-0.24360890084104758, 4.702971049621075], [0.19062158223956796, 5.66314458224897], [0.07829908097992337, 5.152048221429699], [-0.49332056876499886, 5.62397938171998], [-0.5138222780083584, 5.441870831688876], [-0.22874597637037655, 4.364199277887605], [0.40691910884267407, 4.600855179052158], [0.0706596447082444, 5.2927555810385325], [0.11697644315970288, 5.469228587957293], [0.06463880615300806, 2.5125839298098596], [-0.08869322375747075, 5.0409957750725445], [-0.37550881073254927, 5.815599898677409], [-0.44377390044981807, 2.606328162266332], [0.3636273792669217, 5.957590780802484], [0.15626756621158847, 2.662889870248271], [0.4978001474400103, 5.934627679105008], [-0.3457334884756985, 5.622677736214685], [0.37304508845830786, 1.37029108061631], [0.04547547668022651, 2.2243897304994595], [-0.3372375914967936, 3.3737444549586844], [-0.0217342636814359, 3.9679633550812823], [-0.2890595691185101, 3.531261992233031], [-0.19461283748612693, 3.665319373004695], [-0.1561345828886685, 5.660937407396566], [-0.06499588092319865, 5.649803563451589], [-0.2395777364335948, 4.813727168482738], [-0.4073330624515336, 5.4344702619640435], [-0.09404760968982384, 2.867197228640366], [-0.4392613797653443, 4.351192463614031], [0.36365355230091656, 3.9870605057460606], [-0.07156389395068509, 3.594933139175112], [0.12077380957811638, 5.500559732241949], [0.14028263965536866, 3.665178638533492], [-0.42393072407850535, 3.704929309593613], [0.22225601661939545, 3.9625547979473987], [0.13086454771012768, 5.082433781170996], [0.25739654436942466, 4.418817759110844], [-0.012098885322450006, 2.7081754624873935], [0.13099003652982338, 4.678898277052543], [-0.33793321861242076, 2.561843084841575], [-0.04415228313099819, 4.460756695025887], [0.10939959638196013, 4.741146685115274], [-0.2405612662631794, 4.9895579586386765], [-0.28322643880170645, 3.6857718457203985], [0.5054532246031734, 4.645355698511363], [-0.12191434254470596, 4.300039873097962], [-0.1579638622704865, 4.222843095307876], [-0.17587048841888359, 5.9529676616745375], [0.1336409615250106, 5.839259691632975], [0.3230035360425682, 4.164902360967162], [-0.05174997497365411, 5.014840747963864], [-0.1730210427019649, 5.26883934894592], [-0.10411272346849285, 3.879707943458453], [0.2756678725194322, 5.483278457403919], [-0.2546503712197191, 4.7153194597316315], [0.2957385667931343, 3.350744984627087], [0.05517425890917005, 1.8364172952940705], [-0.5139895692898269, 5.555461837206145], [0.1644196275238999, 3.0571861055066187], [0.3769691792043232, 3.6151832952338854]]","[[-0.735512375831604, 5.071609973907471, -0.41982975602149963], [-0.781180739402771, 4.064624309539795, -0.38334643840789795], [1.9507211446762085, 1.7600117921829224, 0.1543455868959427], [-1.690869688987732, 4.409207820892334, -0.17856155335903168], [1.8264570236206055, 4.0445404052734375, 0.09593416750431061], [1.6176284551620483, 4.096442222595215, 0.938147783279419], [0.7538830041885376, 2.314903974533081, 0.5854530334472656], [0.30824869871139526, 4.73850679397583, 0.7172616720199585], [-0.5038958191871643, 3.150254726409912, 0.4329964220523834], [-0.7704256176948547, 2.14143443107605, -0.08076226711273193], [-1.3475202322006226, 4.6160688400268555, 0.7044112086296082], [0.5631309151649475, 2.9999711513519287, 0.12128958851099014], [2.097599744796753, 4.09572172164917, 0.3754720985889435], [1.4013367891311646, 5.146660327911377, 0.7831169962882996], [1.8719948530197144, 5.052525520324707, 0.8349053263664246], [0.9735420346260071, 3.477978229522705, 0.5639318823814392], [2.0338191986083984, 4.5210676193237305, 0.5370109677314758], [-1.2529512643814087, 3.0691990852355957, 0.6317134499549866], [0.6284419298171997, 5.218175411224365, 0.8114650249481201], [-0.15580470860004425, 2.233808755874634, 0.1942511945962906], [-2.643998384475708, 3.590893030166626, -0.2406441867351532], [0.6671563982963562, 4.9510884284973145, 0.08018825948238373], [1.6244605779647827, 5.264101505279541, 1.0627230405807495], [-0.9142951965332031, 2.4783380031585693, 0.3966814875602722], [1.7228246927261353, 2.317826509475708, 0.5801055431365967], [0.9604702591896057, 4.650146961212158, -0.4360598027706146], [-1.2429896593093872, 3.776762008666992, -0.8402048349380493], [-0.1251818686723709, 3.9142308235168457, 0.487517774105072], [1.0243852138519287, 4.614221096038818, -0.3322118818759918], [-1.3120083808898926, 4.4540181159973145, -0.9510701298713684], [-0.7530555725097656, 4.44417667388916, 0.6593567728996277], [2.0866427421569824, 5.712187767028809, 0.48485708236694336], [2.2696025371551514, 5.486732482910156, -0.12071239203214645], [0.9093790054321289, 4.313949108123779, 0.5192649364471436], [-1.434418797492981, 2.976118564605713, -0.5435752868652344], [-0.5687529444694519, 4.522246837615967, -0.841819167137146], [-0.9702979922294617, 4.599729061126709, -0.38003405928611755], [0.7296291589736938, 2.2370800971984863, 0.18609796464443207], [0.12379542738199234, 4.747463226318359, 0.05897322669625282], [1.321882724761963, 5.829773902893066, 1.13059663772583], [1.8903381824493408, 2.692002058029175, 0.5670227408409119], [-2.464837074279785, 4.037117004394531, 0.5971192717552185], [0.4132384955883026, 2.2306692600250244, 0.46351492404937744], [-2.7098276615142822, 3.3619799613952637, -1.043226957321167], [1.2765042781829834, 5.660760879516602, 0.28941968083381653], [0.9654010534286499, 0.9919740557670593, 0.44007304310798645], [0.9547919034957886, 1.9833277463912964, -0.03672834113240242], [1.6238069534301758, 3.367189884185791, -0.2100205272436142], [0.23832537233829498, 3.6462972164154053, 0.48138654232025146], [1.2931238412857056, 3.53771710395813, 0.7972477078437805], [0.9247138500213623, 3.581916570663452, 0.7817375659942627], [0.2728913426399231, 5.443265914916992, -0.1400608867406845], [-0.09902448207139969, 5.187546253204346, -0.7424336671829224], [0.8582029342651367, 4.764886379241943, 0.44744107127189636], [1.7300890684127808, 5.448585510253906, -0.3523448407649994], [0.9084689617156982, 2.7410616874694824, 0.50437331199646], [1.7741444110870361, 4.417745590209961, 0.8527701497077942], [-0.9890633225440979, 2.737027883529663, 0.4969906806945801], [0.6224063634872437, 3.3841347694396973, 0.07435598969459534], [-1.132378101348877, 4.613344192504883, 0.6494982838630676], [-0.14224176108837128, 3.0581369400024414, 0.7034266591072083], [1.798193335533142, 3.787522315979004, 0.46751636266708374], [-0.5776119232177734, 3.100867509841919, 0.564811110496521], [-0.7489219307899475, 4.207465648651123, -0.6649905443191528], [-0.9895907044410706, 3.3452248573303223, 0.6578116416931152], [0.7728717923164368, 2.505786895751953, 0.4832989275455475], [-0.6541420221328735, 3.9293251037597656, 0.15746080875396729], [1.6791714429855347, 2.608917236328125, 0.1538100242614746], [0.11874957382678986, 4.134964942932129, 0.41843512654304504], [-0.6581828594207764, 4.016554832458496, 0.644450843334198], [0.8666809797286987, 4.931448936462402, 0.09942346066236496], [1.3445065021514893, 3.680060386657715, -0.0017258523730561137], [-1.8155769109725952, 2.661280870437622, -0.19078916311264038], [0.4667784869670868, 4.105175495147705, 0.6162322163581848], [0.7970044016838074, 4.040553092956543, -0.3839561641216278], [0.15165023505687714, 5.721107006072998, 1.0655454397201538], [-1.3837485313415527, 4.844825267791748, 0.725816011428833], [-0.8299883008003235, 2.935978412628174, -0.6277530789375305], [-0.01725850999355316, 4.645467281341553, -0.0787845328450203], [0.4716223478317261, 5.105075359344482, -0.0506548136472702], [0.650888979434967, 3.676102876663208, -0.11362805217504501], [-1.5445491075515747, 4.010852336883545, -0.9767881631851196], [0.8937721848487854, 4.650120735168457, 0.9672383666038513], [-0.29389622807502747, 2.4829893112182617, -0.016923734918236732], [1.107205867767334, 1.6583598852157593, 0.1472223699092865], [2.3035244941711426, 5.582573413848877, -0.2522464692592621], [0.1801232248544693, 2.5401113033294678, 0.28212225437164307], [-0.6076949834823608, 2.428687334060669, -0.4173581302165985]]"
2808,1.9986187774958357,0.037132722792180654,0.49965469437395893,-0.054090190135973396,0.00453666598625295,0.8509268115183038,0.5224722302975319,1.9995517579389057,0.03598409227398526,0.5012088661837498,-0.05412930417819478,0.004463468887542018,0.8509596402723476,0.5224153390763245,"[75, 95, 168, 205, 229, 242, 382, 424, 429, 467, 478, 490, 522, 584, 625, 669, 693, 705, 1024, 1117, 1168, 1217, 1282, 1344, 1442, 1503, 1547, 1629, 1632, 1787, 1858, 1896, 1937, 1958, 2004, 2057, 2158, 2229, 2302, 2344, 2368, 2429, 2463, 2518, 2527, 2541, 2556, 2572, 2617, 2659, 2750, 2781, 2843, 2846, 2938, 3127, 3182, 3224, 3321, 3342, 3405, 3432, 3478, 3504, 3506, 3546, 3549, 3566, 3649, 3735, 3748, 4007, 4061, 4100, 4107, 4136, 4138, 4191, 4215, 4216, 4255, 4322, 4400, 4420, 4515, 4662, 4828, 4834, 4854, 4867, 4875]","[[0.03343133103718834, 5.797708611695987], [0.1393646028523456, 4.970501525254631], [-0.4282697089356818, 1.7556666988084935], [0.23505171255701623, 5.760089457644405], [-0.42198306120868456, 4.028239575810667], [0.025974139127169883, 2.595160591598529], [-0.12897287817634973, 4.9984307426452474], [0.2063835923790713, 3.9932497985628963], [0.4535964494131912, 3.52458405327159], [0.1576604392274755, 5.671389973151545], [-0.014489809212215562, 3.3120275280693856], [-0.4943488830970707, 4.058624511818423], [-0.36184159915034714, 5.149946828806685], [-0.4536836358944454, 5.026976247300094], [-0.1827722295366839, 3.588372124186243], [-0.4835543616098563, 4.482387171200133], [0.3489917430442935, 4.445254843669878], [-0.21983870213999843, 5.366467409312018], [0.3064277236852464, 3.0892865767397524], [0.44835740202146496, 5.893051725008633], [-0.2042918218195745, 5.107078018246134], [0.4031324406840912, 3.799352971072989], [-0.3565886533904279, 2.2971092195065603], [-0.23825411303514404, 4.818655540375914], [0.24974423035140378, 5.12583493160169], [-0.43158557274328446, 5.34604366427243], [0.0279322008541563, 4.419230098699648], [-0.2488464341757536, 4.749900381117885], [0.18154104529120824, 5.705096519602435], [0.08574703108092237, 5.196315979004126], [-0.4876180650613003, 5.6738101017988605], [-0.510506195290005, 5.489119616550049], [-0.22429621678535117, 4.412160262927301], [0.3933304202927544, 4.636224646188459], [0.05920404087058882, 5.3346580920200015], [0.10998661885781946, 5.512417670241588], [0.056805596022130055, 2.5568804668262417], [-0.0901255590433865, 5.085839147833908], [-0.4371167359656521, 2.6554030036236207], [0.368459850509534, 5.991223337505883], [0.15483757660856828, 2.7041265810129524], [0.4864699308267388, 5.96565164989071], [-0.3428303319335507, 5.670508551863747], [0.3572869257634922, 1.4045888550462813], [0.031942712661968964, 2.270448008852237], [-0.34408889521162234, 3.422808316728038], [-0.019023005449991023, 4.012860723136584], [-0.2792146483477403, 3.5797104989755355], [-0.18495350334304134, 3.7121338825175982], [-0.15673760732204897, 5.707766376335035], [-0.07291990403908928, 5.695933220627083], [-0.23612356918529773, 4.860540257599115], [-0.5210410067381441, 5.99467044591963], [-0.40991341446803825, 5.482001957217142], [-0.3455119053577612, 5.054031721829002], [-0.0898119397650421, 2.9117335566200806], [-0.4248819328971993, 4.15632088115395], [-0.4292134885991698, 4.397349858077149], [0.3663127453887474, 4.02564600504914], [-0.07615828942994261, 3.639980175579788], [0.2967931486678952, 2.5719707181283824], [0.12813411863004684, 5.545532285224299], [0.14309288780839852, 3.7064567411419027], [-0.5203927266539776, 5.107916528237596], [-0.41937380680300185, 3.7522546900968603], [0.2275735588030563, 3.9999108561516916], [0.11905012175307392, 5.127578626029004], [-0.020750750639319297, 3.435378489194583], [0.2635580419590573, 4.457965074970848], [-0.010290293665072964, 2.753175242976101], [0.1293480384274231, 4.720491085811376], [-0.3192550022476572, 5.77784975789564], [-0.33726540401137695, 2.611875731777092], [-0.039416309092421935, 4.506256060130602], [0.11488029303103812, 4.784629529637165], [-0.24019923659049577, 5.036729820080369], [-0.28453329323266846, 3.7314156849135927], [0.49857105409080693, 4.6786788787674], [-0.11379907620208914, 4.3449790853607455], [-0.1667679476034224, 4.268555499263807], [0.13941898239651374, 5.881084217627414], [0.3080781327230065, 4.201511110544731], [-0.05333407054439627, 5.059142129127651], [-0.17312759324964969, 5.319005095343098], [-0.10852481259813163, 3.926268512724652], [0.26510509653596087, 5.522091852757263], [0.2842434193749717, 3.3891636300539], [0.040683448984744824, 1.882057012303688], [-0.5147465840890487, 5.601353538648059], [0.16072826504728088, 3.0983820639524025], [0.36205866850340207, 3.650646600451514]]","[[-0.735512375831604, 5.071609973907471, -0.41982975602149963], [-0.781180739402771, 4.064624309539795, -0.38334643840789795], [1.9507211446762085, 1.7600117921829224, 0.1543455868959427], [-1.690869688987732, 4.409207820892334, -0.17856155335903168], [1.8264570236206055, 4.0445404052734375, 0.09593416750431061], [0.7538830041885376, 2.314903974533081, 0.5854530334472656], [0.30824869871139526, 4.73850679397583, 0.7172616720199585], [-0.5038958191871643, 3.150254726409912, 0.4329964220523834], [-0.7704256176948547, 2.14143443107605, -0.08076226711273193], [-1.3475202322006226, 4.6160688400268555, 0.7044112086296082], [0.5631309151649475, 2.9999711513519287, 0.12128958851099014], [2.097599744796753, 4.09572172164917, 0.3754720985889435], [1.4013367891311646, 5.146660327911377, 0.7831169962882996], [1.8719948530197144, 5.052525520324707, 0.8349053263664246], [0.9735420346260071, 3.477978229522705, 0.5639318823814392], [2.0338191986083984, 4.5210676193237305, 0.5370109677314758], [-1.2529512643814087, 3.0691990852355957, 0.6317134499549866], [0.6284419298171997, 5.218175411224365, 0.8114650249481201], [-0.15580470860004425, 2.233808755874634, 0.1942511945962906], [-2.643998384475708, 3.590893030166626, -0.2406441867351532], [0.6671563982963562, 4.9510884284973145, 0.08018825948238373], [-0.9142951965332031, 2.4783380031585693, 0.3966814875602722], [1.7228246927261353, 2.317826509475708, 0.5801055431365967], [0.9604702591896057, 4.650146961212158, -0.4360598027706146], [-1.2429896593093872, 3.776762008666992, -0.8402048349380493], [1.8771520853042603, 5.262132167816162, -0.6439931392669678], [-0.1251818686723709, 3.9142308235168457, 0.487517774105072], [1.0243852138519287, 4.614221096038818, -0.3322118818759918], [-1.3120083808898926, 4.4540181159973145, -0.9510701298713684], [-0.7530555725097656, 4.44417667388916, 0.6593567728996277], [2.0866427421569824, 5.712187767028809, 0.48485708236694336], [2.2696025371551514, 5.486732482910156, -0.12071239203214645], [0.9093790054321289, 4.313949108123779, 0.5192649364471436], [-1.434418797492981, 2.976118564605713, -0.5435752868652344], [-0.5687529444694519, 4.522246837615967, -0.841819167137146], [-0.9702979922294617, 4.599729061126709, -0.38003405928611755], [0.7296291589736938, 2.2370800971984863, 0.18609796464443207], [0.12379542738199234, 4.747463226318359, 0.05897322669625282], [1.8903381824493408, 2.692002058029175, 0.5670227408409119], [-2.464837074279785, 4.037117004394531, 0.5971192717552185], [0.4132384955883026, 2.2306692600250244, 0.46351492404937744], [-2.7098276615142822, 3.3619799613952637, -1.043226957321167], [1.2765042781829834, 5.660760879516602, 0.28941968083381653], [0.9654010534286499, 0.9919740557670593, 0.44007304310798645], [0.9547919034957886, 1.9833277463912964, -0.03672834113240242], [1.6238069534301758, 3.367189884185791, -0.2100205272436142], [0.23832537233829498, 3.6462972164154053, 0.48138654232025146], [1.2931238412857056, 3.53771710395813, 0.7972477078437805], [0.9247138500213623, 3.581916570663452, 0.7817375659942627], [0.2728913426399231, 5.443265914916992, -0.1400608867406845], [-0.09902448207139969, 5.187546253204346, -0.7424336671829224], [0.8582029342651367, 4.764886379241943, 0.44744107127189636], [2.2666237354278564, 6.023579120635986, 0.7465230822563171], [1.7300890684127808, 5.448585510253906, -0.3523448407649994], [1.4634310007095337, 4.947659015655518, -0.586247444152832], [0.9084689617156982, 2.7410616874694824, 0.50437331199646], [1.8829679489135742, 4.095810890197754, -0.4020892083644867], [1.7741444110870361, 4.417745590209961, 0.8527701497077942], [-0.9890633225440979, 2.737027883529663, 0.4969906806945801], [0.6224063634872437, 3.3841347694396973, 0.07435598969459534], [0.21531108021736145, 1.8863191604614258, 0.6642800569534302], [-1.132378101348877, 4.613344192504883, 0.6494982838630676], [-0.14224176108837128, 3.0581369400024414, 0.7034266591072083], [2.1972551345825195, 5.119368076324463, 1.0068522691726685], [1.798193335533142, 3.787522315979004, 0.46751636266708374], [-0.5776119232177734, 3.100867509841919, 0.564811110496521], [-0.7489219307899475, 4.207465648651123, -0.6649905443191528], [0.5894699692726135, 3.0493807792663574, -0.371214896440506], [-0.9895907044410706, 3.3452248573303223, 0.6578116416931152], [0.7728717923164368, 2.505786895751953, 0.4832989275455475], [-0.6541420221328735, 3.9293251037597656, 0.15746080875396729], [1.2403390407562256, 5.591884613037109, -0.9066542387008667], [1.6791714429855347, 2.608917236328125, 0.1538100242614746], [0.11874957382678986, 4.134964942932129, 0.41843512654304504], [-0.6581828594207764, 4.016554832458496, 0.644450843334198], [0.8666809797286987, 4.931448936462402, 0.09942346066236496], [1.3445065021514893, 3.680060386657715, -0.0017258523730561137], [-1.8155769109725952, 2.661280870437622, -0.19078916311264038], [0.4667784869670868, 4.105175495147705, 0.6162322163581848], [0.7970044016838074, 4.040553092956543, -0.3839561641216278], [-1.3837485313415527, 4.844825267791748, 0.725816011428833], [-0.8299883008003235, 2.935978412628174, -0.6277530789375305], [-0.01725850999355316, 4.645467281341553, -0.0787845328450203], [0.4716223478317261, 5.105075359344482, -0.0506548136472702], [0.650888979434967, 3.676102876663208, -0.11362805217504501], [-1.5445491075515747, 4.010852336883545, -0.9767881631851196], [-0.29389622807502747, 2.4829893112182617, -0.016923734918236732], [1.107205867767334, 1.6583598852157593, 0.1472223699092865], [2.3035244941711426, 5.582573413848877, -0.2522464692592621], [0.1801232248544693, 2.5401113033294678, 0.28212225437164307], [-0.6076949834823608, 2.428687334060669, -0.4173581302165985]]"
2810,1.9998826459837225,-0.010832211322224585,0.4999706614959306,-0.03859632019257045,0.03235821093656031,0.8490918139171955,0.5258387222251557,1.9986784525213355,-0.01115752968344182,0.49900478313750163,-0.03904978909500103,0.0322319069050149,0.8493111734212565,0.5254586081231432,"[75, 95, 168, 205, 229, 242, 284, 382, 424, 429, 467, 478, 490, 505, 522, 584, 625, 669, 693, 705, 1024, 1117, 1168, 1217, 1282, 1344, 1442, 1503, 1547, 1556, 1629, 1632, 1787, 1858, 1896, 1937, 1958, 2004, 2057, 2089, 2158, 2229, 2302, 2368, 2463, 2518, 2527, 2541, 2556, 2659, 2731, 2750, 2781, 2846, 2938, 3127, 3182, 3321, 3342, 3405, 3432, 3478, 3506, 3546, 3549, 3566, 3649, 3735, 3748, 4007, 4061, 4100, 4107, 4136, 4138, 4191, 4215, 4216, 4255, 4400, 4420, 4515, 4828, 4834, 4854, 4867, 4875]","[[0.030757346831485, 5.840951795604936], [0.13351425902986494, 5.010319854993396], [-0.4287432322817958, 1.8011689754311782], [0.231373658536307, 5.796325786967691], [-0.4191632352884173, 4.075510660705317], [0.03191308249999164, 2.6361174762426325], [-0.4404773338129328, 2.584106407047193], [-0.1197367519457932, 5.044003463018826], [0.20796941611835143, 4.030404000023069], [0.4401937407897413, 3.554346135389456], [0.16447187266269267, 5.71245246787972], [-0.01847038444707502, 3.3553151789054168], [-0.48647000216527514, 4.1054944230766095], [-0.27871636275412265, 5.739106794188556], [-0.34962205838535576, 5.19619450144747], [-0.4417729865609962, 5.072806456639344], [-0.1770759305214432, 3.633153100499299], [-0.4701386123738523, 4.529945930649434], [0.35485404012960964, 4.480404568692117], [-0.20612059230338425, 5.412605323231902], [0.3011422554417698, 3.125654885501797], [0.44594972944205624, 5.920340955560803], [-0.1992369413147359, 5.150915520150754], [0.40270422449320864, 3.8320340650880746], [-0.3460328329186433, 2.3427721154229806], [-0.24057282201030503, 4.862591904528846], [0.23906257467787537, 5.1600817556565906], [-0.4335562044635177, 5.3943360059205565], [0.03523046305819072, 4.462005972163835], [-0.2930829580540181, 5.386516207824819], [-0.25355945266688823, 4.79706789939656], [0.17193360072381658, 5.742055574357457], [0.0910996259981097, 5.2373383348493405], [-0.48034755061312456, 5.720373976037696], [-0.5078063437438699, 5.536901181213258], [-0.21629014046647735, 4.4582244573561045], [0.3844226102842275, 4.667024884706239], [0.049434735879067056, 5.377780819203704], [0.10641996996716212, 5.553784170638928], [0.5135372359037407, 1.9792077157038188], [0.05165520693476597, 2.598378134791459], [-0.08534488377747934, 5.132048953454211], [-0.4249087460070185, 2.7033801753782796], [0.15707778327121882, 2.742504670620275], [-0.3349801247543712, 5.717989549358543], [0.3404504167533634, 1.4407184016455268], [0.0196539440025756, 2.312761510389181], [-0.3493416424647028, 3.470462244131944], [-0.0147960662178858, 4.056190276696839], [-0.15295948764706446, 5.754618464182114], [-0.28039215194927647, 5.314360174108561], [-0.07885163039071133, 5.7387738777634665], [-0.22782564788184045, 4.908175322148594], [-0.41176163204258814, 5.529469639254266], [-0.35107166704212067, 5.10205446017127], [-0.08492009326927874, 2.95750823969901], [-0.4278144884842683, 4.204003898352289], [0.3677734515957587, 4.0591140026865125], [-0.07475112108744383, 3.686328728201353], [0.29871534020915413, 2.6080375894326018], [0.13574106195239977, 5.584790331834776], [0.14964441044128665, 3.7457771547323695], [-0.40957756676463114, 3.8016019245780504], [0.23255325090546033, 4.040101695428944], [0.11190001758938142, 5.165700017060076], [-0.031092829134719713, 3.4783856753486315], [0.26962968133224896, 4.494750383107175], [-0.006024670856043326, 2.7984544166599217], [0.12935810737251086, 4.7596307215376275], [-0.3225774481277564, 5.822573615572706], [-0.33799955565203044, 2.657046609551658], [-0.03480593298436506, 4.5492738588253845], [0.12265880046054248, 4.823906664304289], [-0.23482699141359722, 5.082852450247539], [-0.28472335663959547, 3.7798842171044376], [0.49099521769470605, 4.707032677137124], [-0.10574702941062403, 4.390754979274432], [-0.1722467317749322, 4.314146081934391], [0.14858126051719794, 5.919286758999862], [-0.05473317951286195, 5.104650675062957], [-0.17168688128386322, 5.366200779116501], [-0.11136198975405678, 3.9705340962461717], [0.27678287639930893, 3.4256455336257865], [0.02863789745731647, 1.9230184975400864], [-0.5128265117839429, 5.650658790656659], [0.15719060181335903, 3.138221112876015], [0.3480530171107618, 3.6842282636230257]]","[[-0.735512375831604, 5.071609973907471, -0.41982975602149963], [-0.781180739402771, 4.064624309539795, -0.38334643840789795], [1.9507211446762085, 1.7600117921829224, 0.1543455868959427], [-1.690869688987732, 4.409207820892334, -0.17856155335903168], [1.8264570236206055, 4.0445404052734375, 0.09593416750431061], [0.7538830041885376, 2.314903974533081, 0.5854530334472656], [1.9599865674972534, 2.4845328330993652, -0.1815185844898224], [0.30824869871139526, 4.73850679397583, 0.7172616720199585], [-0.5038958191871643, 3.150254726409912, 0.4329964220523834], [-0.7704256176948547, 2.14143443107605, -0.08076226711273193], [-1.3475202322006226, 4.6160688400268555, 0.7044112086296082], [0.5631309151649475, 2.9999711513519287, 0.12128958851099014], [2.097599744796753, 4.09572172164917, 0.3754720985889435], [1.0075819492340088, 5.458253383636475, -0.9442963004112244], [1.4013367891311646, 5.146660327911377, 0.7831169962882996], [1.8719948530197144, 5.052525520324707, 0.8349053263664246], [0.9735420346260071, 3.477978229522705, 0.5639318823814392], [2.0338191986083984, 4.5210676193237305, 0.5370109677314758], [-1.2529512643814087, 3.0691990852355957, 0.6317134499549866], [0.6284419298171997, 5.218175411224365, 0.8114650249481201], [-0.15580470860004425, 2.233808755874634, 0.1942511945962906], [-2.643998384475708, 3.590893030166626, -0.2406441867351532], [0.6671563982963562, 4.9510884284973145, 0.08018825948238373], [-0.9142951965332031, 2.4783380031585693, 0.3966814875602722], [1.7228246927261353, 2.317826509475708, 0.5801055431365967], [0.9604702591896057, 4.650146961212158, -0.4360598027706146], [-1.2429896593093872, 3.776762008666992, -0.8402048349380493], [1.8771520853042603, 5.262132167816162, -0.6439931392669678], [-0.1251818686723709, 3.9142308235168457, 0.487517774105072], [1.155704140663147, 5.119636535644531, -0.9208241105079651], [1.0243852138519287, 4.614221096038818, -0.3322118818759918], [-1.3120083808898926, 4.4540181159973145, -0.9510701298713684], [-0.7530555725097656, 4.44417667388916, 0.6593567728996277], [2.0866427421569824, 5.712187767028809, 0.48485708236694336], [2.2696025371551514, 5.486732482910156, -0.12071239203214645], [0.9093790054321289, 4.313949108123779, 0.5192649364471436], [-1.434418797492981, 2.976118564605713, -0.5435752868652344], [-0.5687529444694519, 4.522246837615967, -0.841819167137146], [-0.9702979922294617, 4.599729061126709, -0.38003405928611755], [0.36733919382095337, 1.086186408996582, 0.2718144357204437], [0.7296291589736938, 2.2370800971984863, 0.18609796464443207], [0.12379542738199234, 4.747463226318359, 0.05897322669625282], [1.8903381824493408, 2.692002058029175, 0.5670227408409119], [0.4132384955883026, 2.2306692600250244, 0.46351492404937744], [1.2765042781829834, 5.660760879516602, 0.28941968083381653], [0.9654010534286499, 0.9919740557670593, 0.44007304310798645], [0.9547919034957886, 1.9833277463912964, -0.03672834113240242], [1.6238069534301758, 3.367189884185791, -0.2100205272436142], [0.23832537233829498, 3.6462972164154053, 0.48138654232025146], [0.2728913426399231, 5.443265914916992, -0.1400608867406845], [1.0732896327972412, 5.052921772003174, -0.8341825008392334], [-0.09902448207139969, 5.187546253204346, -0.7424336671829224], [0.8582029342651367, 4.764886379241943, 0.44744107127189636], [1.7300890684127808, 5.448585510253906, -0.3523448407649994], [1.4634310007095337, 4.947659015655518, -0.586247444152832], [0.9084689617156982, 2.7410616874694824, 0.50437331199646], [1.8829679489135742, 4.095810890197754, -0.4020892083644867], [-0.9890633225440979, 2.737027883529663, 0.4969906806945801], [0.6224063634872437, 3.3841347694396973, 0.07435598969459534], [0.21531108021736145, 1.8863191604614258, 0.6642800569534302], [-1.132378101348877, 4.613344192504883, 0.6494982838630676], [-0.14224176108837128, 3.0581369400024414, 0.7034266591072083], [1.798193335533142, 3.787522315979004, 0.46751636266708374], [-0.5776119232177734, 3.100867509841919, 0.564811110496521], [-0.7489219307899475, 4.207465648651123, -0.6649905443191528], [0.5894699692726135, 3.0493807792663574, -0.371214896440506], [-0.9895907044410706, 3.3452248573303223, 0.6578116416931152], [0.7728717923164368, 2.505786895751953, 0.4832989275455475], [-0.6541420221328735, 3.9293251037597656, 0.15746080875396729], [1.2403390407562256, 5.591884613037109, -0.9066542387008667], [1.6791714429855347, 2.608917236328125, 0.1538100242614746], [0.11874957382678986, 4.134964942932129, 0.41843512654304504], [-0.6581828594207764, 4.016554832458496, 0.644450843334198], [0.8666809797286987, 4.931448936462402, 0.09942346066236496], [1.3445065021514893, 3.680060386657715, -0.0017258523730561137], [-1.8155769109725952, 2.661280870437622, -0.19078916311264038], [0.4667784869670868, 4.105175495147705, 0.6162322163581848], [0.7970044016838074, 4.040553092956543, -0.3839561641216278], [-1.3837485313415527, 4.844825267791748, 0.725816011428833], [-0.01725850999355316, 4.645467281341553, -0.0787845328450203], [0.4716223478317261, 5.105075359344482, -0.0506548136472702], [0.650888979434967, 3.676102876663208, -0.11362805217504501], [-0.29389622807502747, 2.4829893112182617, -0.016923734918236732], [1.107205867767334, 1.6583598852157593, 0.1472223699092865], [2.3035244941711426, 5.582573413848877, -0.2522464692592621], [0.1801232248544693, 2.5401113033294678, 0.28212225437164307], [-0.6076949834823608, 2.428687334060669, -0.4173581302165985]]"
2812,1.9968834792681966,-0.05571709777066398,0.49922086981704916,-0.020314671737035214,0.05542048333948876,0.8466598254368325,0.5288506633539442,1.9998755911808745,-0.05435953934850919,0.4984352784895504,-0.019760405155757728,0.05548963316578683,0.8469086455451093,0.5284658674882942,"[75, 95, 168, 205, 229, 242, 284, 286, 345, 382, 424, 429, 467, 478, 490, 505, 522, 625, 669, 693, 705, 963, 1024, 1117, 1164, 1168, 1217, 1282, 1344, 1503, 1547, 1556, 1629, 1632, 1787, 1858, 1896, 1937, 1958, 2004, 2057, 2089, 2158, 2229, 2302, 2368, 2463, 2518, 2527, 2541, 2556, 2659, 2731, 2750, 2781, 2846, 2938, 3127, 3182, 3321, 3342, 3405, 3432, 3478, 3506, 3546, 3549, 3566, 3649, 3735, 3748, 3983, 4007, 4061, 4100, 4107, 4136, 4138, 4191, 4215, 4216, 4255, 4400, 4420, 4515, 4828, 4834, 4854, 4867]","[[0.025619529516754346, 5.881352042273158], [0.12658172371891696, 5.045996760058746], [-0.431397672229244, 1.8483759028716766], [0.22950492963785674, 5.831008001008522], [-0.4122741170388169, 4.124361981883147], [0.03466336070946816, 2.6787990035001608], [-0.4461850614652519, 2.6286827279535383], [-0.5120872825488095, 5.3877081741771695], [-0.3631339392201541, 5.87873229408203], [-0.11038024485808286, 5.086212862817285], [0.21057623371822604, 4.066124508152511], [0.4314851441325282, 3.579988431604692], [0.17488425125130125, 5.749272192756499], [-0.021147842642324666, 3.395801272003279], [-0.4762824280976189, 4.154139390067756], [-0.2857282192724932, 5.784804338258514], [-0.33771245080623347, 5.244243565229266], [-0.16788945111108972, 3.678674591800889], [-0.4587848440977056, 4.578583841143801], [0.35768003790704633, 4.50997574642268], [-0.19444415526717618, 5.458485939313107], [-0.3608611202188774, 5.809827009582635], [0.29641656326715216, 3.1578263520275494], [0.44058429538669547, 5.948247951531276], [-0.5201164566199387, 5.826217306869068], [-0.19797862058091095, 5.197346154967701], [0.4018853503288044, 3.8613855942991635], [-0.33799478320710946, 2.390662376240723], [-0.24465222559845654, 4.909263650233671], [-0.435966322784616, 5.440462933709331], [0.039139833093139856, 4.502318328307528], [-0.30253559836812294, 5.433455611336739], [-0.2531166881975312, 4.841600464346977], [0.16063095205148653, 5.77820389683219], [0.10095384563482293, 5.276984399227958], [-0.46703472648350297, 5.768297092947488], [-0.5023539956957177, 5.581078532474668], [-0.20731671771190519, 4.5042518029277545], [0.37212438986005025, 4.695657071773416], [0.04013783387316929, 5.417246250707592], [0.10246554096730959, 5.590014427307037], [0.49560340219878446, 2.004203909350596], [0.044563103235979715, 2.639334288956405], [-0.08299346586537469, 5.1725769941574065], [-0.41255582922537276, 2.7511783222497326], [0.1544313594821915, 2.7819303303120595], [-0.32784995283360147, 5.766098992331202], [0.32489452504098587, 1.4715601182463778], [0.004674803316463757, 2.3515743793598896], [-0.3516950583894068, 3.5162895131800216], [-0.007105269834299414, 4.10038014511404], [-0.15378731184830555, 5.798086997423609], [-0.2858141442941825, 5.359074382595651], [-0.08307639777979133, 5.7815261897080905], [-0.22184675754382988, 4.953024703204402], [-0.40919970301473413, 5.572957825653442], [-0.3537524171702511, 5.1490970406211565], [-0.08040795269946871, 3.000823057329121], [-0.43196708650990595, 4.250630733170145], [0.3676346195744129, 4.089158888237796], [-0.07991207025201542, 3.7281399794773162], [0.2977825751711525, 2.640975752398773], [0.14174586193806468, 5.623026539330464], [0.15525960401844963, 3.7834380448076153], [-0.40245633322688, 3.849142355981998], [0.23691830941143013, 4.073912271985142], [0.1016880890834238, 5.203849500711368], [-0.04263683101381163, 3.5191847414062982], [0.27241968651859977, 4.529155827759685], [-0.005476009632078416, 2.839815656410215], [0.13096598589824335, 4.800335510910468], [-0.2145898908534856, 4.095945890635178], [-0.3296378626596183, 5.869034668563948], [-0.33863567833057395, 2.7052123078955175], [-0.03103657509422745, 4.592416466591743], [0.1313348657315401, 4.864812069752946], [-0.23282289478583398, 5.1286785517799], [-0.28437964265992244, 3.8243350688354747], [0.48399583532035123, 4.732263724720387], [-0.09861561796920196, 4.434739983696671], [-0.17892067834699, 4.360506517655549], [0.15569784855631466, 5.956814321716389], [-0.05380723121243732, 5.148170542681622], [-0.1683960779131418, 5.410514599687924], [-0.11299815176637222, 4.015518291263182], [0.26836910575717904, 3.457443642588289], [0.015549175259727717, 1.9620652633298306], [-0.5085967529043732, 5.696917055448579], [0.15411399441304632, 3.175257923523555]]","[[-0.735512375831604, 5.071609973907471, -0.41982975602149963], [-0.781180739402771, 4.064624309539795, -0.38334643840789795], [1.9507211446762085, 1.7600117921829224, 0.1543455868959427], [-1.690869688987732, 4.409207820892334, -0.17856155335903168], [1.8264570236206055, 4.0445404052734375, 0.09593416750431061], [0.7538830041885376, 2.314903974533081, 0.5854530334472656], [1.9599865674972534, 2.4845328330993652, -0.1815185844898224], [2.3258464336395264, 5.314465522766113, 0.7844532132148743], [1.4319427013397217, 5.578310966491699, -1.0808542966842651], [0.30824869871139526, 4.73850679397583, 0.7172616720199585], [-0.5038958191871643, 3.150254726409912, 0.4329964220523834], [-0.7704256176948547, 2.14143443107605, -0.08076226711273193], [-1.3475202322006226, 4.6160688400268555, 0.7044112086296082], [0.5631309151649475, 2.9999711513519287, 0.12128958851099014], [2.097599744796753, 4.09572172164917, 0.3754720985889435], [1.0075819492340088, 5.458253383636475, -0.9442963004112244], [1.4013367891311646, 5.146660327911377, 0.7831169962882996], [0.9735420346260071, 3.477978229522705, 0.5639318823814392], [2.0338191986083984, 4.5210676193237305, 0.5370109677314758], [-1.2529512643814087, 3.0691990852355957, 0.6317134499549866], [0.6284419298171997, 5.218175411224365, 0.8114650249481201], [1.4342089891433716, 5.5105695724487305, -1.064271330833435], [-0.15580470860004425, 2.233808755874634, 0.1942511945962906], [-2.643998384475708, 3.590893030166626, -0.2406441867351532], [2.381521463394165, 5.68796443939209, -0.3931300938129425], [0.6671563982963562, 4.9510884284973145, 0.08018825948238373], [-0.9142951965332031, 2.4783380031585693, 0.3966814875602722], [1.7228246927261353, 2.317826509475708, 0.5801055431365967], [0.9604702591896057, 4.650146961212158, -0.4360598027706146], [1.8771520853042603, 5.262132167816162, -0.6439931392669678], [-0.1251818686723709, 3.9142308235168457, 0.487517774105072], [1.155704140663147, 5.119636535644531, -0.9208241105079651], [1.0243852138519287, 4.614221096038818, -0.3322118818759918], [-1.3120083808898926, 4.4540181159973145, -0.9510701298713684], [-0.7530555725097656, 4.44417667388916, 0.6593567728996277], [2.0866427421569824, 5.712187767028809, 0.48485708236694336], [2.2696025371551514, 5.486732482910156, -0.12071239203214645], [0.9093790054321289, 4.313949108123779, 0.5192649364471436], [-1.434418797492981, 2.976118564605713, -0.5435752868652344], [-0.5687529444694519, 4.522246837615967, -0.841819167137146], [-0.9702979922294617, 4.599729061126709, -0.38003405928611755], [0.36733919382095337, 1.086186408996582, 0.2718144357204437], [0.7296291589736938, 2.2370800971984863, 0.18609796464443207], [0.12379542738199234, 4.747463226318359, 0.05897322669625282], [1.8903381824493408, 2.692002058029175, 0.5670227408409119], [0.4132384955883026, 2.2306692600250244, 0.46351492404937744], [1.2765042781829834, 5.660760879516602, 0.28941968083381653], [0.9654010534286499, 0.9919740557670593, 0.44007304310798645], [0.9547919034957886, 1.9833277463912964, -0.03672834113240242], [1.6238069534301758, 3.367189884185791, -0.2100205272436142], [0.23832537233829498, 3.6462972164154053, 0.48138654232025146], [0.2728913426399231, 5.443265914916992, -0.1400608867406845], [1.0732896327972412, 5.052921772003174, -0.8341825008392334], [-0.09902448207139969, 5.187546253204346, -0.7424336671829224], [0.8582029342651367, 4.764886379241943, 0.44744107127189636], [1.7300890684127808, 5.448585510253906, -0.3523448407649994], [1.4634310007095337, 4.947659015655518, -0.586247444152832], [0.9084689617156982, 2.7410616874694824, 0.50437331199646], [1.8829679489135742, 4.095810890197754, -0.4020892083644867], [-0.9890633225440979, 2.737027883529663, 0.4969906806945801], [0.6224063634872437, 3.3841347694396973, 0.07435598969459534], [0.21531108021736145, 1.8863191604614258, 0.6642800569534302], [-1.132378101348877, 4.613344192504883, 0.6494982838630676], [-0.14224176108837128, 3.0581369400024414, 0.7034266591072083], [1.798193335533142, 3.787522315979004, 0.46751636266708374], [-0.5776119232177734, 3.100867509841919, 0.564811110496521], [-0.7489219307899475, 4.207465648651123, -0.6649905443191528], [0.5894699692726135, 3.0493807792663574, -0.371214896440506], [-0.9895907044410706, 3.3452248573303223, 0.6578116416931152], [0.7728717923164368, 2.505786895751953, 0.4832989275455475], [-0.6541420221328735, 3.9293251037597656, 0.15746080875396729], [1.016788125038147, 3.7583773136138916, -0.6241424083709717], [1.2403390407562256, 5.591884613037109, -0.9066542387008667], [1.6791714429855347, 2.608917236328125, 0.1538100242614746], [0.11874957382678986, 4.134964942932129, 0.41843512654304504], [-0.6581828594207764, 4.016554832458496, 0.644450843334198], [0.8666809797286987, 4.931448936462402, 0.09942346066236496], [1.3445065021514893, 3.680060386657715, -0.0017258523730561137], [-1.8155769109725952, 2.661280870437622, -0.19078916311264038], [0.4667784869670868, 4.105175495147705, 0.6162322163581848], [0.7970044016838074, 4.040553092956543, -0.3839561641216278], [-1.3837485313415527, 4.844825267791748, 0.725816011428833], [-0.01725850999355316, 4.645467281341553, -0.0787845328450203], [0.4716223478317261, 5.105075359344482, -0.0506548136472702], [0.650888979434967, 3.676102876663208, -0.11362805217504501], [-0.29389622807502747, 2.4829893112182617, -0.016923734918236732], [1.107205867767334, 1.6583598852157593, 0.1472223699092865], [2.3035244941711426, 5.582573413848877, -0.2522464692592621], [0.1801232248544693, 2.5401113033294678, 0.28212225437164307]]"
2814,1.9885975486980647,-0.10602203368059847,0.4971493871745162,0.0026671154470600212,0.0753461299307745,0.8435877970978287,0.5316723387456597,1.9880289233162467,-0.10612310701761314,0.49657701874728677,0.0024935243413093736,0.07546713660840247,0.8435855638958661,0.5316595621400798,"[75, 95, 168, 205, 229, 242, 284, 345, 382, 424, 429, 467, 478, 490, 505, 506, 522, 529, 625, 669, 693, 705, 722, 963, 1024, 1117, 1164, 1168, 1217, 1282, 1344, 1503, 1547, 1556, 1629, 1787, 1858, 1896, 1937, 2057, 2089, 2128, 2158, 2229, 2302, 2360, 2368, 2422, 2463, 2518, 2527, 2541, 2556, 2617, 2659, 2731, 2750, 2781, 2846, 2938, 3127, 3182, 3321, 3323, 3342, 3405, 3432, 3478, 3506, 3513, 3546, 3549, 3566, 3649, 3735, 3748, 3983, 4007, 4061, 4100, 4107, 4136, 4138, 4191, 4215, 4216, 4255, 4400, 4420, 4515, 4828, 4834, 4854, 4867]","[[0.022873260123760262, 5.919074836650714], [0.12111410540395885, 5.080505295939414], [-0.43756713154362037, 1.8957113245385737], [0.22505812626312188, 5.863234463118084], [-0.40953530993304044, 4.169334580324885], [0.03628925872687048, 2.7154236739355366], [-0.45181060642172305, 2.675487224067727], [-0.3691916808863342, 5.924637825685854], [-0.10037286291084782, 5.127949601180727], [0.20918468551522693, 4.099223756015642], [0.420303285890758, 3.6031966478728203], [0.17927702801064305, 5.784091679189795], [-0.02488481998525277, 3.434518857178201], [-0.46966389844421824, 4.202576469792154], [-0.29085959930987526, 5.827883777834883], [0.47590331948655046, 0.8305348961790083], [-0.3240755655973846, 5.290353969002956], [0.32854118204915667, 5.852862483466219], [-0.16260849483654669, 3.7242611671534465], [-0.4502808685400904, 4.625216427208607], [0.35553715254087426, 4.538166682647925], [-0.18590469617269498, 5.501340546024684], [0.522465690433709, 5.433833682250915], [-0.3687475851340266, 5.853359006463709], [0.2844903550099892, 3.1873436241825823], [0.4342089755029011, 5.970878331200921], [-0.5192100959727132, 5.8735220464650375], [-0.19475835287402787, 5.239004282178364], [0.39449769292380693, 3.887080912376583], [-0.32690095597599655, 2.437027662111329], [-0.2496009306736378, 4.950559658653432], [-0.4387781547475409, 5.485432202265111], [0.0430170793928002, 4.540042422413078], [-0.3095275096508531, 5.47670072800101], [-0.25644430656870143, 4.884972687842001], [0.10480346219034613, 5.312685486234183], [-0.46035340806120345, 5.815207703432369], [-0.49965313459976907, 5.6314910564809955], [-0.20064231902062585, 4.54815210879993], [0.0984225193069476, 5.625078742896769], [0.47656864286756373, 2.0254524099486915], [0.027974642917585092, 4.4170165990307915], [0.03674738602641442, 2.676407196070129], [-0.08457255839641989, 5.216308941748719], [-0.4041980197832273, 2.7992322411747423], [0.42266717640904106, 5.82680335510718], [0.14963759079125402, 2.8144434680444146], [0.28136067603868664, 5.217784874640144], [-0.32319345091800356, 5.811168478002285], [0.3044088467858275, 1.4988307815969926], [-0.009964467169337509, 2.38935577254377], [-0.3551027534767766, 3.559134630030762], [-0.00550681757991435, 4.139008413042984], [-0.15255703697576853, 3.845464066342238], [-0.15244256079047738, 5.840907991861789], [-0.2902513356183014, 5.4021021027227585], [-0.09123687690645203, 5.819690374881881], [-0.21314076945075186, 4.997530801195584], [-0.408278182421488, 5.621281402330923], [-0.35492045718420223, 5.194353157545457], [-0.07775209287176368, 3.0430142117190457], [-0.43465116758834543, 4.2949540819656775], [0.36473725966866904, 4.117003988251067], [0.4857870827254749, 5.516377973322558], [-0.08080244489895944, 3.7693667284958905], [0.2937265404172315, 2.6694789646625168], [0.14586899855967522, 5.657248280199778], [0.15888600811199444, 3.8185972649736897], [-0.3924154812651172, 3.8962199782508415], [0.03812552858080092, 4.541481811459899], [0.23610612044791285, 4.104263692104919], [0.09280427628381971, 5.235283312701478], [-0.05321460424272836, 3.5578012066962867], [0.2747013720195167, 4.558828138533504], [-0.0075191878629906, 2.8789015204988964], [0.12886022382380855, 4.834218691837974], [-0.2247605055169875, 4.136063226389397], [-0.3342622468821386, 5.911523477936441], [-0.3396943805583243, 2.75135080849597], [-0.030437568173598162, 4.633267520763755], [0.13414613086313873, 4.900046910391921], [-0.22893489049839638, 5.1724293633023555], [-0.2853662358703024, 3.869147828022059], [0.4729420875341631, 4.752161687546441], [-0.0907650440099606, 4.478571628593373], [-0.18367521168108925, 4.400879289685435], [0.15920044255402124, 5.992206769474486], [-0.05493943802855019, 5.187953731707993], [-0.16971724373704536, 5.452289397840322], [-0.1185339557515857, 4.056175001116783], [0.2605522631659576, 3.4887431857657774], [-0.001121263193894869, 2.0018687173902], [-0.505817165071293, 5.744562984351285], [0.14859575294344612, 3.2108472452541927]]","[[-0.735512375831604, 5.071609973907471, -0.41982975602149963], [-0.781180739402771, 4.064624309539795, -0.38334643840789795], [1.9507211446762085, 1.7600117921829224, 0.1543455868959427], [-1.690869688987732, 4.409207820892334, -0.17856155335903168], [1.8264570236206055, 4.0445404052734375, 0.09593416750431061], [0.7538830041885376, 2.314903974533081, 0.5854530334472656], [1.9599865674972534, 2.4845328330993652, -0.1815185844898224], [1.4319427013397217, 5.578310966491699, -1.0808542966842651], [0.30824869871139526, 4.73850679397583, 0.7172616720199585], [-0.5038958191871643, 3.150254726409912, 0.4329964220523834], [-0.7704256176948547, 2.14143443107605, -0.08076226711273193], [-1.3475202322006226, 4.6160688400268555, 0.7044112086296082], [0.5631309151649475, 2.9999711513519287, 0.12128958851099014], [2.097599744796753, 4.09572172164917, 0.3754720985889435], [1.0075819492340088, 5.458253383636475, -0.9442963004112244], [1.3231515884399414, 0.3746509253978729, 0.3520054817199707], [1.4013367891311646, 5.146660327911377, 0.7831169962882996], [-1.9834338426589966, 4.126326084136963, 1.2579008340835571], [0.9735420346260071, 3.477978229522705, 0.5639318823814392], [2.0338191986083984, 4.5210676193237305, 0.5370109677314758], [-1.2529512643814087, 3.0691990852355957, 0.6317134499549866], [0.6284419298171997, 5.218175411224365, 0.8114650249481201], [-2.5112016201019287, 2.9271531105041504, 0.18002872169017792], [1.4342089891433716, 5.5105695724487305, -1.064271330833435], [-0.15580470860004425, 2.233808755874634, 0.1942511945962906], [-2.643998384475708, 3.590893030166626, -0.2406441867351532], [2.381521463394165, 5.68796443939209, -0.3931300938129425], [0.6671563982963562, 4.9510884284973145, 0.08018825948238373], [-0.9142951965332031, 2.4783380031585693, 0.3966814875602722], [1.7228246927261353, 2.317826509475708, 0.5801055431365967], [0.9604702591896057, 4.650146961212158, -0.4360598027706146], [1.8771520853042603, 5.262132167816162, -0.6439931392669678], [-0.1251818686723709, 3.9142308235168457, 0.487517774105072], [1.155704140663147, 5.119636535644531, -0.9208241105079651], [1.0243852138519287, 4.614221096038818, -0.3322118818759918], [-0.7530555725097656, 4.44417667388916, 0.6593567728996277], [2.0866427421569824, 5.712187767028809, 0.48485708236694336], [2.2696025371551514, 5.486732482910156, -0.12071239203214645], [0.9093790054321289, 4.313949108123779, 0.5192649364471436], [-0.9702979922294617, 4.599729061126709, -0.38003405928611755], [0.36733919382095337, 1.086186408996582, 0.2718144357204437], [0.0504140630364418, 3.844172477722168, 0.9141488671302795], [0.7296291589736938, 2.2370800971984863, 0.18609796464443207], [0.12379542738199234, 4.747463226318359, 0.05897322669625282], [1.8903381824493408, 2.692002058029175, 0.5670227408409119], [-2.3432328701019287, 3.7164127826690674, 1.2614216804504395], [0.4132384955883026, 2.2306692600250244, 0.46351492404937744], [-1.3945835828781128, 3.8312363624572754, 1.0456211566925049], [1.2765042781829834, 5.660760879516602, 0.28941968083381653], [0.9654010534286499, 0.9919740557670593, 0.44007304310798645], [0.9547919034957886, 1.9833277463912964, -0.03672834113240242], [1.6238069534301758, 3.367189884185791, -0.2100205272436142], [0.23832537233829498, 3.6462972164154053, 0.48138654232025146], [0.9247138500213623, 3.581916570663452, 0.7817375659942627], [0.2728913426399231, 5.443265914916992, -0.1400608867406845], [1.0732896327972412, 5.052921772003174, -0.8341825008392334], [-0.09902448207139969, 5.187546253204346, -0.7424336671829224], [0.8582029342651367, 4.764886379241943, 0.44744107127189636], [1.7300890684127808, 5.448585510253906, -0.3523448407649994], [1.4634310007095337, 4.947659015655518, -0.586247444152832], [0.9084689617156982, 2.7410616874694824, 0.50437331199646], [1.8829679489135742, 4.095810890197754, -0.4020892083644867], [-0.9890633225440979, 2.737027883529663, 0.4969906806945801], [-2.299474000930786, 3.2500319480895996, 1.3854225873947144], [0.6224063634872437, 3.3841347694396973, 0.07435598969459534], [0.21531108021736145, 1.8863191604614258, 0.6642800569534302], [-1.132378101348877, 4.613344192504883, 0.6494982838630676], [-0.14224176108837128, 3.0581369400024414, 0.7034266591072083], [1.798193335533142, 3.787522315979004, 0.46751636266708374], [-0.05047990381717682, 3.9298436641693115, 0.9450393319129944], [-0.5776119232177734, 3.100867509841919, 0.564811110496521], [-0.7489219307899475, 4.207465648651123, -0.6649905443191528], [0.5894699692726135, 3.0493807792663574, -0.371214896440506], [-0.9895907044410706, 3.3452248573303223, 0.6578116416931152], [0.7728717923164368, 2.505786895751953, 0.4832989275455475], [-0.6541420221328735, 3.9293251037597656, 0.15746080875396729], [1.016788125038147, 3.7583773136138916, -0.6241424083709717], [1.2403390407562256, 5.591884613037109, -0.9066542387008667], [1.6791714429855347, 2.608917236328125, 0.1538100242614746], [0.11874957382678986, 4.134964942932129, 0.41843512654304504], [-0.6581828594207764, 4.016554832458496, 0.644450843334198], [0.8666809797286987, 4.931448936462402, 0.09942346066236496], [1.3445065021514893, 3.680060386657715, -0.0017258523730561137], [-1.8155769109725952, 2.661280870437622, -0.19078916311264038], [0.4667784869670868, 4.105175495147705, 0.6162322163581848], [0.7970044016838074, 4.040553092956543, -0.3839561641216278], [-1.3837485313415527, 4.844825267791748, 0.725816011428833], [-0.01725850999355316, 4.645467281341553, -0.0787845328450203], [0.4716223478317261, 5.105075359344482, -0.0506548136472702], [0.650888979434967, 3.676102876663208, -0.11362805217504501], [-0.29389622807502747, 2.4829893112182617, -0.016923734918236732], [1.107205867767334, 1.6583598852157593, 0.1472223699092865], [2.3035244941711426, 5.582573413848877, -0.2522464692592621], [0.1801232248544693, 2.5401113033294678, 0.28212225437164307]]"
2816,1.9760745787968843,-0.152370326057674,0.4940186446992211,0.024167338571806356,0.0861100345557589,0.8409274476037989,0.5337059392228283,1.9754033252325718,-0.15157025887255657,0.4931910744693214,0.024868372542420168,0.08489199666162205,0.8410819029151393,0.5336254730975113,"[75, 95, 168, 205, 229, 242, 277, 284, 345, 382, 424, 467, 478, 490, 505, 522, 529, 565, 625, 669, 693, 705, 722, 963, 1024, 1104, 1117, 1164, 1168, 1217, 1282, 1344, 1503, 1547, 1556, 1629, 1787, 1858, 1896, 1937, 2057, 2089, 2128, 2158, 2229, 2302, 2360, 2368, 2422, 2463, 2518, 2527, 2541, 2556, 2572, 2617, 2659, 2731, 2750, 2781, 2846, 2938, 3127, 3182, 3321, 3323, 3342, 3405, 3432, 3478, 3493, 3506, 3513, 3516, 3542, 3546, 3580, 3649, 3735, 3748, 4007, 4061, 4100, 4107, 4136, 4138, 4215, 4216, 4364, 4400, 4420, 4515, 4828, 4834, 4854, 4867]","[[0.01768755273122523, 5.954095521209687], [0.11198451969869523, 5.111692337183402], [-0.44143181521803165, 1.9394615942591715], [0.2200777459248626, 5.888562041098404], [-0.4095151842748602, 4.214562826903723], [0.031600391674163945, 2.753076094804866], [0.17438315631008558, 1.8559056516434358], [-0.45901183896090264, 2.7182521793636174], [-0.3751276100487816, 5.964680455190404], [-0.09881381246179023, 5.1689246231648225], [0.20406356530114908, 4.1279899356429075], [0.1778423728421988, 5.81219023066823], [-0.030337267699720522, 3.471541137501662], [-0.4635649690519952, 4.249353100884981], [-0.30022691461489226, 5.867625076986428], [-0.31855600526882694, 5.335195203300468], [0.3310278846906597, 5.876188910677294], [0.28230833955716095, 5.587917187765576], [-0.16069603217091705, 3.764529290095941], [-0.4422641402600998, 4.6700074409363115], [0.3513840357234335, 4.561291740847994], [-0.17706182762202874, 5.543194424960946], [0.5163613891414479, 5.451067346237067], [-0.37391141155414315, 5.894942112713481], [0.274889714799079, 3.211990299104275], [0.24581801314344787, 5.089439556671184], [0.42628597290925213, 5.990286080081504], [-0.5178135263888413, 5.917163942443763], [-0.1924837106863604, 5.281462938005155], [0.38693538167155583, 3.9082975762520924], [-0.32389586928586167, 2.482776390873709], [-0.2521041012940395, 4.99330656170224], [-0.44259911917774325, 5.530581647144098], [0.040979288180374114, 4.574940222570989], [-0.31646210481935244, 5.517411454980937], [-0.2617907984607642, 4.926944283581863], [0.10425222051482085, 5.345991428706307], [-0.45216210828605374, 5.863857081204992], [-0.49778607756233756, 5.677183653094866], [-0.1986266062730825, 4.589283899708574], [0.09024609863338784, 5.657651673410304], [0.4560384521888716, 2.041397978196495], [0.027650431069987488, 4.453531100572288], [0.02450059899212248, 2.710771400235328], [-0.08728346912862435, 5.254512994166107], [-0.3962479796880576, 2.84319622551963], [0.4220356537756467, 5.848055743992112], [0.14165835992985862, 2.8460327932575664], [0.28261435422707326, 5.246230557269473], [-0.3183585366126395, 5.855254907145198], [0.27892443696361013, 1.5264215084918982], [-0.025571981660712506, 2.4245657341780427], [-0.3594872346044458, 3.6043599917657563], [-0.006848949874728249, 4.175918619469572], [-0.2367226748790368, 3.7616265032761524], [-0.14839298577310922, 3.8867721578566887], [-0.15373719782102788, 5.880971264175686], [-0.2963898530334471, 5.446799166791293], [-0.10014888739876049, 5.858313338966442], [-0.21189065302732174, 5.0417824062497765], [-0.4083331231415016, 5.667062440950032], [-0.3610984031618244, 5.238064932630441], [-0.07862058514258184, 3.0818290975194516], [-0.43707298247516835, 4.338438752580693], [0.3579437924007182, 4.139289124254584], [0.4849399647119562, 5.53451436244604], [-0.08628057161526523, 3.806516126716077], [0.2844567506012644, 2.6975188396665457], [0.14522511916957992, 5.6883945393981605], [0.155933257306679, 3.8501159561496836], [0.3437150852013516, 4.0876855448148826], [-0.3885873015336787, 3.939846430759493], [0.04298850090411368, 4.576556353064598], [0.054116735670795474, 4.605606854451972], [0.5199947473241855, 4.875717965818148], [0.22998445956989835, 4.134654763730832], [0.5176156789931801, 5.452865705324169], [0.2715870423596893, 4.58584755279146], [-0.010875648535923222, 2.9149997989019623], [0.12345184379354088, 4.866566843464385], [-0.33880725493903485, 5.956157532735813], [-0.3429827577619029, 2.7949085808645457], [-0.028531776760511773, 4.6700089346738505], [0.13293939244668368, 4.932048380549276], [-0.2290491286989891, 5.214955424794588], [-0.2873937432011265, 3.9127820240263596], [-0.08797845199471428, 4.5164299037159115], [-0.1908266854454548, 4.441286687589541], [0.32872888104049236, 3.851161549023215], [-0.05988602757039795, 5.2235481896257765], [-0.16918499775630838, 5.495662158368813], [-0.12462708065703891, 4.0939151134101355], [0.24617965404965772, 3.514700680425758], [-0.016869455901212867, 2.0360490801680386], [-0.5052811880388169, 5.788185011596517], [0.13902698923330148, 3.240957115324746]]","[[-0.735512375831604, 5.071609973907471, -0.41982975602149963], [-0.781180739402771, 4.064624309539795, -0.38334643840789795], [1.9507211446762085, 1.7600117921829224, 0.1543455868959427], [-1.690869688987732, 4.409207820892334, -0.17856155335903168], [1.8264570236206055, 4.0445404052734375, 0.09593416750431061], [0.7538830041885376, 2.314903974533081, 0.5854530334472656], [0.9570228457450867, 1.3783893585205078, 0.745502233505249], [1.9599865674972534, 2.4845328330993652, -0.1815185844898224], [1.4319427013397217, 5.578310966491699, -1.0808542966842651], [0.30824869871139526, 4.73850679397583, 0.7172616720199585], [-0.5038958191871643, 3.150254726409912, 0.4329964220523834], [-1.3475202322006226, 4.6160688400268555, 0.7044112086296082], [0.5631309151649475, 2.9999711513519287, 0.12128958851099014], [2.097599744796753, 4.09572172164917, 0.3754720985889435], [1.0075819492340088, 5.458253383636475, -0.9442963004112244], [1.4013367891311646, 5.146660327911377, 0.7831169962882996], [-1.9834338426589966, 4.126326084136963, 1.2579008340835571], [-1.5779470205307007, 4.093191146850586, 1.2656919956207275], [0.9735420346260071, 3.477978229522705, 0.5639318823814392], [2.0338191986083984, 4.5210676193237305, 0.5370109677314758], [-1.2529512643814087, 3.0691990852355957, 0.6317134499549866], [0.6284419298171997, 5.218175411224365, 0.8114650249481201], [-2.5112016201019287, 2.9271531105041504, 0.18002872169017792], [1.4342089891433716, 5.5105695724487305, -1.064271330833435], [-0.15580470860004425, 2.233808755874634, 0.1942511945962906], [-1.0987924337387085, 3.838974714279175, 1.2321866750717163], [-2.643998384475708, 3.590893030166626, -0.2406441867351532], [2.381521463394165, 5.68796443939209, -0.3931300938129425], [0.6671563982963562, 4.9510884284973145, 0.08018825948238373], [-0.9142951965332031, 2.4783380031585693, 0.3966814875602722], [1.7228246927261353, 2.317826509475708, 0.5801055431365967], [0.9604702591896057, 4.650146961212158, -0.4360598027706146], [1.8771520853042603, 5.262132167816162, -0.6439931392669678], [-0.1251818686723709, 3.9142308235168457, 0.487517774105072], [1.155704140663147, 5.119636535644531, -0.9208241105079651], [1.0243852138519287, 4.614221096038818, -0.3322118818759918], [-0.7530555725097656, 4.44417667388916, 0.6593567728996277], [2.0866427421569824, 5.712187767028809, 0.48485708236694336], [2.2696025371551514, 5.486732482910156, -0.12071239203214645], [0.9093790054321289, 4.313949108123779, 0.5192649364471436], [-0.9702979922294617, 4.599729061126709, -0.38003405928611755], [0.36733919382095337, 1.086186408996582, 0.2718144357204437], [0.0504140630364418, 3.844172477722168, 0.9141488671302795], [0.7296291589736938, 2.2370800971984863, 0.18609796464443207], [0.12379542738199234, 4.747463226318359, 0.05897322669625282], [1.8903381824493408, 2.692002058029175, 0.5670227408409119], [-2.3432328701019287, 3.7164127826690674, 1.2614216804504395], [0.4132384955883026, 2.2306692600250244, 0.46351492404937744], [-1.3945835828781128, 3.8312363624572754, 1.0456211566925049], [1.2765042781829834, 5.660760879516602, 0.28941968083381653], [0.9654010534286499, 0.9919740557670593, 0.44007304310798645], [0.9547919034957886, 1.9833277463912964, -0.03672834113240242], [1.6238069534301758, 3.367189884185791, -0.2100205272436142], [0.23832537233829498, 3.6462972164154053, 0.48138654232025146], [1.2931238412857056, 3.53771710395813, 0.7972477078437805], [0.9247138500213623, 3.581916570663452, 0.7817375659942627], [0.2728913426399231, 5.443265914916992, -0.1400608867406845], [1.0732896327972412, 5.052921772003174, -0.8341825008392334], [-0.09902448207139969, 5.187546253204346, -0.7424336671829224], [0.8582029342651367, 4.764886379241943, 0.44744107127189636], [1.7300890684127808, 5.448585510253906, -0.3523448407649994], [1.4634310007095337, 4.947659015655518, -0.586247444152832], [0.9084689617156982, 2.7410616874694824, 0.50437331199646], [1.8829679489135742, 4.095810890197754, -0.4020892083644867], [-0.9890633225440979, 2.737027883529663, 0.4969906806945801], [-2.299474000930786, 3.2500319480895996, 1.3854225873947144], [0.6224063634872437, 3.3841347694396973, 0.07435598969459534], [0.21531108021736145, 1.8863191604614258, 0.6642800569534302], [-1.132378101348877, 4.613344192504883, 0.6494982838630676], [-0.14224176108837128, 3.0581369400024414, 0.7034266591072083], [-0.8076946139335632, 2.7856414318084717, 1.080052375793457], [1.798193335533142, 3.787522315979004, 0.46751636266708374], [-0.05047990381717682, 3.9298436641693115, 0.9450393319129944], [-0.09190124273300171, 3.927936315536499, 1.0433226823806763], [-2.0503463745117188, 2.580843210220337, 0.16788677871227264], [-0.5776119232177734, 3.100867509841919, 0.564811110496521], [-2.5048022270202637, 2.9555652141571045, 0.38583070039749146], [-0.9895907044410706, 3.3452248573303223, 0.6578116416931152], [0.7728717923164368, 2.505786895751953, 0.4832989275455475], [-0.6541420221328735, 3.9293251037597656, 0.15746080875396729], [1.2403390407562256, 5.591884613037109, -0.9066542387008667], [1.6791714429855347, 2.608917236328125, 0.1538100242614746], [0.11874957382678986, 4.134964942932129, 0.41843512654304504], [-0.6581828594207764, 4.016554832458496, 0.644450843334198], [0.8666809797286987, 4.931448936462402, 0.09942346066236496], [1.3445065021514893, 3.680060386657715, -0.0017258523730561137], [0.4667784869670868, 4.105175495147705, 0.6162322163581848], [0.7970044016838074, 4.040553092956543, -0.3839561641216278], [-0.5841604471206665, 2.6490478515625, 1.155456304550171], [-0.01725850999355316, 4.645467281341553, -0.0787845328450203], [0.4716223478317261, 5.105075359344482, -0.0506548136472702], [0.650888979434967, 3.676102876663208, -0.11362805217504501], [-0.29389622807502747, 2.4829893112182617, -0.016923734918236732], [1.107205867767334, 1.6583598852157593, 0.1472223699092865], [2.3035244941711426, 5.582573413848877, -0.2522464692592621], [0.1801232248544693, 2.5401113033294678, 0.28212225437164307]]"
2818,1.9601994605430804,-0.19455539731903904,0.4900498651357701,0.04216746251461483,0.08815181969529205,0.8389611779674191,0.535345966318051,1.9598492732611335,-0.19318600678039421,0.48932253655908137,0.04226743258591568,0.0886510761220453,0.8386879512097457,0.5356836485656414,"[75, 95, 168, 205, 229, 242, 277, 284, 286, 382, 424, 467, 478, 490, 505, 522, 529, 565, 584, 625, 669, 693, 705, 722, 963, 1024, 1104, 1164, 1168, 1170, 1217, 1282, 1344, 1489, 1503, 1547, 1629, 1787, 1858, 1896, 1937, 2057, 2089, 2128, 2158, 2229, 2302, 2360, 2368, 2422, 2463, 2518, 2541, 2556, 2572, 2617, 2659, 2731, 2750, 2781, 2846, 2938, 3127, 3182, 3224, 3321, 3323, 3342, 3405, 3432, 3478, 3493, 3506, 3513, 3516, 3542, 3546, 3580, 3649, 3735, 3748, 4007, 4061, 4091, 4100, 4107, 4136, 4138, 4215, 4216, 4364, 4400, 4420, 4480, 4515, 4625, 4703, 4828, 4834, 4854, 4867]","[[0.009035766805791505, 5.987445050409614], [0.10203560349338221, 5.1403762609713946], [-0.4503888958277815, 1.9834493628637424], [0.2112680460582368, 5.913851158851091], [-0.4105284646322134, 4.259984727186817], [0.0231352523257652, 2.7851857025121167], [0.15833022474372338, 1.882774647367559], [-0.4667619797536247, 2.7608723133816935], [-0.48220490975048597, 5.528562217032128], [-0.09746203676522605, 5.206652135097761], [0.19552462251853717, 4.155682536703488], [0.1740241759675276, 5.842112289985854], [-0.040928750590971084, 3.5051989948731848], [-0.46303821609450796, 4.293423332901918], [-0.3068439035812945, 5.910745653443128], [-0.3130415867373449, 5.379607856574698], [0.32502387704508995, 5.899437308060702], [0.27814584062461906, 5.612250275494694], [-0.39755257420415235, 5.258677066175063], [-0.16454646791057514, 3.800984916844356], [-0.439504353530768, 4.7166097875523585], [0.34402484194445365, 4.583217477130581], [-0.1758103053262938, 5.583089415965496], [0.5093407231771786, 5.463370189053266], [-0.3804322029985943, 5.934904256550971], [0.2600979419088601, 3.23308951082186], [0.23956458435768288, 5.11605157597018], [-0.5206483417677522, 5.96305114185789], [-0.1979990273928079, 5.321200254228698], [-0.07232012291650806, 4.244157518479288], [0.3770614722106682, 3.9257038419101984], [-0.32583710411011435, 2.5255326342734348], [-0.26024631287413436, 5.032568890003712], [0.47894859733774414, 4.556166373108782], [-0.44398850617597035, 5.576148080579916], [0.036606910772586015, 4.6069582028042], [-0.264673925040212, 4.967353689306741], [0.10180550111248371, 5.378303986667124], [-0.4465255745417873, 5.907943392314723], [-0.49728541571471363, 5.721710743703887], [-0.1989467611933812, 4.63067462785642], [0.08367259302373325, 5.686688777666328], [0.4326710552500964, 2.055752625609078], [0.028574738791303882, 4.486703750392908], [0.015137719731839824, 2.7426236394237096], [-0.0907354295506272, 5.290952176125152], [-0.39582244119810506, 2.8863803604357314], [0.41768113761927733, 5.864271341078286], [0.1304743244871526, 2.877501916010677], [0.27736914205140223, 5.2714313940495945], [-0.3184232985214298, 5.899557219918214], [0.2539107051891545, 1.5481123374420356], [-0.3679435045120886, 3.648064321888246], [-0.011525686294854965, 4.209079890436895], [-0.23671160139806308, 3.8053617867100775], [-0.1471257497501452, 3.927270243099528], [-0.1590983357167612, 5.918549841773695], [-0.3030619132364095, 5.481310447780964], [-0.10636929731155738, 5.89265358244574], [-0.21075971570053645, 5.081462490254767], [-0.4109564426384838, 5.708977296276672], [-0.36804268449831584, 5.276553744055553], [-0.08572602263439051, 3.120056321603942], [-0.4430923480375003, 4.382463421958386], [-0.3727265105638239, 4.6308865412646965], [0.3509719049881882, 4.160253011556786], [0.47929715567783515, 5.5504546550905065], [-0.09263438660076792, 3.8446695922135787], [0.2729632273323216, 2.720961347467269], [0.14280340925904067, 5.718055306910504], [0.14902137883744138, 3.879665452379757], [0.337564974044953, 4.111540789809571], [-0.38745430570204015, 3.985339417616334], [0.040285013349264126, 4.609347414290128], [0.05262590227369146, 4.638496565867377], [0.5116691928303264, 4.88699781950093], [0.2227170607157276, 4.160677150917768], [0.51296283552683, 5.463770177345688], [0.26438176597047564, 4.611341574118919], [-0.019464807281412772, 2.951248006051463], [0.1171880532284685, 4.892697602876994], [-0.3458876813118471, 5.997274250862317], [-0.34861174405326045, 2.836320632707895], [0.51715666328246, 3.5788736064028437], [-0.03191380110863989, 4.703154790333035], [0.12659132269837187, 4.959348431975728], [-0.2326451849203489, 5.256865784017475], [-0.2919309931786683, 3.9534289930825177], [-0.09225727532001265, 4.553967212841206], [-0.19906868071946937, 4.479283841163541], [0.32293412488557915, 3.8733559023029045], [-0.06521627479276523, 5.2589183815806155], [-0.1740498170742261, 5.530614576844608], [0.03524977959655083, 3.863874076206429], [-0.1332858673322789, 4.130125105022808], [-0.004287022296684635, 4.936373195622164], [-0.1930125372225028, 4.982719894193085], [0.2351925478318978, 3.5360105183353125], [-0.03328323060905529, 2.067742424966059], [-0.5061308918681604, 5.833832699323087], [0.12970325555939255, 3.268758568365156]]","[[-0.735512375831604, 5.071609973907471, -0.41982975602149963], [-0.781180739402771, 4.064624309539795, -0.38334643840789795], [1.9507211446762085, 1.7600117921829224, 0.1543455868959427], [-1.690869688987732, 4.409207820892334, -0.17856155335903168], [1.8264570236206055, 4.0445404052734375, 0.09593416750431061], [0.7538830041885376, 2.314903974533081, 0.5854530334472656], [0.9570228457450867, 1.3783893585205078, 0.745502233505249], [1.9599865674972534, 2.4845328330993652, -0.1815185844898224], [2.3258464336395264, 5.314465522766113, 0.7844532132148743], [0.30824869871139526, 4.73850679397583, 0.7172616720199585], [-0.5038958191871643, 3.150254726409912, 0.4329964220523834], [-1.3475202322006226, 4.6160688400268555, 0.7044112086296082], [0.5631309151649475, 2.9999711513519287, 0.12128958851099014], [2.097599744796753, 4.09572172164917, 0.3754720985889435], [1.0075819492340088, 5.458253383636475, -0.9442963004112244], [1.4013367891311646, 5.146660327911377, 0.7831169962882996], [-1.9834338426589966, 4.126326084136963, 1.2579008340835571], [-1.5779470205307007, 4.093191146850586, 1.2656919956207275], [1.8719948530197144, 5.052525520324707, 0.8349053263664246], [0.9735420346260071, 3.477978229522705, 0.5639318823814392], [2.0338191986083984, 4.5210676193237305, 0.5370109677314758], [-1.2529512643814087, 3.0691990852355957, 0.6317134499549866], [0.6284419298171997, 5.218175411224365, 0.8114650249481201], [-2.5112016201019287, 2.9271531105041504, 0.18002872169017792], [1.4342089891433716, 5.5105695724487305, -1.064271330833435], [-0.15580470860004425, 2.233808755874634, 0.1942511945962906], [-1.0987924337387085, 3.838974714279175, 1.2321866750717163], [2.381521463394165, 5.68796443939209, -0.3931300938129425], [0.6671563982963562, 4.9510884284973145, 0.08018825948238373], [0.5833927989006042, 3.7820382118225098, 1.0432583093643188], [-0.9142951965332031, 2.4783380031585693, 0.3966814875602722], [1.7228246927261353, 2.317826509475708, 0.5801055431365967], [0.9604702591896057, 4.650146961212158, -0.4360598027706146], [-1.473271369934082, 2.6381380558013916, 1.459179162979126], [1.8771520853042603, 5.262132167816162, -0.6439931392669678], [-0.1251818686723709, 3.9142308235168457, 0.487517774105072], [1.0243852138519287, 4.614221096038818, -0.3322118818759918], [-0.7530555725097656, 4.44417667388916, 0.6593567728996277], [2.0866427421569824, 5.712187767028809, 0.48485708236694336], [2.2696025371551514, 5.486732482910156, -0.12071239203214645], [0.9093790054321289, 4.313949108123779, 0.5192649364471436], [-0.9702979922294617, 4.599729061126709, -0.38003405928611755], [0.36733919382095337, 1.086186408996582, 0.2718144357204437], [0.0504140630364418, 3.844172477722168, 0.9141488671302795], [0.7296291589736938, 2.2370800971984863, 0.18609796464443207], [0.12379542738199234, 4.747463226318359, 0.05897322669625282], [1.8903381824493408, 2.692002058029175, 0.5670227408409119], [-2.3432328701019287, 3.7164127826690674, 1.2614216804504395], [0.4132384955883026, 2.2306692600250244, 0.46351492404937744], [-1.3945835828781128, 3.8312363624572754, 1.0456211566925049], [1.2765042781829834, 5.660760879516602, 0.28941968083381653], [0.9654010534286499, 0.9919740557670593, 0.44007304310798645], [1.6238069534301758, 3.367189884185791, -0.2100205272436142], [0.23832537233829498, 3.6462972164154053, 0.48138654232025146], [1.2931238412857056, 3.53771710395813, 0.7972477078437805], [0.9247138500213623, 3.581916570663452, 0.7817375659942627], [0.2728913426399231, 5.443265914916992, -0.1400608867406845], [1.0732896327972412, 5.052921772003174, -0.8341825008392334], [-0.09902448207139969, 5.187546253204346, -0.7424336671829224], [0.8582029342651367, 4.764886379241943, 0.44744107127189636], [1.7300890684127808, 5.448585510253906, -0.3523448407649994], [1.4634310007095337, 4.947659015655518, -0.586247444152832], [0.9084689617156982, 2.7410616874694824, 0.50437331199646], [1.8829679489135742, 4.095810890197754, -0.4020892083644867], [1.7741444110870361, 4.417745590209961, 0.8527701497077942], [-0.9890633225440979, 2.737027883529663, 0.4969906806945801], [-2.299474000930786, 3.2500319480895996, 1.3854225873947144], [0.6224063634872437, 3.3841347694396973, 0.07435598969459534], [0.21531108021736145, 1.8863191604614258, 0.6642800569534302], [-1.132378101348877, 4.613344192504883, 0.6494982838630676], [-0.14224176108837128, 3.0581369400024414, 0.7034266591072083], [-0.8076946139335632, 2.7856414318084717, 1.080052375793457], [1.798193335533142, 3.787522315979004, 0.46751636266708374], [-0.05047990381717682, 3.9298436641693115, 0.9450393319129944], [-0.09190124273300171, 3.927936315536499, 1.0433226823806763], [-2.0503463745117188, 2.580843210220337, 0.16788677871227264], [-0.5776119232177734, 3.100867509841919, 0.564811110496521], [-2.5048022270202637, 2.9555652141571045, 0.38583070039749146], [-0.9895907044410706, 3.3452248573303223, 0.6578116416931152], [0.7728717923164368, 2.505786895751953, 0.4832989275455475], [-0.6541420221328735, 3.9293251037597656, 0.15746080875396729], [1.2403390407562256, 5.591884613037109, -0.9066542387008667], [1.6791714429855347, 2.608917236328125, 0.1538100242614746], [-0.9894141554832458, 1.8149076700210571, 0.20754870772361755], [0.11874957382678986, 4.134964942932129, 0.41843512654304504], [-0.6581828594207764, 4.016554832458496, 0.644450843334198], [0.8666809797286987, 4.931448936462402, 0.09942346066236496], [1.3445065021514893, 3.680060386657715, -0.0017258523730561137], [0.4667784869670868, 4.105175495147705, 0.6162322163581848], [0.7970044016838074, 4.040553092956543, -0.3839561641216278], [-0.5841604471206665, 2.6490478515625, 1.155456304550171], [-0.01725850999355316, 4.645467281341553, -0.0787845328450203], [0.4716223478317261, 5.105075359344482, -0.0506548136472702], [0.33410578966140747, 3.262998580932617, 1.0585516691207886], [0.650888979434967, 3.676102876663208, -0.11362805217504501], [0.036594752222299576, 4.307314872741699, 1.1208006143569946], [0.8937721848487854, 4.650120735168457, 0.9672383666038513], [-0.29389622807502747, 2.4829893112182617, -0.016923734918236732], [1.107205867767334, 1.6583598852157593, 0.1472223699092865], [2.3035244941711426, 5.582573413848877, -0.2522464692592621], [0.1801232248544693, 2.5401113033294678, 0.28212225437164307]]"
2820,1.9388925125678453,-0.2378088542823526,0.48472312814196133,0.05717124302749157,0.08153929640384108,0.8374766108392199,0.5373227320799961,1.9382280383867643,-0.2380821559477305,0.48434881331667023,0.05700418276020124,0.08208937833163939,0.8374213015768918,0.5373429266104012,"[168, 196, 205, 229, 239, 242, 277, 284, 286, 382, 424, 467, 478, 490, 522, 529, 565, 584, 625, 669, 693, 705, 722, 789, 1024, 1104, 1168, 1170, 1195, 1217, 1282, 1344, 1489, 1503, 1547, 1629, 1673, 1724, 1787, 1858, 1896, 1937, 2128, 2158, 2229, 2302, 2360, 2368, 2422, 2463, 2518, 2541, 2556, 2572, 2617, 2659, 2781, 2846, 2938, 3127, 3182, 3224, 3321, 3323, 3342, 3405, 3432, 3478, 3493, 3506, 3513, 3516, 3542, 3546, 3580, 3632, 3649, 3668, 3735, 3748, 4061, 4100, 4107, 4136, 4138, 4215, 4216, 4364, 4400, 4420, 4480, 4515, 4526, 4625, 4703, 4834, 4854, 4867]","[[-0.4587873371617858, 2.0241516064447467], [-0.5210457082630737, 5.122731027797803], [0.2045474933957699, 5.934459713708418], [-0.4161655724503603, 4.300721960483545], [-0.330328316693253, 4.370475131537824], [0.011116870526658182, 2.818316664620601], [0.14167478519463247, 1.910028388308412], [-0.4736588491939673, 2.8025496163813663], [-0.48072100851411703, 5.575039352168124], [-0.10599274065821843, 5.240907895382909], [0.18899123862631573, 4.176864017305741], [0.16676501335215305, 5.865248035493998], [-0.048013214440065, 3.536460075202344], [-0.4621633902412834, 4.338842787294092], [-0.3128608810031489, 5.421108028093956], [0.31991642422865507, 5.918764857205183], [0.2737310771018611, 5.634804715636773], [-0.3978537813188399, 5.3011308368747025], [-0.17014821550688858, 3.8404385582111984], [-0.43936574486282826, 4.760102915656011], [0.3375434972291739, 4.598223212724559], [-0.17975845403800939, 5.621175394908653], [0.5040460835356577, 5.46949848246509], [-0.20481843582840964, 3.9398553022051988], [0.24997753976669246, 3.2518583348197243], [0.23291821054478676, 5.13972969917038], [-0.20246277736432872, 5.3585507891489765], [-0.0768737544832683, 4.278557139946287], [-0.3474957082614735, 5.541458222869436], [0.3670832111887041, 3.94054902400993], [-0.33343478785808645, 2.565036198034465], [-0.2641580385491659, 5.068674067033363], [0.4703717619324519, 4.5674044152198725], [-0.44819483373722063, 5.616120551518858], [0.02959981987925223, 4.635958474419911], [-0.27065795344728666, 5.003098467873791], [0.0565021510204052, 5.879648077127474], [0.5001259894617913, 1.9333401041704448], [0.09644965469735879, 5.402145779887905], [-0.44811805614267003, 5.951506023487787], [-0.4989048937131295, 5.766069862044334], [-0.2006971955025735, 4.666219879395148], [0.021573592482260946, 4.517745875539431], [0.0033110002077079217, 2.7727180343437507], [-0.09566246450344915, 5.322927667083937], [-0.4020485082768664, 2.931623354203323], [0.41152284579205345, 5.881452727102251], [0.11936418719536458, 2.900521620488811], [0.2705409971233457, 5.290781161844047], [-0.3191675361400329, 5.939407288106757], [0.23068773240757667, 1.5690909626146519], [-0.37199565428673254, 3.685252613886245], [-0.017448130643743936, 4.238376951937017], [-0.23950395562591212, 3.8429124703039617], [-0.1532532121202308, 3.9642075349580614], [-0.16197747709920463, 5.9527712403261415], [-0.2156746815634216, 5.118505698282617], [-0.41422831287819084, 5.751466492503346], [-0.3700207906756477, 5.316969840918973], [-0.09303723984914729, 3.152447494193892], [-0.4484422646108476, 4.42444727579444], [-0.37322480114736833, 4.674047580002974], [0.34041879618465326, 4.175732833057442], [0.47347269681888887, 5.562884483864545], [-0.10168177194440606, 3.8748119119989983], [0.25993996656839474, 2.7415595674499067], [0.13818631767927164, 5.742713938022751], [0.14208271620197607, 3.90342548778647], [0.32852501350019403, 4.128885189559961], [-0.38978235240077125, 4.027122501277486], [0.03464996112859261, 4.641564228406595], [0.046694363465680955, 4.6678161436396195], [0.5053633447460074, 4.896820370458292], [0.21442247761326766, 4.181286269652703], [0.5067261281670312, 5.4734163522079236], [0.4120564726154184, 4.717452448293234], [0.2566799677149772, 4.628605720896718], [0.37939231676780605, 4.191134990443236], [-0.029804517964579818, 2.98210977151979], [0.11047166365666679, 4.9201295671976135], [-0.3551261286415552, 2.878987285369168], [-0.03753106477882259, 4.736702982181182], [0.11954527461139006, 4.985946035654397], [-0.2359464006026928, 5.293554387114872], [-0.29862251361676967, 3.992980121275339], [-0.09481629192620912, 4.587414541480908], [-0.20491750755163246, 4.512040116908204], [0.31292495145307647, 3.892991499361117], [-0.07006418161042684, 5.291177550938529], [-0.1786440616507052, 5.566405706062733], [0.02940338384927072, 3.89512404126728], [-0.13761127106527182, 4.162450690986484], [-0.16326725887664378, 5.995776418876039], [-0.006171311271218573, 4.966932414786166], [-0.19656414651344714, 5.022291163954578], [-0.04989142760266797, 2.098969502484343], [-0.5071461004619316, 5.877387363102901], [0.11915151865693331, 3.2939469411291804]]","[[1.9507211446762085, 1.7600117921829224, 0.1543455868959427], [2.5086491107940674, 4.8439741134643555, 0.810574471950531], [-1.690869688987732, 4.409207820892334, -0.17856155335903168], [1.8264570236206055, 4.0445404052734375, 0.09593416750431061], [1.6176284551620483, 4.096442222595215, 0.938147783279419], [0.7538830041885376, 2.314903974533081, 0.5854530334472656], [0.9570228457450867, 1.3783893585205078, 0.745502233505249], [1.9599865674972534, 2.4845328330993652, -0.1815185844898224], [2.3258464336395264, 5.314465522766113, 0.7844532132148743], [0.30824869871139526, 4.73850679397583, 0.7172616720199585], [-0.5038958191871643, 3.150254726409912, 0.4329964220523834], [-1.3475202322006226, 4.6160688400268555, 0.7044112086296082], [0.5631309151649475, 2.9999711513519287, 0.12128958851099014], [2.097599744796753, 4.09572172164917, 0.3754720985889435], [1.4013367891311646, 5.146660327911377, 0.7831169962882996], [-1.9834338426589966, 4.126326084136963, 1.2579008340835571], [-1.5779470205307007, 4.093191146850586, 1.2656919956207275], [1.8719948530197144, 5.052525520324707, 0.8349053263664246], [0.9735420346260071, 3.477978229522705, 0.5639318823814392], [2.0338191986083984, 4.5210676193237305, 0.5370109677314758], [-1.2529512643814087, 3.0691990852355957, 0.6317134499549866], [0.6284419298171997, 5.218175411224365, 0.8114650249481201], [-2.5112016201019287, 2.9271531105041504, 0.18002872169017792], [1.1839803457260132, 3.5905325412750244, 1.0190378427505493], [-0.15580470860004425, 2.233808755874634, 0.1942511945962906], [-1.0987924337387085, 3.838974714279175, 1.2321866750717163], [0.6671563982963562, 4.9510884284973145, 0.08018825948238373], [0.5833927989006042, 3.7820382118225098, 1.0432583093643188], [1.6244605779647827, 5.264101505279541, 1.0627230405807495], [-0.9142951965332031, 2.4783380031585693, 0.3966814875602722], [1.7228246927261353, 2.317826509475708, 0.5801055431365967], [0.9604702591896057, 4.650146961212158, -0.4360598027706146], [-1.473271369934082, 2.6381380558013916, 1.459179162979126], [1.8771520853042603, 5.262132167816162, -0.6439931392669678], [-0.1251818686723709, 3.9142308235168457, 0.487517774105072], [1.0243852138519287, 4.614221096038818, -0.3322118818759918], [-0.5980858206748962, 4.965366840362549, 1.5139001607894897], [0.4513542056083679, 0.9319207072257996, 0.8805487751960754], [-0.7530555725097656, 4.44417667388916, 0.6593567728996277], [2.0866427421569824, 5.712187767028809, 0.48485708236694336], [2.2696025371551514, 5.486732482910156, -0.12071239203214645], [0.9093790054321289, 4.313949108123779, 0.5192649364471436], [0.0504140630364418, 3.844172477722168, 0.9141488671302795], [0.7296291589736938, 2.2370800971984863, 0.18609796464443207], [0.12379542738199234, 4.747463226318359, 0.05897322669625282], [1.8903381824493408, 2.692002058029175, 0.5670227408409119], [-2.3432328701019287, 3.7164127826690674, 1.2614216804504395], [0.4132384955883026, 2.2306692600250244, 0.46351492404937744], [-1.3945835828781128, 3.8312363624572754, 1.0456211566925049], [1.2765042781829834, 5.660760879516602, 0.28941968083381653], [0.9654010534286499, 0.9919740557670593, 0.44007304310798645], [1.6238069534301758, 3.367189884185791, -0.2100205272436142], [0.23832537233829498, 3.6462972164154053, 0.48138654232025146], [1.2931238412857056, 3.53771710395813, 0.7972477078437805], [0.9247138500213623, 3.581916570663452, 0.7817375659942627], [0.2728913426399231, 5.443265914916992, -0.1400608867406845], [0.8582029342651367, 4.764886379241943, 0.44744107127189636], [1.7300890684127808, 5.448585510253906, -0.3523448407649994], [1.4634310007095337, 4.947659015655518, -0.586247444152832], [0.9084689617156982, 2.7410616874694824, 0.50437331199646], [1.8829679489135742, 4.095810890197754, -0.4020892083644867], [1.7741444110870361, 4.417745590209961, 0.8527701497077942], [-0.9890633225440979, 2.737027883529663, 0.4969906806945801], [-2.299474000930786, 3.2500319480895996, 1.3854225873947144], [0.6224063634872437, 3.3841347694396973, 0.07435598969459534], [0.21531108021736145, 1.8863191604614258, 0.6642800569534302], [-1.132378101348877, 4.613344192504883, 0.6494982838630676], [-0.14224176108837128, 3.0581369400024414, 0.7034266591072083], [-0.8076946139335632, 2.7856414318084717, 1.080052375793457], [1.798193335533142, 3.787522315979004, 0.46751636266708374], [-0.05047990381717682, 3.9298436641693115, 0.9450393319129944], [-0.09190124273300171, 3.927936315536499, 1.0433226823806763], [-2.0503463745117188, 2.580843210220337, 0.16788677871227264], [-0.5776119232177734, 3.100867509841919, 0.564811110496521], [-2.5048022270202637, 2.9555652141571045, 0.38583070039749146], [-1.3703590631484985, 2.9373812675476074, 1.591481328010559], [-0.9895907044410706, 3.3452248573303223, 0.6578116416931152], [-0.9016164541244507, 2.6838769912719727, 1.4666798114776611], [0.7728717923164368, 2.505786895751953, 0.4832989275455475], [-0.6541420221328735, 3.9293251037597656, 0.15746080875396729], [1.6791714429855347, 2.608917236328125, 0.1538100242614746], [0.11874957382678986, 4.134964942932129, 0.41843512654304504], [-0.6581828594207764, 4.016554832458496, 0.644450843334198], [0.8666809797286987, 4.931448936462402, 0.09942346066236496], [1.3445065021514893, 3.680060386657715, -0.0017258523730561137], [0.4667784869670868, 4.105175495147705, 0.6162322163581848], [0.7970044016838074, 4.040553092956543, -0.3839561641216278], [-0.5841604471206665, 2.6490478515625, 1.155456304550171], [-0.01725850999355316, 4.645467281341553, -0.0787845328450203], [0.4716223478317261, 5.105075359344482, -0.0506548136472702], [0.33410578966140747, 3.262998580932617, 1.0585516691207886], [0.650888979434967, 3.676102876663208, -0.11362805217504501], [0.5564438700675964, 5.532858371734619, 1.3360780477523804], [0.036594752222299576, 4.307314872741699, 1.1208006143569946], [0.8937721848487854, 4.650120735168457, 0.9672383666038513], [1.107205867767334, 1.6583598852157593, 0.1472223699092865], [2.3035244941711426, 5.582573413848877, -0.2522464692592621], [0.1801232248544693, 2.5401113033294678, 0.28212225437164307]]"
2822,1.9131192138817879,-0.2788723475120468,0.47827980347044696,0.0663161375441122,0.06653378781508437,0.8363621038506348,0.5400683810618316,1.912084970310235,-0.2775234287674978,0.47711461083174445,0.06622404800065296,0.06597466484479023,0.8363710275092581,0.5401344493810155,"[104, 168, 196, 229, 239, 242, 277, 286, 382, 424, 467, 478, 490, 522, 529, 565, 584, 625, 650, 669, 693, 705, 789, 1024, 1035, 1104, 1168, 1170, 1195, 1217, 1282, 1344, 1489, 1503, 1505, 1547, 1629, 1673, 1687, 1724, 1787, 1858, 1896, 1937, 2128, 2158, 2198, 2229, 2302, 2360, 2368, 2422, 2463, 2518, 2541, 2556, 2572, 2617, 2659, 2781, 2846, 2938, 3078, 3127, 3182, 3224, 3321, 3323, 3342, 3405, 3432, 3478, 3493, 3504, 3506, 3513, 3516, 3546, 3580, 3632, 3649, 3668, 3735, 3748, 4061, 4100, 4107, 4136, 4138, 4215, 4364, 4400, 4420, 4480, 4515, 4625, 4703, 4854, 4867]","[[0.4256327089729951, 5.4801447263849505], [-0.46696018715554594, 2.0661643940142485], [-0.5219162504672596, 5.167651297362653], [-0.4181491574339194, 4.341822525901152], [-0.3355793577745433, 4.408932540498342], [-0.00030528984631648926, 2.8425737396567547], [0.11842208303717608, 1.9313762539563892], [-0.48248811385429763, 5.616051473451455], [-0.10785163832528018, 5.274578072060605], [0.18295472845682778, 4.197518560976942], [0.1644240134802691, 5.887568348811139], [-0.05488827756766914, 3.5635528008457857], [-0.46553848185505425, 4.379969241617345], [-0.3189421189037705, 5.457903599626608], [0.3158838727093458, 5.933154421579532], [0.2683143142627804, 5.650836578244549], [-0.4001924190984159, 5.343768588095664], [-0.17564467667280817, 3.873139906478252], [0.0021168377562650357, 5.030804433302672], [-0.44173792758748803, 4.801216331350987], [0.3315543478127837, 4.609276967261438], [-0.18510971699567047, 5.654253544023574], [-0.2116419970438868, 3.9750623268053924], [0.24256401485813298, 3.2673270106060386], [0.018637669632802372, 5.304294206623621], [0.22634519642883702, 5.156674613200932], [-0.2038560842359181, 5.391720811119667], [-0.08665248779105696, 4.3099912730459], [-0.34839637386985073, 5.581514177257217], [0.36300908891868083, 3.9507847155699283], [-0.34081897153780993, 2.605617195663673], [-0.26584591986729683, 5.102523369764835], [0.4578645277767278, 4.575962096892916], [-0.45051308466996126, 5.6546471919759345], [-0.14439602939132368, 3.944084230574588], [0.02594542990110452, 4.66114108439612], [-0.27472046460638433, 5.038984645776118], [0.049937360148245714, 5.9070078221847275], [0.012098420849488431, 4.932034651907869], [0.4761169123277339, 1.9394265161573818], [0.09150923567213662, 5.427722865908687], [-0.4501605652409477, 5.994021808397212], [-0.49906386441847495, 5.807271330637173], [-0.20853354409278044, 4.701819002374362], [0.014674229993914207, 4.544989073422501], [-0.008692287396568413, 2.7956475120752633], [-0.36658416401634136, 2.0161188343503675], [-0.10019883242282741, 5.350101502968867], [-0.4077401183882865, 2.973794457409465], [0.40625274600826616, 5.889880239880847], [0.10780595336908798, 2.9207695908597664], [0.26456814651392907, 5.305243714840348], [-0.3216305863874909, 5.976779962822949], [0.20749614470794353, 1.5849809297503186], [-0.3775144708975422, 3.721372779485779], [-0.0257204111427748, 4.267682338627257], [-0.2456962080449847, 3.881643613947927], [-0.16086855341976833, 3.996157848178012], [-0.16581488281390083, 5.983467364524185], [-0.2184561691629085, 5.153959681709594], [-0.4161818000196046, 5.790843188227354], [-0.3737022560651412, 5.353789325665296], [-0.25389701077571214, 4.774733556596068], [-0.10299575184260416, 3.1841060224938147], [-0.45027216154169386, 4.463689025039866], [-0.37594405727681607, 4.712515606671736], [0.33450543597278315, 4.184837789956065], [0.4651449434885837, 5.568721413129675], [-0.10664825446718751, 3.9032673948234025], [0.2443633514464297, 2.755588479868017], [0.13054916829634355, 5.766213173864218], [0.13191455482646763, 3.9233346817364962], [0.31809373350604875, 4.1422448085408865], [-0.45322364424446326, 5.432190433491432], [-0.3932693152931449, 4.066851595806487], [0.026361111924741085, 4.6689420161017585], [0.0384833975282733, 4.694030459914576], [0.2104928374764411, 4.197510636895252], [0.5020703064052627, 5.478405104167251], [0.39952371304135237, 4.728752894257166], [0.25196388448934226, 4.646645114834964], [0.3663331609783842, 4.2046864901426675], [-0.03877028013000036, 3.0081723473406896], [0.10723287836619025, 4.939892345235385], [-0.3617158387292869, 2.9127284953594357], [-0.04246327224686048, 4.7660587154376595], [0.11554511479290963, 5.00921113872266], [-0.23866730780996342, 5.328019061942934], [-0.3025923415901712, 4.027404118837535], [-0.10113284016557862, 4.618592621604747], [0.3038148521824881, 3.909022959571638], [-0.07210463162603438, 5.319649004484381], [-0.18210285362337994, 5.597626638538872], [0.019285939322110528, 3.9215681023507694], [-0.1447319438513496, 4.193707875901623], [-0.015190074229605777, 4.997858560232992], [-0.2011572822699766, 5.055624157116203], [-0.5070117053236061, 5.919835914327904], [0.11222468106593345, 3.3144594185300247]]","[[-1.9455223083496094, 3.339437484741211, 1.9089362621307373], [1.9507211446762085, 1.7600117921829224, 0.1543455868959427], [2.5086491107940674, 4.8439741134643555, 0.810574471950531], [1.8264570236206055, 4.0445404052734375, 0.09593416750431061], [1.6176284551620483, 4.096442222595215, 0.938147783279419], [0.7538830041885376, 2.314903974533081, 0.5854530334472656], [0.9570228457450867, 1.3783893585205078, 0.745502233505249], [2.3258464336395264, 5.314465522766113, 0.7844532132148743], [0.30824869871139526, 4.73850679397583, 0.7172616720199585], [-0.5038958191871643, 3.150254726409912, 0.4329964220523834], [-1.3475202322006226, 4.6160688400268555, 0.7044112086296082], [0.5631309151649475, 2.9999711513519287, 0.12128958851099014], [2.097599744796753, 4.09572172164917, 0.3754720985889435], [1.4013367891311646, 5.146660327911377, 0.7831169962882996], [-1.9834338426589966, 4.126326084136963, 1.2579008340835571], [-1.5779470205307007, 4.093191146850586, 1.2656919956207275], [1.8719948530197144, 5.052525520324707, 0.8349053263664246], [0.9735420346260071, 3.477978229522705, 0.5639318823814392], [0.0180585328489542, 4.275506019592285, 1.4681154489517212], [2.0338191986083984, 4.5210676193237305, 0.5370109677314758], [-1.2529512643814087, 3.0691990852355957, 0.6317134499549866], [0.6284419298171997, 5.218175411224365, 0.8114650249481201], [1.1839803457260132, 3.5905325412750244, 1.0190378427505493], [-0.15580470860004425, 2.233808755874634, 0.1942511945962906], [-0.15354357659816742, 4.4898576736450195, 1.539172649383545], [-1.0987924337387085, 3.838974714279175, 1.2321866750717163], [0.6671563982963562, 4.9510884284973145, 0.08018825948238373], [0.5833927989006042, 3.7820382118225098, 1.0432583093643188], [1.6244605779647827, 5.264101505279541, 1.0627230405807495], [-0.9142951965332031, 2.4783380031585693, 0.3966814875602722], [1.7228246927261353, 2.317826509475708, 0.5801055431365967], [0.9604702591896057, 4.650146961212158, -0.4360598027706146], [-1.473271369934082, 2.6381380558013916, 1.459179162979126], [1.8771520853042603, 5.262132167816162, -0.6439931392669678], [0.9429019689559937, 3.4945216178894043, 1.086828351020813], [-0.1251818686723709, 3.9142308235168457, 0.487517774105072], [1.0243852138519287, 4.614221096038818, -0.3322118818759918], [-0.5980858206748962, 4.965366840362549, 1.5139001607894897], [0.012384211644530296, 4.176836013793945, 1.4019571542739868], [0.4513542056083679, 0.9319207072257996, 0.8805487751960754], [-0.7530555725097656, 4.44417667388916, 0.6593567728996277], [2.0866427421569824, 5.712187767028809, 0.48485708236694336], [2.2696025371551514, 5.486732482910156, -0.12071239203214645], [0.9093790054321289, 4.313949108123779, 0.5192649364471436], [0.0504140630364418, 3.844172477722168, 0.9141488671302795], [0.7296291589736938, 2.2370800971984863, 0.18609796464443207], [1.856259822845459, 1.7178242206573486, 0.7617976069450378], [0.12379542738199234, 4.747463226318359, 0.05897322669625282], [1.8903381824493408, 2.692002058029175, 0.5670227408409119], [-2.3432328701019287, 3.7164127826690674, 1.2614216804504395], [0.4132384955883026, 2.2306692600250244, 0.46351492404937744], [-1.3945835828781128, 3.8312363624572754, 1.0456211566925049], [1.2765042781829834, 5.660760879516602, 0.28941968083381653], [0.9654010534286499, 0.9919740557670593, 0.44007304310798645], [1.6238069534301758, 3.367189884185791, -0.2100205272436142], [0.23832537233829498, 3.6462972164154053, 0.48138654232025146], [1.2931238412857056, 3.53771710395813, 0.7972477078437805], [0.9247138500213623, 3.581916570663452, 0.7817375659942627], [0.2728913426399231, 5.443265914916992, -0.1400608867406845], [0.8582029342651367, 4.764886379241943, 0.44744107127189636], [1.7300890684127808, 5.448585510253906, -0.3523448407649994], [1.4634310007095337, 4.947659015655518, -0.586247444152832], [1.2469576597213745, 4.395224571228027, 1.1930838823318481], [0.9084689617156982, 2.7410616874694824, 0.50437331199646], [1.8829679489135742, 4.095810890197754, -0.4020892083644867], [1.7741444110870361, 4.417745590209961, 0.8527701497077942], [-0.9890633225440979, 2.737027883529663, 0.4969906806945801], [-2.299474000930786, 3.2500319480895996, 1.3854225873947144], [0.6224063634872437, 3.3841347694396973, 0.07435598969459534], [0.21531108021736145, 1.8863191604614258, 0.6642800569534302], [-1.132378101348877, 4.613344192504883, 0.6494982838630676], [-0.14224176108837128, 3.0581369400024414, 0.7034266591072083], [-0.8076946139335632, 2.7856414318084717, 1.080052375793457], [2.1972551345825195, 5.119368076324463, 1.0068522691726685], [1.798193335533142, 3.787522315979004, 0.46751636266708374], [-0.05047990381717682, 3.9298436641693115, 0.9450393319129944], [-0.09190124273300171, 3.927936315536499, 1.0433226823806763], [-0.5776119232177734, 3.100867509841919, 0.564811110496521], [-2.5048022270202637, 2.9555652141571045, 0.38583070039749146], [-1.3703590631484985, 2.9373812675476074, 1.591481328010559], [-0.9895907044410706, 3.3452248573303223, 0.6578116416931152], [-0.9016164541244507, 2.6838769912719727, 1.4666798114776611], [0.7728717923164368, 2.505786895751953, 0.4832989275455475], [-0.6541420221328735, 3.9293251037597656, 0.15746080875396729], [1.6791714429855347, 2.608917236328125, 0.1538100242614746], [0.11874957382678986, 4.134964942932129, 0.41843512654304504], [-0.6581828594207764, 4.016554832458496, 0.644450843334198], [0.8666809797286987, 4.931448936462402, 0.09942346066236496], [1.3445065021514893, 3.680060386657715, -0.0017258523730561137], [0.4667784869670868, 4.105175495147705, 0.6162322163581848], [-0.5841604471206665, 2.6490478515625, 1.155456304550171], [-0.01725850999355316, 4.645467281341553, -0.0787845328450203], [0.4716223478317261, 5.105075359344482, -0.0506548136472702], [0.33410578966140747, 3.262998580932617, 1.0585516691207886], [0.650888979434967, 3.676102876663208, -0.11362805217504501], [0.036594752222299576, 4.307314872741699, 1.1208006143569946], [0.8937721848487854, 4.650120735168457, 0.9672383666038513], [2.3035244941711426, 5.582573413848877, -0.2522464692592621], [0.1801232248544693, 2.5401113033294678, 0.28212225437164307]]"
2824,1.8829389347646737,-0.31736772640805205,0.4707347336911684,0.06861724686003103,0.04468688996261093,0.8351347477593032,0.543916085792491,1.8840797466175725,-0.31715771040844043,0.46873591189340696,0.06876780970204088,0.045626395736978215,0.835387051530495,0.5434314073514914,"[104, 168, 229, 239, 242, 277, 286, 382, 424, 467, 478, 490, 497, 522, 529, 565, 584, 625, 650, 669, 693, 705, 789, 1035, 1104, 1168, 1170, 1195, 1217, 1282, 1489, 1505, 1547, 1673, 1687, 1724, 1787, 1896, 1937, 2007, 2128, 2158, 2198, 2229, 2302, 2360, 2368, 2422, 2518, 2553, 2556, 2572, 2617, 2781, 2846, 3078, 3127, 3224, 3321, 3323, 3342, 3405, 3432, 3478, 3493, 3504, 3506, 3513, 3516, 3546, 3580, 3632, 3649, 3668, 3735, 3748, 4061, 4100, 4107, 4136, 4138, 4215, 4364, 4400, 4420, 4480, 4625, 4703, 4854, 4867]","[[0.4169249688790568, 5.484871202416491], [-0.473602726429409, 2.1023135310940346], [-0.41767606712854705, 4.377288168457548], [-0.3396989486629611, 4.446086382526383], [-0.012438951689617853, 2.866151042625471], [0.09711002140953658, 1.9505181281587423], [-0.4868409019665095, 5.659350017437516], [-0.11079019295277813, 5.302101426451547], [0.17913857679860612, 4.2090846799433175], [0.16317861185744406, 5.900653306052637], [-0.05731070555236637, 3.587587590957113], [-0.4682885982528704, 4.420140361811088], [0.5184620537461635, 4.351134334654205], [-0.32027549274577405, 5.494016989009706], [0.31026879440764255, 5.943473159527129], [0.2600291816966958, 5.661704490283991], [-0.401462884709767, 5.380609255656071], [-0.18054816334577972, 3.9045544871691855], [-0.005784494117497525, 5.054486891284278], [-0.44481763456422146, 4.84342042049907], [0.32952678863375456, 4.616833739854686], [-0.18534345894893892, 5.686627661043164], [-0.2196794564943422, 4.008353060477925], [0.011533277910586968, 5.328334784080227], [0.21872106990373513, 5.171520925618584], [-0.20459033863573073, 5.422457131495576], [-0.09131259201287371, 4.338751753327642], [-0.35171102987992253, 5.618657433965879], [0.36043848015197216, 3.9554235450809134], [-0.350512623457133, 2.6427762088856572], [0.4492007925349221, 4.58023513071954], [-0.15110794968050167, 3.973402822369931], [0.02251715256945539, 4.68560351759445], [0.045157118665487626, 5.930959843719675], [0.0025945806558077835, 4.955639992869099], [0.4515106768716792, 1.9452443051202766], [0.08863315972734391, 5.444148221702795], [-0.49862218064561276, 5.844786606654705], [-0.21083815999908664, 4.732043251849745], [-0.467528319716931, 1.785576769506291], [0.008761706711454932, 4.568963604594599], [-0.012152060228474575, 2.8186539652678864], [-0.37997822525523317, 2.055679321674805], [-0.0949820564156496, 5.379985706874967], [-0.41209467769213165, 3.0111285894151445], [0.3988818893229413, 5.895526878941942], [0.09964382759245499, 2.942014230444797], [0.2589078634692964, 5.319101957037053], [0.18495742986204153, 1.597094101257162], [-0.3673704426448023, 3.8344767276981644], [-0.02697085353537349, 4.2930229935448185], [-0.25261233513518777, 3.9130455830416704], [-0.16632631835747969, 4.026497105681492], [-0.22031177225476764, 5.185299034971094], [-0.4132443892875031, 5.826721119987528], [-0.25896451150419747, 4.809393217267978], [-0.11103242522278085, 3.2097491705327656], [-0.3798334550186345, 4.753314497379963], [0.3316388650390607, 4.192838987980917], [0.45857437497808273, 5.572470071792189], [-0.10820455269917915, 3.930494137513482], [0.23470683868818226, 2.7711745561565895], [0.13065399980796386, 5.78235235143284], [0.1265121628590671, 3.94191319814718], [0.3085287178352984, 4.151696659456362], [-0.4575095158522637, 5.472327957572371], [-0.39586674791870957, 4.105526785556376], [0.022311281344910196, 4.692886446933013], [0.031105227292679755, 4.71708867067349], [0.20392121079349151, 4.214113474931176], [0.5059057014494749, 5.474086615585134], [0.39052009500461926, 4.73575346852127], [0.24675073130231884, 4.65909846358802], [0.3542822831719876, 4.213417771020124], [-0.046456068526396097, 3.0352158505441493], [0.10768085671184326, 4.956665068688666], [-0.3659713333916274, 2.9499876596836923], [-0.04625523155075661, 4.790253101446509], [0.1147511098908773, 5.028002015681596], [-0.23731174051739073, 5.3582575208185235], [-0.3053368418796024, 4.060329680757563], [-0.10680504181807791, 4.644991555209265], [0.2915024067628278, 3.917517701735908], [-0.07049650559895351, 5.342796319721504], [-0.18058151235516415, 5.6276682565867056], [0.010266167064328612, 3.9469677642456014], [-0.02091738042922989, 5.022429416890615], [-0.20955731070870082, 5.090256848482333], [-0.5060988856778931, 5.958176097619302], [0.1086065366733272, 3.3320638813617656]]","[[-1.9455223083496094, 3.339437484741211, 1.9089362621307373], [1.9507211446762085, 1.7600117921829224, 0.1543455868959427], [1.8264570236206055, 4.0445404052734375, 0.09593416750431061], [1.6176284551620483, 4.096442222595215, 0.938147783279419], [0.7538830041885376, 2.314903974533081, 0.5854530334472656], [0.9570228457450867, 1.3783893585205078, 0.745502233505249], [2.3258464336395264, 5.314465522766113, 0.7844532132148743], [0.30824869871139526, 4.73850679397583, 0.7172616720199585], [-0.5038958191871643, 3.150254726409912, 0.4329964220523834], [-1.3475202322006226, 4.6160688400268555, 0.7044112086296082], [0.5631309151649475, 2.9999711513519287, 0.12128958851099014], [2.097599744796753, 4.09572172164917, 0.3754720985889435], [-1.4754375219345093, 2.2528584003448486, 1.4887396097183228], [1.4013367891311646, 5.146660327911377, 0.7831169962882996], [-1.9834338426589966, 4.126326084136963, 1.2579008340835571], [-1.5779470205307007, 4.093191146850586, 1.2656919956207275], [1.8719948530197144, 5.052525520324707, 0.8349053263664246], [0.9735420346260071, 3.477978229522705, 0.5639318823814392], [0.0180585328489542, 4.275506019592285, 1.4681154489517212], [2.0338191986083984, 4.5210676193237305, 0.5370109677314758], [-1.2529512643814087, 3.0691990852355957, 0.6317134499549866], [0.6284419298171997, 5.218175411224365, 0.8114650249481201], [1.1839803457260132, 3.5905325412750244, 1.0190378427505493], [-0.15354357659816742, 4.4898576736450195, 1.539172649383545], [-1.0987924337387085, 3.838974714279175, 1.2321866750717163], [0.6671563982963562, 4.9510884284973145, 0.08018825948238373], [0.5833927989006042, 3.7820382118225098, 1.0432583093643188], [1.6244605779647827, 5.264101505279541, 1.0627230405807495], [-0.9142951965332031, 2.4783380031585693, 0.3966814875602722], [1.7228246927261353, 2.317826509475708, 0.5801055431365967], [-1.473271369934082, 2.6381380558013916, 1.459179162979126], [0.9429019689559937, 3.4945216178894043, 1.086828351020813], [-0.1251818686723709, 3.9142308235168457, 0.487517774105072], [-0.5980858206748962, 4.965366840362549, 1.5139001607894897], [0.012384211644530296, 4.176836013793945, 1.4019571542739868], [0.4513542056083679, 0.9319207072257996, 0.8805487751960754], [-0.7530555725097656, 4.44417667388916, 0.6593567728996277], [2.2696025371551514, 5.486732482910156, -0.12071239203214645], [0.9093790054321289, 4.313949108123779, 0.5192649364471436], [2.0174946784973145, 1.4450501203536987, 0.7246377468109131], [0.0504140630364418, 3.844172477722168, 0.9141488671302795], [0.7296291589736938, 2.2370800971984863, 0.18609796464443207], [1.856259822845459, 1.7178242206573486, 0.7617976069450378], [0.12379542738199234, 4.747463226318359, 0.05897322669625282], [1.8903381824493408, 2.692002058029175, 0.5670227408409119], [-2.3432328701019287, 3.7164127826690674, 1.2614216804504395], [0.4132384955883026, 2.2306692600250244, 0.46351492404937744], [-1.3945835828781128, 3.8312363624572754, 1.0456211566925049], [0.9654010534286499, 0.9919740557670593, 0.44007304310798645], [1.7968621253967285, 3.468876361846924, 1.0605802536010742], [0.23832537233829498, 3.6462972164154053, 0.48138654232025146], [1.2931238412857056, 3.53771710395813, 0.7972477078437805], [0.9247138500213623, 3.581916570663452, 0.7817375659942627], [0.8582029342651367, 4.764886379241943, 0.44744107127189636], [1.7300890684127808, 5.448585510253906, -0.3523448407649994], [1.2469576597213745, 4.395224571228027, 1.1930838823318481], [0.9084689617156982, 2.7410616874694824, 0.50437331199646], [1.7741444110870361, 4.417745590209961, 0.8527701497077942], [-0.9890633225440979, 2.737027883529663, 0.4969906806945801], [-2.299474000930786, 3.2500319480895996, 1.3854225873947144], [0.6224063634872437, 3.3841347694396973, 0.07435598969459534], [0.21531108021736145, 1.8863191604614258, 0.6642800569534302], [-1.132378101348877, 4.613344192504883, 0.6494982838630676], [-0.14224176108837128, 3.0581369400024414, 0.7034266591072083], [-0.8076946139335632, 2.7856414318084717, 1.080052375793457], [2.1972551345825195, 5.119368076324463, 1.0068522691726685], [1.798193335533142, 3.787522315979004, 0.46751636266708374], [-0.05047990381717682, 3.9298436641693115, 0.9450393319129944], [-0.09190124273300171, 3.927936315536499, 1.0433226823806763], [-0.5776119232177734, 3.100867509841919, 0.564811110496521], [-2.5048022270202637, 2.9555652141571045, 0.38583070039749146], [-1.3703590631484985, 2.9373812675476074, 1.591481328010559], [-0.9895907044410706, 3.3452248573303223, 0.6578116416931152], [-0.9016164541244507, 2.6838769912719727, 1.4666798114776611], [0.7728717923164368, 2.505786895751953, 0.4832989275455475], [-0.6541420221328735, 3.9293251037597656, 0.15746080875396729], [1.6791714429855347, 2.608917236328125, 0.1538100242614746], [0.11874957382678986, 4.134964942932129, 0.41843512654304504], [-0.6581828594207764, 4.016554832458496, 0.644450843334198], [0.8666809797286987, 4.931448936462402, 0.09942346066236496], [1.3445065021514893, 3.680060386657715, -0.0017258523730561137], [0.4667784869670868, 4.105175495147705, 0.6162322163581848], [-0.5841604471206665, 2.6490478515625, 1.155456304550171], [-0.01725850999355316, 4.645467281341553, -0.0787845328450203], [0.4716223478317261, 5.105075359344482, -0.0506548136472702], [0.33410578966140747, 3.262998580932617, 1.0585516691207886], [0.036594752222299576, 4.307314872741699, 1.1208006143569946], [0.8937721848487854, 4.650120735168457, 0.9672383666038513], [2.3035244941711426, 5.582573413848877, -0.2522464692592621], [0.1801232248544693, 2.5401113033294678, 0.28212225437164307]]"
2826,1.8484211972298243,-0.3529404899407552,0.4621052993074561,0.0637636323645346,0.0182760783951044,0.8332871245817404,0.5488467474190512,1.8479070782632727,-0.3509907671900395,0.46257447300022975,0.06372229627327414,0.0173544013053081,0.8333432567712724,0.5487962373293429,"[104, 181, 229, 239, 242, 277, 286, 382, 424, 467, 490, 497, 522, 529, 557, 565, 584, 625, 650, 669, 693, 705, 789, 1035, 1104, 1168, 1170, 1195, 1217, 1282, 1489, 1505, 1547, 1673, 1687, 1724, 1787, 1896, 1937, 2007, 2128, 2198, 2229, 2302, 2360, 2368, 2422, 2518, 2553, 2556, 2572, 2617, 2781, 3078, 3127, 3224, 3321, 3323, 3405, 3430, 3432, 3478, 3493, 3504, 3506, 3513, 3516, 3546, 3580, 3632, 3649, 3668, 3735, 3748, 4061, 4100, 4107, 4136, 4138, 4215, 4294, 4364, 4420, 4480, 4625, 4703, 4854, 4867]","[[0.40571649532587595, 5.489095136987211], [-0.0494034433854092, 4.3510506194883485], [-0.41351828128982515, 4.414092751631121], [-0.34370732644430274, 4.478364148419588], [-0.016472987949707828, 2.886234607334547], [0.08026737502910802, 1.9673560722294818], [-0.48621187523629467, 5.698040365597912], [-0.1092164745109268, 5.3241971588666495], [0.18069772197509143, 4.218942949176049], [0.16647887427960767, 5.913478409201088], [-0.46690031851126484, 4.455552941720616], [0.5088868801895117, 4.347443893259488], [-0.32117089667492393, 5.5277707005201355], [0.30692200028598515, 5.9489944104088055], [-0.40728174787283095, 5.557781847346224], [0.2574834739098836, 5.670766052752427], [-0.4051333063298261, 5.415493920602238], [-0.18329757804076874, 3.9328638320040983], [-0.012512538396000382, 5.079629933291767], [-0.4441011826925724, 4.879019847657624], [0.32758427604145207, 4.622357447675017], [-0.18796479505562871, 5.713244457932272], [-0.22544871663847393, 4.036826190100736], [0.0016222446855132374, 5.349330261317742], [0.21408583899292732, 5.182326692503154], [-0.20124288037526025, 5.447182038544413], [-0.09771609272769913, 4.362031941110096], [-0.355449140765096, 5.654550824116575], [0.3626019430605646, 3.955856701129235], [-0.3565332184248952, 2.6766720916551923], [0.44065952936364783, 4.579891005708939], [-0.16183189241161905, 4.001796654362644], [0.022710442411366417, 4.702916488003229], [0.038619090948651645, 5.949666911585986], [-0.006804870387348979, 4.977282656211588], [0.43010465096790246, 1.945680072055063], [0.09141374130152563, 5.460366553358232], [-0.4912397189698993, 5.884677392626055], [-0.20945359636480942, 4.760449056944865], [-0.48370555025515377, 1.821795525459099], [0.002895146456353091, 4.587687939473556], [-0.3927041329024317, 2.0914215488488304], [-0.09174699022964154, 5.399420093454171], [-0.4164417365194124, 3.0452574269386057], [0.3997994400881026, 5.898275757736162], [0.0953494293889681, 2.9557324373361253], [0.2563474717062082, 5.326368697072505], [0.1694274668748864, 1.6079813986587408], [-0.3761712359499778, 3.8682910814724365], [-0.02599179149389474, 4.312657882271067], [-0.25846268673593426, 3.9443801436844406], [-0.17030033174957993, 4.053279626909848], [-0.21848104199861362, 5.212355850185873], [-0.26552403120127327, 4.841063933000543], [-0.11332165737031882, 3.2327233760652674], [-0.38287992706358337, 4.7863561696151224], [0.33354822947852, 4.1946962960844845], [0.4534669501987834, 5.571423149296188], [0.22421195954850523, 2.777957562968257], [-0.10735481627260952, 3.8381478294168336], [0.13430397867546542, 5.794845069588361], [0.12191666089023502, 3.9573502236641764], [0.3039368266241299, 4.156679825534999], [-0.45875924154650055, 5.509400857862638], [-0.3969395900709415, 4.140860456904876], [0.018112605014289032, 4.7092219810211615], [0.025799160612952794, 4.73467988564804], [0.2038871204306682, 4.22156491868086], [0.5099501940130976, 5.469205507420779], [0.3811611582831332, 4.740807302276126], [0.2470398839527068, 4.664588140136416], [0.3417920402064634, 4.216610829439706], [-0.05042181189950285, 3.055722085121238], [0.11349809960796634, 4.969979879568022], [-0.3659865927187201, 2.9829742142302096], [-0.0443443606258089, 4.811091080663017], [0.1136684643220602, 5.04059369905074], [-0.2333821047448921, 5.386629814114081], [-0.2978384397545763, 4.0899198759979525], [-0.10774090707624395, 4.671474917112131], [-0.28630838276040976, 5.834983604685462], [0.2832811451765575, 3.924431893237295], [-0.1721926508592268, 5.652242816366634], [0.0014616566853826736, 3.9665984899305595], [-0.0256235039223402, 5.046023064693314], [-0.20881936209659965, 5.117228557193946], [-0.49826840028055813, 5.996003071407336], [0.1081039639597636, 3.3441596200150605]]","[[-1.9455223083496094, 3.339437484741211, 1.9089362621307373], [0.45769816637039185, 3.6369144916534424, 1.5020126104354858], [1.8264570236206055, 4.0445404052734375, 0.09593416750431061], [1.6176284551620483, 4.096442222595215, 0.938147783279419], [0.7538830041885376, 2.314903974533081, 0.5854530334472656], [0.9570228457450867, 1.3783893585205078, 0.745502233505249], [2.3258464336395264, 5.314465522766113, 0.7844532132148743], [0.30824869871139526, 4.73850679397583, 0.7172616720199585], [-0.5038958191871643, 3.150254726409912, 0.4329964220523834], [-1.3475202322006226, 4.6160688400268555, 0.7044112086296082], [2.097599744796753, 4.09572172164917, 0.3754720985889435], [-1.4754375219345093, 2.2528584003448486, 1.4887396097183228], [1.4013367891311646, 5.146660327911377, 0.7831169962882996], [-1.9834338426589966, 4.126326084136963, 1.2579008340835571], [1.978013277053833, 5.114731311798096, 1.4492591619491577], [-1.5779470205307007, 4.093191146850586, 1.2656919956207275], [1.8719948530197144, 5.052525520324707, 0.8349053263664246], [0.9735420346260071, 3.477978229522705, 0.5639318823814392], [0.0180585328489542, 4.275506019592285, 1.4681154489517212], [2.0338191986083984, 4.5210676193237305, 0.5370109677314758], [-1.2529512643814087, 3.0691990852355957, 0.6317134499549866], [0.6284419298171997, 5.218175411224365, 0.8114650249481201], [1.1839803457260132, 3.5905325412750244, 1.0190378427505493], [-0.15354357659816742, 4.4898576736450195, 1.539172649383545], [-1.0987924337387085, 3.838974714279175, 1.2321866750717163], [0.6671563982963562, 4.9510884284973145, 0.08018825948238373], [0.5833927989006042, 3.7820382118225098, 1.0432583093643188], [1.6244605779647827, 5.264101505279541, 1.0627230405807495], [-0.9142951965332031, 2.4783380031585693, 0.3966814875602722], [1.7228246927261353, 2.317826509475708, 0.5801055431365967], [-1.473271369934082, 2.6381380558013916, 1.459179162979126], [0.9429019689559937, 3.4945216178894043, 1.086828351020813], [-0.1251818686723709, 3.9142308235168457, 0.487517774105072], [-0.5980858206748962, 4.965366840362549, 1.5139001607894897], [0.012384211644530296, 4.176836013793945, 1.4019571542739868], [0.4513542056083679, 0.9319207072257996, 0.8805487751960754], [-0.7530555725097656, 4.44417667388916, 0.6593567728996277], [2.2696025371551514, 5.486732482910156, -0.12071239203214645], [0.9093790054321289, 4.313949108123779, 0.5192649364471436], [2.0174946784973145, 1.4450501203536987, 0.7246377468109131], [0.0504140630364418, 3.844172477722168, 0.9141488671302795], [1.856259822845459, 1.7178242206573486, 0.7617976069450378], [0.12379542738199234, 4.747463226318359, 0.05897322669625282], [1.8903381824493408, 2.692002058029175, 0.5670227408409119], [-2.3432328701019287, 3.7164127826690674, 1.2614216804504395], [0.4132384955883026, 2.2306692600250244, 0.46351492404937744], [-1.3945835828781128, 3.8312363624572754, 1.0456211566925049], [0.9654010534286499, 0.9919740557670593, 0.44007304310798645], [1.7968621253967285, 3.468876361846924, 1.0605802536010742], [0.23832537233829498, 3.6462972164154053, 0.48138654232025146], [1.2931238412857056, 3.53771710395813, 0.7972477078437805], [0.9247138500213623, 3.581916570663452, 0.7817375659942627], [0.8582029342651367, 4.764886379241943, 0.44744107127189636], [1.2469576597213745, 4.395224571228027, 1.1930838823318481], [0.9084689617156982, 2.7410616874694824, 0.50437331199646], [1.7741444110870361, 4.417745590209961, 0.8527701497077942], [-0.9890633225440979, 2.737027883529663, 0.4969906806945801], [-2.299474000930786, 3.2500319480895996, 1.3854225873947144], [0.21531108021736145, 1.8863191604614258, 0.6642800569534302], [0.8315851092338562, 3.2375409603118896, 1.3580403327941895], [-1.132378101348877, 4.613344192504883, 0.6494982838630676], [-0.14224176108837128, 3.0581369400024414, 0.7034266591072083], [-0.8076946139335632, 2.7856414318084717, 1.080052375793457], [2.1972551345825195, 5.119368076324463, 1.0068522691726685], [1.798193335533142, 3.787522315979004, 0.46751636266708374], [-0.05047990381717682, 3.9298436641693115, 0.9450393319129944], [-0.09190124273300171, 3.927936315536499, 1.0433226823806763], [-0.5776119232177734, 3.100867509841919, 0.564811110496521], [-2.5048022270202637, 2.9555652141571045, 0.38583070039749146], [-1.3703590631484985, 2.9373812675476074, 1.591481328010559], [-0.9895907044410706, 3.3452248573303223, 0.6578116416931152], [-0.9016164541244507, 2.6838769912719727, 1.4666798114776611], [0.7728717923164368, 2.505786895751953, 0.4832989275455475], [-0.6541420221328735, 3.9293251037597656, 0.15746080875396729], [1.6791714429855347, 2.608917236328125, 0.1538100242614746], [0.11874957382678986, 4.134964942932129, 0.41843512654304504], [-0.6581828594207764, 4.016554832458496, 0.644450843334198], [0.8666809797286987, 4.931448936462402, 0.09942346066236496], [1.3445065021514893, 3.680060386657715, -0.0017258523730561137], [0.4667784869670868, 4.105175495147705, 0.6162322163581848], [1.311913013458252, 5.321564197540283, 1.7102584838867188], [-0.5841604471206665, 2.6490478515625, 1.155456304550171], [0.4716223478317261, 5.105075359344482, -0.0506548136472702], [0.33410578966140747, 3.262998580932617, 1.0585516691207886], [0.036594752222299576, 4.307314872741699, 1.1208006143569946], [0.8937721848487854, 4.650120735168457, 0.9672383666038513], [2.3035244941711426, 5.582573413848877, -0.2522464692592621], [0.1801232248544693, 2.5401113033294678, 0.28212225437164307]]"
2828,1.80964551487615,-0.385263051224141,0.4524113787190375,0.05216669959601014,-0.009929819535338433,0.8304940616789602,0.5544904396409728,1.8096714640885245,-0.38680607389454635,0.45275187769329145,0.05100576677857367,-0.010355509361879095,0.8306795682550775,0.5543127547375614,"[104, 181, 196, 229, 239, 242, 277, 286, 382, 424, 467, 490, 497, 522, 529, 557, 565, 584, 625, 650, 669, 693, 705, 789, 1035, 1104, 1168, 1170, 1195, 1217, 1282, 1489, 1505, 1547, 1673, 1687, 1724, 1787, 1896, 1937, 2007, 2128, 2198, 2229, 2302, 2360, 2368, 2422, 2518, 2553, 2556, 2572, 2617, 2781, 3061, 3078, 3127, 3224, 3265, 3321, 3323, 3405, 3430, 3432, 3478, 3493, 3504, 3506, 3513, 3516, 3546, 3580, 3632, 3649, 3668, 3735, 3748, 4002, 4091, 4100, 4107, 4136, 4215, 4294, 4327, 4364, 4480, 4625, 4703, 4867]","[[0.39557007991421156, 5.484931770728425], [-0.0596851353104239, 4.369344749257316], [-0.5224240882479094, 5.288198415279258], [-0.4059797801943644, 4.444830938471616], [-0.3465397792944907, 4.511800535902695], [-0.021643768677044654, 2.903036068516159], [0.05941766989812143, 1.9825953446549496], [-0.48233110899540166, 5.731953263295631], [-0.10842688112294675, 5.346086825888683], [0.1871562841301587, 4.226446990838004], [0.16858304968285043, 5.920286598213322], [-0.4623954897739671, 4.491631914518493], [0.4983039467190071, 4.339279133987401], [-0.31928538548856494, 5.555923118041802], [0.30635565481236743, 5.9472547151157364], [-0.4133165879784117, 5.591580351949051], [0.25553812356064787, 5.672857586134026], [-0.4016189428675679, 5.453668628108299], [-0.18205477702640308, 3.9539560077279448], [-0.020036421437452104, 5.095365578951353], [-0.4408122736228965, 4.91274104533841], [0.3317130824822258, 4.619434400908231], [-0.18614184241387902, 5.7370983124438295], [-0.23221947886074915, 4.063953573571918], [-0.0024024237574736384, 5.3666747726834805], [0.21132678883559083, 5.187065228787479], [-0.18981149197436853, 5.470711532451904], [-0.10304479680026918, 4.383984230469091], [-0.3555789815582295, 5.686119266284584], [0.36721159190158437, 3.952733770509463], [-0.3607377218574581, 2.7079969394687087], [0.433399820713722, 4.57299858654254], [-0.16794948293199344, 4.024794088370612], [0.02934367215747314, 4.715247840018992], [0.03549973352147967, 5.963834069218907], [-0.011565443080744219, 4.995491773809373], [0.40836334570366484, 1.9403459498292255], [0.09213017046063089, 5.471409833920792], [-0.4819487966063869, 5.918143527969027], [-0.20500342544718525, 4.786240480491834], [-0.4978841333120956, 1.8635042809462699], [0.0031161439619799202, 4.603775776959008], [-0.4074586288852947, 2.1258510124457177], [-0.08177799330125135, 5.417855560445132], [-0.4213074475800599, 3.0801983220064995], [0.397209807261333, 5.893667068585931], [0.09643472366927515, 2.964399823696304], [0.25632288849893026, 5.32897218552511], [0.1553374827967298, 1.6165738974773127], [-0.3791356374919804, 3.9009565852516093], [-0.0231353978353359, 4.327936280449191], [-0.25850223477129175, 3.972122116519524], [-0.17354607100914415, 4.078154741567053], [-0.21392892643416356, 5.238082571379435], [-0.2965059133902891, 3.7581493036806823], [-0.2692154016350531, 4.870735916896077], [-0.11449432855687952, 3.2532528599187613], [-0.38420484379450875, 4.820483287964367], [0.5038651735892011, 1.9909403895965414], [0.33754524826929116, 4.195257607291869], [0.452387014554484, 5.56538504043426], [0.21949676669895962, 2.7847505953664746], [-0.12053595681650846, 3.860077378888135], [0.13736091229653213, 5.804243765497027], [0.12249601753450855, 3.9650200504409088], [0.2965216147777628, 4.158482620163416], [-0.4594993127552958, 5.544504742329721], [-0.3928907460967995, 4.173776051443271], [0.016411441807616875, 4.725080242650614], [0.023119936714320014, 4.751734087991338], [0.20723025024181513, 4.226248322520868], [0.519702825698597, 5.457581799582288], [0.3713104707826928, 4.739081105399473], [0.2494947809154668, 4.670451174618025], [0.3330765509750251, 4.218622004067631], [-0.05171818556084135, 3.0718257422262503], [0.12145592265121223, 4.975883130499141], [-0.4492854471456062, 4.5427271938948515], [0.5113744280505691, 3.570248645632593], [-0.03849116424508831, 4.824873576199839], [0.11668000959748517, 5.049948168523089], [-0.22585050956363198, 5.411722915442209], [-0.10455911892809187, 4.690266674308548], [-0.295865055652453, 5.8664828376478875], [0.5179479305935146, 1.1394158669712], [0.27667133876373795, 3.9280301406735076], [-0.006708053221994411, 3.982738887318145], [-0.02772329303085441, 5.061986155166834], [-0.21066298468040784, 5.143291932382784], [0.11243431779707404, 3.3549197529252957]]","[[-1.9455223083496094, 3.339437484741211, 1.9089362621307373], [0.45769816637039185, 3.6369144916534424, 1.5020126104354858], [2.5086491107940674, 4.8439741134643555, 0.810574471950531], [1.8264570236206055, 4.0445404052734375, 0.09593416750431061], [1.6176284551620483, 4.096442222595215, 0.938147783279419], [0.7538830041885376, 2.314903974533081, 0.5854530334472656], [0.9570228457450867, 1.3783893585205078, 0.745502233505249], [2.3258464336395264, 5.314465522766113, 0.7844532132148743], [0.30824869871139526, 4.73850679397583, 0.7172616720199585], [-0.5038958191871643, 3.150254726409912, 0.4329964220523834], [-1.3475202322006226, 4.6160688400268555, 0.7044112086296082], [2.097599744796753, 4.09572172164917, 0.3754720985889435], [-1.4754375219345093, 2.2528584003448486, 1.4887396097183228], [1.4013367891311646, 5.146660327911377, 0.7831169962882996], [-1.9834338426589966, 4.126326084136963, 1.2579008340835571], [1.978013277053833, 5.114731311798096, 1.4492591619491577], [-1.5779470205307007, 4.093191146850586, 1.2656919956207275], [1.8719948530197144, 5.052525520324707, 0.8349053263664246], [0.9735420346260071, 3.477978229522705, 0.5639318823814392], [0.0180585328489542, 4.275506019592285, 1.4681154489517212], [2.0338191986083984, 4.5210676193237305, 0.5370109677314758], [-1.2529512643814087, 3.0691990852355957, 0.6317134499549866], [0.6284419298171997, 5.218175411224365, 0.8114650249481201], [1.1839803457260132, 3.5905325412750244, 1.0190378427505493], [-0.15354357659816742, 4.4898576736450195, 1.539172649383545], [-1.0987924337387085, 3.838974714279175, 1.2321866750717163], [0.6671563982963562, 4.9510884284973145, 0.08018825948238373], [0.5833927989006042, 3.7820382118225098, 1.0432583093643188], [1.6244605779647827, 5.264101505279541, 1.0627230405807495], [-0.9142951965332031, 2.4783380031585693, 0.3966814875602722], [1.7228246927261353, 2.317826509475708, 0.5801055431365967], [-1.473271369934082, 2.6381380558013916, 1.459179162979126], [0.9429019689559937, 3.4945216178894043, 1.086828351020813], [-0.1251818686723709, 3.9142308235168457, 0.487517774105072], [-0.5980858206748962, 4.965366840362549, 1.5139001607894897], [0.012384211644530296, 4.176836013793945, 1.4019571542739868], [0.4513542056083679, 0.9319207072257996, 0.8805487751960754], [-0.7530555725097656, 4.44417667388916, 0.6593567728996277], [2.2696025371551514, 5.486732482910156, -0.12071239203214645], [0.9093790054321289, 4.313949108123779, 0.5192649364471436], [2.0174946784973145, 1.4450501203536987, 0.7246377468109131], [0.0504140630364418, 3.844172477722168, 0.9141488671302795], [1.856259822845459, 1.7178242206573486, 0.7617976069450378], [0.12379542738199234, 4.747463226318359, 0.05897322669625282], [1.8903381824493408, 2.692002058029175, 0.5670227408409119], [-2.3432328701019287, 3.7164127826690674, 1.2614216804504395], [0.4132384955883026, 2.2306692600250244, 0.46351492404937744], [-1.3945835828781128, 3.8312363624572754, 1.0456211566925049], [0.9654010534286499, 0.9919740557670593, 0.44007304310798645], [1.7968621253967285, 3.468876361846924, 1.0605802536010742], [0.23832537233829498, 3.6462972164154053, 0.48138654232025146], [1.2931238412857056, 3.53771710395813, 0.7972477078437805], [0.9247138500213623, 3.581916570663452, 0.7817375659942627], [0.8582029342651367, 4.764886379241943, 0.44744107127189636], [1.5113016366958618, 3.2566144466400146, 1.3314088582992554], [1.2469576597213745, 4.395224571228027, 1.1930838823318481], [0.9084689617156982, 2.7410616874694824, 0.50437331199646], [1.7741444110870361, 4.417745590209961, 0.8527701497077942], [0.2986525893211365, 0.8138802647590637, 0.944976806640625], [-0.9890633225440979, 2.737027883529663, 0.4969906806945801], [-2.299474000930786, 3.2500319480895996, 1.3854225873947144], [0.21531108021736145, 1.8863191604614258, 0.6642800569534302], [0.8315851092338562, 3.2375409603118896, 1.3580403327941895], [-1.132378101348877, 4.613344192504883, 0.6494982838630676], [-0.14224176108837128, 3.0581369400024414, 0.7034266591072083], [-0.8076946139335632, 2.7856414318084717, 1.080052375793457], [2.1972551345825195, 5.119368076324463, 1.0068522691726685], [1.798193335533142, 3.787522315979004, 0.46751636266708374], [-0.05047990381717682, 3.9298436641693115, 0.9450393319129944], [-0.09190124273300171, 3.927936315536499, 1.0433226823806763], [-0.5776119232177734, 3.100867509841919, 0.564811110496521], [-2.5048022270202637, 2.9555652141571045, 0.38583070039749146], [-1.3703590631484985, 2.9373812675476074, 1.591481328010559], [-0.9895907044410706, 3.3452248573303223, 0.6578116416931152], [-0.9016164541244507, 2.6838769912719727, 1.4666798114776611], [0.7728717923164368, 2.505786895751953, 0.4832989275455475], [-0.6541420221328735, 3.9293251037597656, 0.15746080875396729], [2.1217734813690186, 4.016619682312012, 1.5289593935012817], [-0.9894141554832458, 1.8149076700210571, 0.20754870772361755], [0.11874957382678986, 4.134964942932129, 0.41843512654304504], [-0.6581828594207764, 4.016554832458496, 0.644450843334198], [0.8666809797286987, 4.931448936462402, 0.09942346066236496], [0.4667784869670868, 4.105175495147705, 0.6162322163581848], [1.311913013458252, 5.321564197540283, 1.7102584838867188], [0.913891077041626, 0.3063993453979492, 0.5873523950576782], [-0.5841604471206665, 2.6490478515625, 1.155456304550171], [0.33410578966140747, 3.262998580932617, 1.0585516691207886], [0.036594752222299576, 4.307314872741699, 1.1208006143569946], [0.8937721848487854, 4.650120735168457, 0.9672383666038513], [0.1801232248544693, 2.5401113033294678, 0.28212225437164307]]"
2830,1.7667012097239905,-0.41403775423862216,0.4416753024309976,0.03495304180922165,-0.03697378972928276,0.8267465434924963,0.5602690215999339,1.7668901571456774,-0.41538393556535547,0.44337865376290736,0.0347858360294578,-0.037980382184570595,0.826420605938367,0.5606928020416422,"[181, 196, 239, 242, 277, 286, 382, 424, 467, 490, 497, 522, 529, 557, 565, 584, 625, 650, 669, 693, 705, 789, 1024, 1035, 1104, 1168, 1170, 1195, 1217, 1282, 1489, 1505, 1547, 1673, 1687, 1724, 1787, 1937, 2007, 2089, 2128, 2198, 2229, 2302, 2360, 2368, 2422, 2518, 2553, 2556, 2572, 2617, 2781, 3061, 3078, 3127, 3224, 3321, 3323, 3405, 3430, 3432, 3478, 3493, 3504, 3506, 3513, 3516, 3546, 3632, 3649, 3668, 3735, 3748, 4002, 4091, 4100, 4107, 4136, 4215, 4294, 4327, 4364, 4480, 4625, 4703, 4867]","[[-0.06962866879973675, 4.387127947828675], [-0.5187680282540208, 5.3209949253567865], [-0.3455388543280077, 4.539758625913496], [-0.02415859809534891, 2.9148190573861243], [0.03995938652354688, 1.9903853550060109], [-0.4765878669507899, 5.7665135121714375], [-0.10386827270840428, 5.362183555819832], [0.19036879190889952, 4.2266918130140505], [0.17456185029970991, 5.922188812768382], [-0.4533274850235531, 4.5233116717438095], [0.4892461478645321, 4.327569332773749], [-0.31329198377066103, 5.581502627228014], [0.306661040668199, 5.943746431878717], [-0.41578321926026857, 5.624302739480896], [0.2551288138259602, 5.671862474060946], [-0.39878755178555814, 5.480558106935785], [-0.1791318759932425, 3.9743496937476395], [-0.024977437712681932, 5.109349934004505], [-0.4328709008034161, 4.941899073197394], [0.33399487527475213, 4.612300877789092], [-0.18114881559947368, 5.757900435239909], [-0.23510593693950274, 4.088523688331606], [0.25435699165903425, 3.2804632373992373], [-0.00930982921729714, 5.380133336359176], [0.2095224214327437, 5.1891243434020575], [-0.17761472698978803, 5.488883300860158], [-0.10366575366621046, 4.400608649531795], [-0.3540472620780059, 5.714173885827637], [0.3713968766035509, 3.944404277684338], [-0.361967213507732, 2.7341151504568786], [0.4255085215088933, 4.5646346107746], [-0.17187079219781523, 4.046219000571581], [0.032985412433366126, 4.724963379266887], [0.03067600012203295, 5.9732641961546], [-0.018518749636613575, 5.0072086919592165], [0.38305402988400883, 1.9334132270282207], [0.1004335367593932, 5.477649681635734], [-0.2011087563940301, 4.806351152653856], [-0.5109928812437837, 1.8969700262233153], [0.37722554052934726, 2.057337776336211], [0.003788692074632587, 4.615715344781889], [-0.41759542580981407, 2.157612645851131], [-0.06958389270438954, 5.430940136920704], [-0.4176467689703148, 3.110270934288564], [0.3962817897361232, 5.884488027582776], [0.09435808549260914, 2.970474213786883], [0.25697290458000016, 5.329327024015892], [0.13924309728078468, 1.6176913672330453], [-0.3858666525832693, 3.931570696879216], [-0.020284539243033108, 4.339194833251471], [-0.25966974334380105, 3.9968079470353346], [-0.17349956753951054, 4.098232452013869], [-0.207090359131769, 5.2593276209258795], [-0.30938941365231576, 3.7854106701549517], [-0.2704701134518296, 4.8958784559284085], [-0.11234090687428419, 3.2698581480067452], [-0.3802920716252062, 4.848000368635617], [0.33888209144528225, 4.186885274459528], [0.4484619836309291, 5.554289604365816], [0.21207983214660703, 2.782896450661013], [-0.12888033660840723, 3.8780835570724803], [0.14563387623116766, 5.808317773413993], [0.122956447549251, 3.9706773843587397], [0.29089232304569657, 4.155101195622198], [-0.455996619376237, 5.576228865790539], [-0.3876992573614288, 4.199840747771726], [0.015698455150038267, 4.737616831769384], [0.022982004314003355, 4.760611487895368], [0.2103001705737486, 4.227493399128694], [0.3616571430373494, 4.733060978297217], [0.2525669194911655, 4.665785882830838], [0.32079951992863814, 4.2154976451987185], [-0.050475852784247495, 3.0855616914784423], [0.13107250639847898, 4.980460205468429], [-0.45430805158579884, 4.576441946910324], [0.5192416850448754, 3.552346984269349], [-0.03019249470031107, 4.838685251479521], [0.12124556041902522, 5.055234476463738], [-0.21361618603168436, 5.43116793399171], [-0.09974230454535747, 4.706193997348326], [-0.2987214534827763, 5.891371177506681], [0.4838324176096556, 1.1261422237265957], [0.2683567357772087, 3.927607324834706], [-0.009963739171078616, 3.9939625910762215], [-0.03127127043655896, 5.074746147858842], [-0.2089529459750602, 5.168856775906023], [0.11752515929106637, 3.358108772384739]]","[[0.45769816637039185, 3.6369144916534424, 1.5020126104354858], [2.5086491107940674, 4.8439741134643555, 0.810574471950531], [1.6176284551620483, 4.096442222595215, 0.938147783279419], [0.7538830041885376, 2.314903974533081, 0.5854530334472656], [0.9570228457450867, 1.3783893585205078, 0.745502233505249], [2.3258464336395264, 5.314465522766113, 0.7844532132148743], [0.30824869871139526, 4.73850679397583, 0.7172616720199585], [-0.5038958191871643, 3.150254726409912, 0.4329964220523834], [-1.3475202322006226, 4.6160688400268555, 0.7044112086296082], [2.097599744796753, 4.09572172164917, 0.3754720985889435], [-1.4754375219345093, 2.2528584003448486, 1.4887396097183228], [1.4013367891311646, 5.146660327911377, 0.7831169962882996], [-1.9834338426589966, 4.126326084136963, 1.2579008340835571], [1.978013277053833, 5.114731311798096, 1.4492591619491577], [-1.5779470205307007, 4.093191146850586, 1.2656919956207275], [1.8719948530197144, 5.052525520324707, 0.8349053263664246], [0.9735420346260071, 3.477978229522705, 0.5639318823814392], [0.0180585328489542, 4.275506019592285, 1.4681154489517212], [2.0338191986083984, 4.5210676193237305, 0.5370109677314758], [-1.2529512643814087, 3.0691990852355957, 0.6317134499549866], [0.6284419298171997, 5.218175411224365, 0.8114650249481201], [1.1839803457260132, 3.5905325412750244, 1.0190378427505493], [-0.15580470860004425, 2.233808755874634, 0.1942511945962906], [-0.15354357659816742, 4.4898576736450195, 1.539172649383545], [-1.0987924337387085, 3.838974714279175, 1.2321866750717163], [0.6671563982963562, 4.9510884284973145, 0.08018825948238373], [0.5833927989006042, 3.7820382118225098, 1.0432583093643188], [1.6244605779647827, 5.264101505279541, 1.0627230405807495], [-0.9142951965332031, 2.4783380031585693, 0.3966814875602722], [1.7228246927261353, 2.317826509475708, 0.5801055431365967], [-1.473271369934082, 2.6381380558013916, 1.459179162979126], [0.9429019689559937, 3.4945216178894043, 1.086828351020813], [-0.1251818686723709, 3.9142308235168457, 0.487517774105072], [-0.5980858206748962, 4.965366840362549, 1.5139001607894897], [0.012384211644530296, 4.176836013793945, 1.4019571542739868], [0.4513542056083679, 0.9319207072257996, 0.8805487751960754], [-0.7530555725097656, 4.44417667388916, 0.6593567728996277], [0.9093790054321289, 4.313949108123779, 0.5192649364471436], [2.0174946784973145, 1.4450501203536987, 0.7246377468109131], [0.36733919382095337, 1.086186408996582, 0.2718144357204437], [0.0504140630364418, 3.844172477722168, 0.9141488671302795], [1.856259822845459, 1.7178242206573486, 0.7617976069450378], [0.12379542738199234, 4.747463226318359, 0.05897322669625282], [1.8903381824493408, 2.692002058029175, 0.5670227408409119], [-2.3432328701019287, 3.7164127826690674, 1.2614216804504395], [0.4132384955883026, 2.2306692600250244, 0.46351492404937744], [-1.3945835828781128, 3.8312363624572754, 1.0456211566925049], [0.9654010534286499, 0.9919740557670593, 0.44007304310798645], [1.7968621253967285, 3.468876361846924, 1.0605802536010742], [0.23832537233829498, 3.6462972164154053, 0.48138654232025146], [1.2931238412857056, 3.53771710395813, 0.7972477078437805], [0.9247138500213623, 3.581916570663452, 0.7817375659942627], [0.8582029342651367, 4.764886379241943, 0.44744107127189636], [1.5113016366958618, 3.2566144466400146, 1.3314088582992554], [1.2469576597213745, 4.395224571228027, 1.1930838823318481], [0.9084689617156982, 2.7410616874694824, 0.50437331199646], [1.7741444110870361, 4.417745590209961, 0.8527701497077942], [-0.9890633225440979, 2.737027883529663, 0.4969906806945801], [-2.299474000930786, 3.2500319480895996, 1.3854225873947144], [0.21531108021736145, 1.8863191604614258, 0.6642800569534302], [0.8315851092338562, 3.2375409603118896, 1.3580403327941895], [-1.132378101348877, 4.613344192504883, 0.6494982838630676], [-0.14224176108837128, 3.0581369400024414, 0.7034266591072083], [-0.8076946139335632, 2.7856414318084717, 1.080052375793457], [2.1972551345825195, 5.119368076324463, 1.0068522691726685], [1.798193335533142, 3.787522315979004, 0.46751636266708374], [-0.05047990381717682, 3.9298436641693115, 0.9450393319129944], [-0.09190124273300171, 3.927936315536499, 1.0433226823806763], [-0.5776119232177734, 3.100867509841919, 0.564811110496521], [-1.3703590631484985, 2.9373812675476074, 1.591481328010559], [-0.9895907044410706, 3.3452248573303223, 0.6578116416931152], [-0.9016164541244507, 2.6838769912719727, 1.4666798114776611], [0.7728717923164368, 2.505786895751953, 0.4832989275455475], [-0.6541420221328735, 3.9293251037597656, 0.15746080875396729], [2.1217734813690186, 4.016619682312012, 1.5289593935012817], [-0.9894141554832458, 1.8149076700210571, 0.20754870772361755], [0.11874957382678986, 4.134964942932129, 0.41843512654304504], [-0.6581828594207764, 4.016554832458496, 0.644450843334198], [0.8666809797286987, 4.931448936462402, 0.09942346066236496], [0.4667784869670868, 4.105175495147705, 0.6162322163581848], [1.311913013458252, 5.321564197540283, 1.7102584838867188], [0.913891077041626, 0.3063993453979492, 0.5873523950576782], [-0.5841604471206665, 2.6490478515625, 1.155456304550171], [0.33410578966140747, 3.262998580932617, 1.0585516691207886], [0.036594752222299576, 4.307314872741699, 1.1208006143569946], [0.8937721848487854, 4.650120735168457, 0.9672383666038513], [0.1801232248544693, 2.5401113033294678, 0.28212225437164307]]"
2832,1.7196872064566886,-0.43899961492278716,0.42992180161417215,0.01387849953985991,-0.06003914626108852,0.8223574574782263,0.5656243455657732,1.7197217780309515,-0.43937659982750743,0.43050124435256654,0.013927611400455972,-0.05900211438144095,0.8220911981667005,0.5661190988087543,"[181, 196, 205, 239, 242, 277, 286, 382, 424, 467, 490, 506, 522, 529, 557, 565, 584, 625, 650, 669, 693, 705, 789, 1024, 1035, 1104, 1117, 1168, 1170, 1195, 1217, 1282, 1505, 1547, 1673, 1687, 1787, 1937, 2089, 2128, 2198, 2229, 2302, 2360, 2368, 2422, 2518, 2553, 2556, 2572, 2617, 2781, 3061, 3078, 3127, 3224, 3321, 3323, 3405, 3430, 3432, 3478, 3493, 3504, 3506, 3513, 3516, 3546, 3649, 3735, 3748, 4002, 4091, 4100, 4107, 4136, 4191, 4215, 4294, 4327, 4364, 4480, 4625, 4703, 4867]","[[-0.08165076748845147, 4.39844336026989], [-0.5155825863747215, 5.35454520052016], [0.26163830094729057, 5.959029378990299], [-0.3467266114974424, 4.564597956188887], [-0.031321228834807244, 2.9220749128588737], [0.021555783924092332, 1.9966645204218663], [-0.470170103405781, 5.7950301545540315], [-0.09931448163416488, 5.372133443224307], [0.1899888497481085, 4.2235411909845], [0.18054033978625333, 5.918686594691648], [-0.44557618191855125, 4.549854777650206], [0.10071177964126324, 0.9087828625279561], [-0.3097514127043075, 5.605618875490804], [0.3052053600693871, 5.935881541838631], [-0.41833233961651467, 5.652834839514316], [0.251317648498187, 5.666807017949804], [-0.3938546258581795, 5.508456298598139], [-0.1770792238329418, 3.989089029073641], [-0.03272958207176843, 5.119550777410748], [-0.42762204386584024, 4.970568571930497], [0.3361633828759903, 4.604514821958731], [-0.1756324623085099, 5.774514959106624], [-0.23865673531167522, 4.107201754252328], [0.25633074993955485, 3.2756410741579254], [-0.016090546462679975, 5.387786111498015], [0.2049428561940616, 5.1852124483749344], [0.47628450880967405, 5.976875103370241], [-0.16488070388892073, 5.50212047295579], [-0.1087775044100131, 4.413708191641004], [-0.3516990429172037, 5.739916180506663], [0.3736719968317329, 3.9302024679438983], [-0.36685970125400813, 2.7618312063272654], [-0.17799170579378884, 4.063990554715404], [0.03678344046038722, 4.72934779219353], [0.027660161583421466, 5.981016282570007], [-0.024904211397151408, 5.016755596016149], [0.10269025468592313, 5.476833897324261], [-0.19568019735276307, 4.821638117860194], [0.3701322701251093, 2.0450832934008636], [-0.0015404782384815527, 4.623390392551107], [-0.4354928797058347, 2.187591679702506], [-0.05766496093026361, 5.4396413769414], [-0.4196730869349805, 3.1374190266515285], [0.39447754658062684, 5.868454438326757], [0.0929504224220749, 2.9709825325059382], [0.2559881563755074, 5.321761644593814], [0.1216502177685553, 1.6177808458930365], [-0.39012784849875093, 3.960891697168686], [-0.016764391268097843, 4.346224049337071], [-0.26096388187819886, 4.0159211301004945], [-0.1743062582792156, 4.114493841223576], [-0.1985278962062346, 5.273667182566732], [-0.3182208873760302, 3.811296311506755], [-0.27277122277895127, 4.91773527345301], [-0.11285959466506058, 3.2834668447826956], [-0.37724821210015763, 4.87481915413582], [0.34350426252928473, 4.173369822078693], [0.44680854895480865, 5.537779991666161], [0.20513928429605613, 2.77860619727425], [-0.14337743168903683, 3.8967522209992445], [0.14669833183179695, 5.807267092152294], [0.12069854454585417, 3.971864792980429], [0.2840580946321097, 4.148338179378976], [-0.45305678426008233, 5.608587346616419], [-0.3816875695244715, 4.226812112038682], [0.014648935785457794, 4.742334379891811], [0.02017277491639115, 4.7641139308573], [0.20955303564843214, 4.223116811748579], [0.25439853849078525, 4.660171005331267], [-0.053402518999526756, 3.0938994037296665], [0.14120440711874016, 4.978776244692842], [-0.4624607174462212, 4.60608496352089], [0.5201935365258997, 3.530768279361311], [-0.023809763639154196, 4.846402585246647], [0.12530207148353864, 5.055361515482873], [-0.20417524164890524, 5.449379440828709], [0.5037402837812487, 4.743782574012812], [-0.0958159600435859, 4.7183765616868785], [-0.30298747765998113, 5.914460405578434], [0.44372149626933444, 1.1104574018824536], [0.25807040895240707, 3.9219224933320502], [-0.01934955448538227, 4.001080986472331], [-0.032517798873777995, 5.08366804379927], [-0.2085686476358133, 5.184761956994448], [0.12006498946697197, 3.356281547974223]]","[[0.45769816637039185, 3.6369144916534424, 1.5020126104354858], [2.5086491107940674, 4.8439741134643555, 0.810574471950531], [-1.690869688987732, 4.409207820892334, -0.17856155335903168], [1.6176284551620483, 4.096442222595215, 0.938147783279419], [0.7538830041885376, 2.314903974533081, 0.5854530334472656], [0.9570228457450867, 1.3783893585205078, 0.745502233505249], [2.3258464336395264, 5.314465522766113, 0.7844532132148743], [0.30824869871139526, 4.73850679397583, 0.7172616720199585], [-0.5038958191871643, 3.150254726409912, 0.4329964220523834], [-1.3475202322006226, 4.6160688400268555, 0.7044112086296082], [2.097599744796753, 4.09572172164917, 0.3754720985889435], [1.3231515884399414, 0.3746509253978729, 0.3520054817199707], [1.4013367891311646, 5.146660327911377, 0.7831169962882996], [-1.9834338426589966, 4.126326084136963, 1.2579008340835571], [1.978013277053833, 5.114731311798096, 1.4492591619491577], [-1.5779470205307007, 4.093191146850586, 1.2656919956207275], [1.8719948530197144, 5.052525520324707, 0.8349053263664246], [0.9735420346260071, 3.477978229522705, 0.5639318823814392], [0.0180585328489542, 4.275506019592285, 1.4681154489517212], [2.0338191986083984, 4.5210676193237305, 0.5370109677314758], [-1.2529512643814087, 3.0691990852355957, 0.6317134499549866], [0.6284419298171997, 5.218175411224365, 0.8114650249481201], [1.1839803457260132, 3.5905325412750244, 1.0190378427505493], [-0.15580470860004425, 2.233808755874634, 0.1942511945962906], [-0.15354357659816742, 4.4898576736450195, 1.539172649383545], [-1.0987924337387085, 3.838974714279175, 1.2321866750717163], [-2.643998384475708, 3.590893030166626, -0.2406441867351532], [0.6671563982963562, 4.9510884284973145, 0.08018825948238373], [0.5833927989006042, 3.7820382118225098, 1.0432583093643188], [1.6244605779647827, 5.264101505279541, 1.0627230405807495], [-0.9142951965332031, 2.4783380031585693, 0.3966814875602722], [1.7228246927261353, 2.317826509475708, 0.5801055431365967], [0.9429019689559937, 3.4945216178894043, 1.086828351020813], [-0.1251818686723709, 3.9142308235168457, 0.487517774105072], [-0.5980858206748962, 4.965366840362549, 1.5139001607894897], [0.012384211644530296, 4.176836013793945, 1.4019571542739868], [-0.7530555725097656, 4.44417667388916, 0.6593567728996277], [0.9093790054321289, 4.313949108123779, 0.5192649364471436], [0.36733919382095337, 1.086186408996582, 0.2718144357204437], [0.0504140630364418, 3.844172477722168, 0.9141488671302795], [1.856259822845459, 1.7178242206573486, 0.7617976069450378], [0.12379542738199234, 4.747463226318359, 0.05897322669625282], [1.8903381824493408, 2.692002058029175, 0.5670227408409119], [-2.3432328701019287, 3.7164127826690674, 1.2614216804504395], [0.4132384955883026, 2.2306692600250244, 0.46351492404937744], [-1.3945835828781128, 3.8312363624572754, 1.0456211566925049], [0.9654010534286499, 0.9919740557670593, 0.44007304310798645], [1.7968621253967285, 3.468876361846924, 1.0605802536010742], [0.23832537233829498, 3.6462972164154053, 0.48138654232025146], [1.2931238412857056, 3.53771710395813, 0.7972477078437805], [0.9247138500213623, 3.581916570663452, 0.7817375659942627], [0.8582029342651367, 4.764886379241943, 0.44744107127189636], [1.5113016366958618, 3.2566144466400146, 1.3314088582992554], [1.2469576597213745, 4.395224571228027, 1.1930838823318481], [0.9084689617156982, 2.7410616874694824, 0.50437331199646], [1.7741444110870361, 4.417745590209961, 0.8527701497077942], [-0.9890633225440979, 2.737027883529663, 0.4969906806945801], [-2.299474000930786, 3.2500319480895996, 1.3854225873947144], [0.21531108021736145, 1.8863191604614258, 0.6642800569534302], [0.8315851092338562, 3.2375409603118896, 1.3580403327941895], [-1.132378101348877, 4.613344192504883, 0.6494982838630676], [-0.14224176108837128, 3.0581369400024414, 0.7034266591072083], [-0.8076946139335632, 2.7856414318084717, 1.080052375793457], [2.1972551345825195, 5.119368076324463, 1.0068522691726685], [1.798193335533142, 3.787522315979004, 0.46751636266708374], [-0.05047990381717682, 3.9298436641693115, 0.9450393319129944], [-0.09190124273300171, 3.927936315536499, 1.0433226823806763], [-0.5776119232177734, 3.100867509841919, 0.564811110496521], [-0.9895907044410706, 3.3452248573303223, 0.6578116416931152], [0.7728717923164368, 2.505786895751953, 0.4832989275455475], [-0.6541420221328735, 3.9293251037597656, 0.15746080875396729], [2.1217734813690186, 4.016619682312012, 1.5289593935012817], [-0.9894141554832458, 1.8149076700210571, 0.20754870772361755], [0.11874957382678986, 4.134964942932129, 0.41843512654304504], [-0.6581828594207764, 4.016554832458496, 0.644450843334198], [0.8666809797286987, 4.931448936462402, 0.09942346066236496], [-1.8155769109725952, 2.661280870437622, -0.19078916311264038], [0.4667784869670868, 4.105175495147705, 0.6162322163581848], [1.311913013458252, 5.321564197540283, 1.7102584838867188], [0.913891077041626, 0.3063993453979492, 0.5873523950576782], [-0.5841604471206665, 2.6490478515625, 1.155456304550171], [0.33410578966140747, 3.262998580932617, 1.0585516691207886], [0.036594752222299576, 4.307314872741699, 1.1208006143569946], [0.8937721848487854, 4.650120735168457, 0.9672383666038513], [0.1801232248544693, 2.5401113033294678, 0.28212225437164307]]"
2834,1.6687118045418783,-0.45991876139155835,0.41717795113546957,-0.008848697731817541,-0.0767522705041,0.8178365209150982,0.5702404883717084,1.6666267233279575,-0.46150347444666207,0.41832450336666854,-0.009476041372825924,-0.0762852020483369,0.8177948233587764,0.5703528727690714,"[181, 196, 205, 239, 242, 277, 286, 382, 424, 429, 467, 478, 490, 506, 522, 529, 557, 565, 584, 625, 650, 669, 693, 705, 789, 1024, 1035, 1104, 1117, 1168, 1170, 1195, 1217, 1282, 1505, 1547, 1673, 1687, 1787, 1937, 2089, 2128, 2158, 2198, 2229, 2302, 2360, 2368, 2422, 2518, 2553, 2556, 2572, 2617, 2781, 3061, 3078, 3127, 3224, 3228, 3321, 3323, 3342, 3405, 3430, 3432, 3478, 3493, 3504, 3506, 3513, 3516, 3546, 3649, 3735, 3748, 4002, 4091, 4100, 4107, 4136, 4191, 4215, 4294, 4327, 4364, 4400, 4420, 4480, 4625, 4703, 4828, 4867]","[[-0.09275592978478746, 4.407344273883006], [-0.5098354512671328, 5.384852020488526], [0.2676267377562452, 5.945002776957063], [-0.3465929517709391, 4.586858739406924], [-0.03756914433628249, 2.925794627518022], [-0.001068225763193007, 1.9978577985866979], [-0.4679368541011012, 5.821260552048528], [-0.10017477613490804, 5.380859854135099], [0.19081942261822835, 4.215764958475088], [0.4219972647524597, 3.6015845716124177], [0.17784250924177686, 5.911169087798793], [-0.02905390377735773, 3.6443720136379936], [-0.4404332042746684, 4.575888498488227], [0.055533820177154476, 0.9053609699398684], [-0.30608752887339635, 5.624244295193083], [0.29949147672255017, 5.924560826994796], [-0.42086440042618206, 5.6757903318067715], [0.2465175467131022, 5.656034507618488], [-0.3923250779594728, 5.532539391060621], [-0.17636459223600712, 3.999627829475532], [-0.03942268534962282, 5.122794588650777], [-0.42210929964788857, 4.99823904728372], [0.3340292171583945, 4.585473200556664], [-0.17476643672990713, 5.784235978100596], [-0.24352034546151968, 4.123242620408464], [0.2567784865588836, 3.260090938639691], [-0.023268801651001005, 5.39300712142073], [0.19990774745963225, 5.175686516267374], [0.4808893203932036, 5.954900773445101], [-0.15697611615094692, 5.512810074953856], [-0.11630448743752135, 4.422449990267577], [-0.3513086163685259, 5.759648901944069], [0.3703716785272751, 3.912059654404761], [-0.37352142116680437, 2.7834217010527613], [-0.18400013594491815, 4.076596487475029], [0.03677292177165958, 4.729746139218571], [0.02328632063531291, 5.982152773435016], [-0.03152174295457653, 5.020124919892552], [0.10314794155522228, 5.475215470060517], [-0.1914727888114507, 4.834888524720802], [0.3588833238616086, 2.0249643976397422], [-0.00406538568658848, 4.62465397004775], [-0.0006660587617269532, 2.864764129353878], [-0.4472597839163532, 2.2124541988541515], [-0.05132401458583327, 5.444543556610582], [-0.41962105904291735, 3.164063972132257], [0.39232579876678125, 5.852405912770249], [0.08511787751441596, 2.968950936012258], [0.2516764998786629, 5.311730477255611], [0.10017907833910643, 1.6130264361402709], [-0.3959781013537504, 3.9831310921339393], [-0.015292820092376877, 4.350254089198784], [-0.26421741408764765, 4.032439483074892], [-0.1736154580789599, 4.124844522605455], [-0.1935348555491217, 5.286047197994397], [-0.33028159439761867, 3.829118851529882], [-0.2786106002764087, 4.9353712792262066], [-0.11802235221395116, 3.291417778091639], [-0.3770850510903186, 4.898640080349723], [0.46061021122140017, 2.4667990492798904], [0.33938717160196996, 4.156893208701155], [0.43837411286735267, 5.516671070450596], [-0.06920303007307163, 3.999413792695861], [0.1924214098535187, 2.7711402494786763], [-0.15497104939208184, 3.906548720463958], [0.15068116889122274, 5.79946829419917], [0.11501926734577937, 3.966822029735998], [0.27609348973412845, 4.136203238116092], [-0.45021088022661404, 5.634989273447124], [-0.37847243656174306, 4.251034210638451], [0.009382391573225974, 4.742723035010904], [0.015810635097426064, 4.769152729032154], [0.20831483413762716, 4.213233203701481], [0.25176643995189346, 4.648615059633515], [-0.05772771561623709, 3.0977745137455677], [0.1445957296693139, 4.971766087882917], [-0.47020582327503047, 4.634657712948705], [0.5202174917610881, 3.505363023796675], [-0.02323114139945359, 4.849094433433691], [0.12302299647641206, 5.050049138887051], [-0.19161274060267805, 5.459160729426668], [0.5054935841082203, 4.716393554793035], [-0.09454191627450914, 4.725872786909745], [-0.3089763520229689, 5.934947875715835], [0.39980598478343227, 1.0885575530873304], [0.24779175801066108, 3.9082795973044417], [-0.017355634575892922, 5.3987761355216835], [-0.12389785266042254, 5.710475780406971], [-0.02569817555361212, 4.0053336535618485], [-0.035566610002668426, 5.086257349016851], [-0.20864189600992192, 5.198940208688736], [0.2573509220574055, 3.5644124761582354], [0.11936132028607387, 3.351598814218916]]","[[0.45769816637039185, 3.6369144916534424, 1.5020126104354858], [2.5086491107940674, 4.8439741134643555, 0.810574471950531], [-1.690869688987732, 4.409207820892334, -0.17856155335903168], [1.6176284551620483, 4.096442222595215, 0.938147783279419], [0.7538830041885376, 2.314903974533081, 0.5854530334472656], [0.9570228457450867, 1.3783893585205078, 0.745502233505249], [2.3258464336395264, 5.314465522766113, 0.7844532132148743], [0.30824869871139526, 4.73850679397583, 0.7172616720199585], [-0.5038958191871643, 3.150254726409912, 0.4329964220523834], [-0.7704256176948547, 2.14143443107605, -0.08076226711273193], [-1.3475202322006226, 4.6160688400268555, 0.7044112086296082], [0.5631309151649475, 2.9999711513519287, 0.12128958851099014], [2.097599744796753, 4.09572172164917, 0.3754720985889435], [1.3231515884399414, 0.3746509253978729, 0.3520054817199707], [1.4013367891311646, 5.146660327911377, 0.7831169962882996], [-1.9834338426589966, 4.126326084136963, 1.2579008340835571], [1.978013277053833, 5.114731311798096, 1.4492591619491577], [-1.5779470205307007, 4.093191146850586, 1.2656919956207275], [1.8719948530197144, 5.052525520324707, 0.8349053263664246], [0.9735420346260071, 3.477978229522705, 0.5639318823814392], [0.0180585328489542, 4.275506019592285, 1.4681154489517212], [2.0338191986083984, 4.5210676193237305, 0.5370109677314758], [-1.2529512643814087, 3.0691990852355957, 0.6317134499549866], [0.6284419298171997, 5.218175411224365, 0.8114650249481201], [1.1839803457260132, 3.5905325412750244, 1.0190378427505493], [-0.15580470860004425, 2.233808755874634, 0.1942511945962906], [-0.15354357659816742, 4.4898576736450195, 1.539172649383545], [-1.0987924337387085, 3.838974714279175, 1.2321866750717163], [-2.643998384475708, 3.590893030166626, -0.2406441867351532], [0.6671563982963562, 4.9510884284973145, 0.08018825948238373], [0.5833927989006042, 3.7820382118225098, 1.0432583093643188], [1.6244605779647827, 5.264101505279541, 1.0627230405807495], [-0.9142951965332031, 2.4783380031585693, 0.3966814875602722], [1.7228246927261353, 2.317826509475708, 0.5801055431365967], [0.9429019689559937, 3.4945216178894043, 1.086828351020813], [-0.1251818686723709, 3.9142308235168457, 0.487517774105072], [-0.5980858206748962, 4.965366840362549, 1.5139001607894897], [0.012384211644530296, 4.176836013793945, 1.4019571542739868], [-0.7530555725097656, 4.44417667388916, 0.6593567728996277], [0.9093790054321289, 4.313949108123779, 0.5192649364471436], [0.36733919382095337, 1.086186408996582, 0.2718144357204437], [0.0504140630364418, 3.844172477722168, 0.9141488671302795], [0.7296291589736938, 2.2370800971984863, 0.18609796464443207], [1.856259822845459, 1.7178242206573486, 0.7617976069450378], [0.12379542738199234, 4.747463226318359, 0.05897322669625282], [1.8903381824493408, 2.692002058029175, 0.5670227408409119], [-2.3432328701019287, 3.7164127826690674, 1.2614216804504395], [0.4132384955883026, 2.2306692600250244, 0.46351492404937744], [-1.3945835828781128, 3.8312363624572754, 1.0456211566925049], [0.9654010534286499, 0.9919740557670593, 0.44007304310798645], [1.7968621253967285, 3.468876361846924, 1.0605802536010742], [0.23832537233829498, 3.6462972164154053, 0.48138654232025146], [1.2931238412857056, 3.53771710395813, 0.7972477078437805], [0.9247138500213623, 3.581916570663452, 0.7817375659942627], [0.8582029342651367, 4.764886379241943, 0.44744107127189636], [1.5113016366958618, 3.2566144466400146, 1.3314088582992554], [1.2469576597213745, 4.395224571228027, 1.1930838823318481], [0.9084689617156982, 2.7410616874694824, 0.50437331199646], [1.7741444110870361, 4.417745590209961, 0.8527701497077942], [-0.0657423734664917, 1.2583720684051514, 0.05360399931669235], [-0.9890633225440979, 2.737027883529663, 0.4969906806945801], [-2.299474000930786, 3.2500319480895996, 1.3854225873947144], [0.6224063634872437, 3.3841347694396973, 0.07435598969459534], [0.21531108021736145, 1.8863191604614258, 0.6642800569534302], [0.8315851092338562, 3.2375409603118896, 1.3580403327941895], [-1.132378101348877, 4.613344192504883, 0.6494982838630676], [-0.14224176108837128, 3.0581369400024414, 0.7034266591072083], [-0.8076946139335632, 2.7856414318084717, 1.080052375793457], [2.1972551345825195, 5.119368076324463, 1.0068522691726685], [1.798193335533142, 3.787522315979004, 0.46751636266708374], [-0.05047990381717682, 3.9298436641693115, 0.9450393319129944], [-0.09190124273300171, 3.927936315536499, 1.0433226823806763], [-0.5776119232177734, 3.100867509841919, 0.564811110496521], [-0.9895907044410706, 3.3452248573303223, 0.6578116416931152], [0.7728717923164368, 2.505786895751953, 0.4832989275455475], [-0.6541420221328735, 3.9293251037597656, 0.15746080875396729], [2.1217734813690186, 4.016619682312012, 1.5289593935012817], [-0.9894141554832458, 1.8149076700210571, 0.20754870772361755], [0.11874957382678986, 4.134964942932129, 0.41843512654304504], [-0.6581828594207764, 4.016554832458496, 0.644450843334198], [0.8666809797286987, 4.931448936462402, 0.09942346066236496], [-1.8155769109725952, 2.661280870437622, -0.19078916311264038], [0.4667784869670868, 4.105175495147705, 0.6162322163581848], [1.311913013458252, 5.321564197540283, 1.7102584838867188], [0.913891077041626, 0.3063993453979492, 0.5873523950576782], [-0.5841604471206665, 2.6490478515625, 1.155456304550171], [-0.01725850999355316, 4.645467281341553, -0.0787845328450203], [0.4716223478317261, 5.105075359344482, -0.0506548136472702], [0.33410578966140747, 3.262998580932617, 1.0585516691207886], [0.036594752222299576, 4.307314872741699, 1.1208006143569946], [0.8937721848487854, 4.650120735168457, 0.9672383666038513], [-0.29389622807502747, 2.4829893112182617, -0.016923734918236732], [0.1801232248544693, 2.5401113033294678, 0.28212225437164307]]"
2836,1.613892428757417,-0.4766025508089779,0.40347310718935425,-0.030818088843288214,-0.08542031897463323,0.8136851365495752,0.574169063137869,1.6143774024804267,-0.47670811029609084,0.40336810257928085,-0.03092339542292197,-0.08549728130390183,0.8143620028531251,0.5731914922730498,"[95, 196, 205, 239, 242, 277, 286, 382, 424, 429, 467, 478, 490, 506, 522, 529, 557, 565, 584, 625, 650, 669, 693, 705, 789, 1024, 1035, 1104, 1117, 1168, 1170, 1195, 1217, 1282, 1505, 1547, 1673, 1687, 1787, 1937, 2057, 2089, 2128, 2158, 2198, 2229, 2302, 2360, 2368, 2422, 2518, 2553, 2556, 2572, 2617, 2781, 3061, 3078, 3127, 3224, 3228, 3321, 3342, 3405, 3430, 3432, 3478, 3493, 3504, 3506, 3513, 3516, 3546, 3649, 3735, 3748, 4002, 4091, 4100, 4107, 4136, 4191, 4215, 4294, 4400, 4420, 4480, 4625, 4703, 4828, 4867]","[[0.1714015574185312, 5.19307583294591], [-0.5096045741454981, 5.409512661200291], [0.2718312212469502, 5.926744854093778], [-0.3539116954540756, 4.6035280868586685], [-0.0487523922506167, 2.9267170863576455], [-0.026267412142139, 1.9969284055464747], [-0.464795899038686, 5.847267521808643], [-0.10274535210269742, 5.386641540181453], [0.18728746171935481, 4.199037466657068], [0.4188907762234506, 3.573134153501566], [0.17631970596748942, 5.9009204225482925], [-0.03108540139092016, 3.6441295402918534], [-0.4380419513924476, 4.59847366390553], [0.00068671891331542, 0.8999906883209988], [-0.305501851945302, 5.6392303091110225], [0.2947829768814706, 5.9045619710498], [-0.42310012237830213, 5.700222704403894], [0.23809622533454963, 5.64005836189977], [-0.39169407215930657, 5.551082820887116], [-0.18055888719625396, 4.008646199134235], [-0.04860663346568885, 5.1247831127145815], [-0.4211448305782961, 5.018084318334787], [0.32794781866138745, 4.566457183931249], [-0.1752751474883222, 5.793485305641498], [-0.2516935177730508, 4.135634030851788], [0.24754964205354701, 3.24536761556923], [-0.035039149505241805, 5.392331444241078], [0.1916857718106041, 5.164070453013906], [0.48082871461904286, 5.9230997918217465], [-0.15209515415355798, 5.518579901334415], [-0.12427399510834575, 4.428336236772388], [-0.3524470290063974, 5.777096528459518], [0.36511859325053664, 3.8882230770666784], [-0.3811330859941106, 2.8031653301936164], [-0.19593950730448528, 4.084418639741698], [0.036886603237407896, 4.723596838242047], [0.015217800327854615, 5.978747138092974], [-0.04036937518290859, 5.021114323863187], [0.10117093701888315, 5.4660782038439475], [-0.1962860746131988, 4.842038053608577], [0.1556431146949801, 5.749819293118209], [0.34249377372762413, 2.003224463211309], [-0.008748903448144324, 4.623235417502388], [-0.009040329678282383, 2.862930247684506], [-0.46464598728612494, 2.2366805932097096], [-0.04794292436363832, 5.445143734102019], [-0.429050682782805, 3.1854722906294577], [0.3862321891706501, 5.8279933764628895], [0.07343004757999252, 2.9612182086349623], [0.24723980557629285, 5.294628868208151], [0.07467717166032724, 1.604244529017829], [-0.4054413842727616, 4.003660120328046], [-0.01712485937932541, 4.348223337854702], [-0.27153310397106806, 4.0450972302258155], [-0.18180909486051397, 4.133739872396956], [-0.19145479935702214, 5.2957383561656695], [-0.3459722562046456, 3.8484202464466826], [-0.28483507491933013, 4.949100332791226], [-0.12406346708592857, 3.2948981817634717], [-0.37769385200025213, 4.917483384498323], [0.4515769396783381, 2.440600938277588], [0.3345858193359965, 4.13802454914767], [-0.07044434913569643, 3.9994728863671023], [0.17708366104835288, 2.7581467630306404], [-0.16847829108601942, 3.914477070029113], [0.14905687285345473, 5.7875332245272615], [0.10713323414193712, 3.9579035909838836], [0.2659480905172962, 4.119881798516511], [-0.45253082395602967, 5.659859272276467], [-0.3786636439235917, 4.270272603422694], [0.00327543328861632, 4.741313818488224], [0.006306139112034219, 4.766194436740058], [0.19948581837796825, 4.196759759517758], [0.24562220736771173, 4.631354957839236], [-0.06702467858015435, 3.0990497451034518], [0.14365622714820728, 4.96359480874879], [-0.4781054463307505, 4.659212526398236], [0.5127146934002613, 3.474678996435879], [-0.02581172824594521, 4.848290581732316], [0.11936108859080584, 5.038412236992555], [-0.18915942088032156, 5.467505761640522], [0.507923397134727, 4.683697611057428], [-0.0996583816903604, 4.729411243282228], [-0.31739993565271885, 5.950939837794954], [-0.015514773740619327, 5.396888360513089], [-0.1204446493288166, 5.71508553466864], [-0.0350573803434604, 4.005439098570393], [-0.04313103556273852, 5.088104216389965], [-0.21520173650791158, 5.206560855786192], [0.2520546341016135, 3.544298481335432], [0.11033287558265059, 3.345192972515787]]","[[-0.781180739402771, 4.064624309539795, -0.38334643840789795], [2.5086491107940674, 4.8439741134643555, 0.810574471950531], [-1.690869688987732, 4.409207820892334, -0.17856155335903168], [1.6176284551620483, 4.096442222595215, 0.938147783279419], [0.7538830041885376, 2.314903974533081, 0.5854530334472656], [0.9570228457450867, 1.3783893585205078, 0.745502233505249], [2.3258464336395264, 5.314465522766113, 0.7844532132148743], [0.30824869871139526, 4.73850679397583, 0.7172616720199585], [-0.5038958191871643, 3.150254726409912, 0.4329964220523834], [-0.7704256176948547, 2.14143443107605, -0.08076226711273193], [-1.3475202322006226, 4.6160688400268555, 0.7044112086296082], [0.5631309151649475, 2.9999711513519287, 0.12128958851099014], [2.097599744796753, 4.09572172164917, 0.3754720985889435], [1.3231515884399414, 0.3746509253978729, 0.3520054817199707], [1.4013367891311646, 5.146660327911377, 0.7831169962882996], [-1.9834338426589966, 4.126326084136963, 1.2579008340835571], [1.978013277053833, 5.114731311798096, 1.4492591619491577], [-1.5779470205307007, 4.093191146850586, 1.2656919956207275], [1.8719948530197144, 5.052525520324707, 0.8349053263664246], [0.9735420346260071, 3.477978229522705, 0.5639318823814392], [0.0180585328489542, 4.275506019592285, 1.4681154489517212], [2.0338191986083984, 4.5210676193237305, 0.5370109677314758], [-1.2529512643814087, 3.0691990852355957, 0.6317134499549866], [0.6284419298171997, 5.218175411224365, 0.8114650249481201], [1.1839803457260132, 3.5905325412750244, 1.0190378427505493], [-0.15580470860004425, 2.233808755874634, 0.1942511945962906], [-0.15354357659816742, 4.4898576736450195, 1.539172649383545], [-1.0987924337387085, 3.838974714279175, 1.2321866750717163], [-2.643998384475708, 3.590893030166626, -0.2406441867351532], [0.6671563982963562, 4.9510884284973145, 0.08018825948238373], [0.5833927989006042, 3.7820382118225098, 1.0432583093643188], [1.6244605779647827, 5.264101505279541, 1.0627230405807495], [-0.9142951965332031, 2.4783380031585693, 0.3966814875602722], [1.7228246927261353, 2.317826509475708, 0.5801055431365967], [0.9429019689559937, 3.4945216178894043, 1.086828351020813], [-0.1251818686723709, 3.9142308235168457, 0.487517774105072], [-0.5980858206748962, 4.965366840362549, 1.5139001607894897], [0.012384211644530296, 4.176836013793945, 1.4019571542739868], [-0.7530555725097656, 4.44417667388916, 0.6593567728996277], [0.9093790054321289, 4.313949108123779, 0.5192649364471436], [-0.9702979922294617, 4.599729061126709, -0.38003405928611755], [0.36733919382095337, 1.086186408996582, 0.2718144357204437], [0.0504140630364418, 3.844172477722168, 0.9141488671302795], [0.7296291589736938, 2.2370800971984863, 0.18609796464443207], [1.856259822845459, 1.7178242206573486, 0.7617976069450378], [0.12379542738199234, 4.747463226318359, 0.05897322669625282], [1.8903381824493408, 2.692002058029175, 0.5670227408409119], [-2.3432328701019287, 3.7164127826690674, 1.2614216804504395], [0.4132384955883026, 2.2306692600250244, 0.46351492404937744], [-1.3945835828781128, 3.8312363624572754, 1.0456211566925049], [0.9654010534286499, 0.9919740557670593, 0.44007304310798645], [1.7968621253967285, 3.468876361846924, 1.0605802536010742], [0.23832537233829498, 3.6462972164154053, 0.48138654232025146], [1.2931238412857056, 3.53771710395813, 0.7972477078437805], [0.9247138500213623, 3.581916570663452, 0.7817375659942627], [0.8582029342651367, 4.764886379241943, 0.44744107127189636], [1.5113016366958618, 3.2566144466400146, 1.3314088582992554], [1.2469576597213745, 4.395224571228027, 1.1930838823318481], [0.9084689617156982, 2.7410616874694824, 0.50437331199646], [1.7741444110870361, 4.417745590209961, 0.8527701497077942], [-0.0657423734664917, 1.2583720684051514, 0.05360399931669235], [-0.9890633225440979, 2.737027883529663, 0.4969906806945801], [0.6224063634872437, 3.3841347694396973, 0.07435598969459534], [0.21531108021736145, 1.8863191604614258, 0.6642800569534302], [0.8315851092338562, 3.2375409603118896, 1.3580403327941895], [-1.132378101348877, 4.613344192504883, 0.6494982838630676], [-0.14224176108837128, 3.0581369400024414, 0.7034266591072083], [-0.8076946139335632, 2.7856414318084717, 1.080052375793457], [2.1972551345825195, 5.119368076324463, 1.0068522691726685], [1.798193335533142, 3.787522315979004, 0.46751636266708374], [-0.05047990381717682, 3.9298436641693115, 0.9450393319129944], [-0.09190124273300171, 3.927936315536499, 1.0433226823806763], [-0.5776119232177734, 3.100867509841919, 0.564811110496521], [-0.9895907044410706, 3.3452248573303223, 0.6578116416931152], [0.7728717923164368, 2.505786895751953, 0.4832989275455475], [-0.6541420221328735, 3.9293251037597656, 0.15746080875396729], [2.1217734813690186, 4.016619682312012, 1.5289593935012817], [-0.9894141554832458, 1.8149076700210571, 0.20754870772361755], [0.11874957382678986, 4.134964942932129, 0.41843512654304504], [-0.6581828594207764, 4.016554832458496, 0.644450843334198], [0.8666809797286987, 4.931448936462402, 0.09942346066236496], [-1.8155769109725952, 2.661280870437622, -0.19078916311264038], [0.4667784869670868, 4.105175495147705, 0.6162322163581848], [1.311913013458252, 5.321564197540283, 1.7102584838867188], [-0.01725850999355316, 4.645467281341553, -0.0787845328450203], [0.4716223478317261, 5.105075359344482, -0.0506548136472702], [0.33410578966140747, 3.262998580932617, 1.0585516691207886], [0.036594752222299576, 4.307314872741699, 1.1208006143569946], [0.8937721848487854, 4.650120735168457, 0.9672383666038513], [-0.29389622807502747, 2.4829893112182617, -0.016923734918236732], [0.1801232248544693, 2.5401113033294678, 0.28212225437164307]]"
2838,1.5553553586966364,-0.4888973434214977,0.3888388396741591,-0.04969477517685717,-0.08518719972582421,0.8101936203653672,0.5778060815206552,1.5553884445111248,-0.48792850426618656,0.38836692876028167,-0.04972910604459753,-0.08466961722781123,0.8105461638791601,0.5773846102480381,"[95, 196, 205, 229, 239, 242, 277, 286, 382, 424, 429, 467, 478, 490, 506, 522, 557, 584, 625, 669, 693, 705, 789, 1024, 1117, 1168, 1170, 1195, 1217, 1282, 1505, 1547, 1787, 1937, 1958, 2057, 2089, 2128, 2158, 2198, 2229, 2302, 2368, 2422, 2518, 2553, 2556, 2572, 2617, 2781, 3061, 3078, 3127, 3224, 3228, 3321, 3342, 3405, 3432, 3478, 3504, 3506, 3513, 3516, 3546, 3649, 3735, 3748, 4002, 4061, 4091, 4100, 4107, 4136, 4138, 4191, 4215, 4294, 4400, 4420, 4480, 4515, 4625, 4703, 4828, 4834, 4867, 4875]","[[0.17200677313786383, 5.176735334420057], [-0.5117448763729994, 5.433978023332988], [0.2697261132818573, 5.903768753431246], [-0.3729017483111375, 4.551513279950138], [-0.3579229084276528, 4.618220143829497], [-0.0623520757180773, 2.923218277655686], [-0.05538222395759192, 1.993758410386845], [-0.46722714133444165, 5.866795490975656], [-0.1052874634111705, 5.383430225730466], [0.17897285204630306, 4.183120390103114], [0.41103531170490437, 3.5429700497268404], [0.17303654986309935, 5.879545999978364], [-0.03733756473907695, 3.6372572050679137], [-0.4395444766432029, 4.618624086159417], [-0.05835712016656776, 0.8963667666695116], [-0.3100396785941518, 5.650856748069147], [-0.4309942049137123, 5.720272628987919], [-0.3947502281960952, 5.569395713269149], [-0.19003726949838395, 4.014414648758809], [-0.4221337746333175, 5.0333620457571255], [0.3210936447212216, 4.539868100954368], [-0.1791901911277753, 5.799308188273699], [-0.2623080280131187, 4.145467589971916], [0.23884125331030562, 3.222635663292333], [0.4805206171677158, 5.888181385774012], [-0.15362603640816883, 5.519443037950374], [-0.13248163545087308, 4.428921176482024], [-0.35626879153301866, 5.791296404842332], [0.35615576575903457, 3.859824687462427], [-0.39642808363766624, 2.8183570811686876], [-0.20719638692418843, 4.090086935601286], [0.029368544777999054, 4.714031825827969], [0.09707621083576075, 5.452777890538736], [-0.19900179693146047, 4.847528795044054], [0.4122894690088132, 4.671228078791067], [0.1555028336684007, 5.732543584118139], [0.3205938764336373, 1.9753729117859962], [-0.020501276869732053, 4.616286737538935], [-0.020922114096166053, 2.857477439398147], [-0.48494417848296617, 2.2589639962905816], [-0.051063437595532016, 5.4369848628370985], [-0.43712281144628, 3.202802154031903], [0.060594513769335764, 2.95017334209794], [0.23871032185959906, 5.271433980794203], [0.041656207196615884, 1.5949728079999819], [-0.4143116840322355, 4.023151452418596], [-0.025755145520056595, 4.341999707820616], [-0.2789034535455621, 4.055979715548971], [-0.19234830970639236, 4.136554670360147], [-0.19709118502333767, 5.299077468422497], [-0.35842863292455523, 3.862136854801027], [-0.2924937256843948, 4.959506501065039], [-0.13748622809531366, 3.295666514273858], [-0.38501658971930103, 4.932039272145219], [0.43590428917039337, 2.405537616256469], [0.32789736481193565, 4.110738645469606], [-0.07645926951489578, 3.9946895736111574], [0.16188552001456757, 2.740426407146966], [0.142045916281617, 5.772298726238582], [0.09799051912127546, 3.943622535303979], [-0.4562814735434661, 5.678339981015936], [-0.3844880598541019, 4.283342944353189], [-0.0065171326933119045, 4.733805131108149], [-0.0009204770656096436, 4.760650653243494], [0.1957934928900515, 4.1794163799514426], [0.2401984441463228, 4.608894461152471], [-0.07865228958921269, 3.095353094256398], [0.14066456371248842, 4.945603306222693], [-0.48887816411339124, 4.6816979470037134], [-0.3518433757552446, 3.1075368451589402], [0.5052281534696355, 3.437156210193214], [-0.03088848430076372, 4.8422445541341155], [0.11403415623400862, 5.026517196204029], [-0.18934424091271526, 5.471667538964329], [-0.25796030644984974, 4.192556632145406], [0.5032141537081002, 4.649289195279674], [-0.10558444094620953, 4.726778697333984], [-0.3241906669348779, 5.96509359188612], [-0.016276126358488765, 5.389068641924339], [-0.12308762507987958, 5.715301050980643], [-0.04809697114486716, 4.003548372305387], [-0.0919082587502795, 4.291873016826792], [-0.05167638868331207, 5.082917273272606], [-0.22152193056285513, 5.213159153184967], [0.24328864679763496, 3.524185064353852], [-0.10120140129756484, 2.2066798775046537], [0.10121667856934334, 3.328379534803615], [0.3455351079778885, 3.7208015760325677]]","[[-0.781180739402771, 4.064624309539795, -0.38334643840789795], [2.5086491107940674, 4.8439741134643555, 0.810574471950531], [-1.690869688987732, 4.409207820892334, -0.17856155335903168], [1.8264570236206055, 4.0445404052734375, 0.09593416750431061], [1.6176284551620483, 4.096442222595215, 0.938147783279419], [0.7538830041885376, 2.314903974533081, 0.5854530334472656], [0.9570228457450867, 1.3783893585205078, 0.745502233505249], [2.3258464336395264, 5.314465522766113, 0.7844532132148743], [0.30824869871139526, 4.73850679397583, 0.7172616720199585], [-0.5038958191871643, 3.150254726409912, 0.4329964220523834], [-0.7704256176948547, 2.14143443107605, -0.08076226711273193], [-1.3475202322006226, 4.6160688400268555, 0.7044112086296082], [0.5631309151649475, 2.9999711513519287, 0.12128958851099014], [2.097599744796753, 4.09572172164917, 0.3754720985889435], [1.3231515884399414, 0.3746509253978729, 0.3520054817199707], [1.4013367891311646, 5.146660327911377, 0.7831169962882996], [1.978013277053833, 5.114731311798096, 1.4492591619491577], [1.8719948530197144, 5.052525520324707, 0.8349053263664246], [0.9735420346260071, 3.477978229522705, 0.5639318823814392], [2.0338191986083984, 4.5210676193237305, 0.5370109677314758], [-1.2529512643814087, 3.0691990852355957, 0.6317134499549866], [0.6284419298171997, 5.218175411224365, 0.8114650249481201], [1.1839803457260132, 3.5905325412750244, 1.0190378427505493], [-0.15580470860004425, 2.233808755874634, 0.1942511945962906], [-2.643998384475708, 3.590893030166626, -0.2406441867351532], [0.6671563982963562, 4.9510884284973145, 0.08018825948238373], [0.5833927989006042, 3.7820382118225098, 1.0432583093643188], [1.6244605779647827, 5.264101505279541, 1.0627230405807495], [-0.9142951965332031, 2.4783380031585693, 0.3966814875602722], [1.7228246927261353, 2.317826509475708, 0.5801055431365967], [0.9429019689559937, 3.4945216178894043, 1.086828351020813], [-0.1251818686723709, 3.9142308235168457, 0.487517774105072], [-0.7530555725097656, 4.44417667388916, 0.6593567728996277], [0.9093790054321289, 4.313949108123779, 0.5192649364471436], [-1.434418797492981, 2.976118564605713, -0.5435752868652344], [-0.9702979922294617, 4.599729061126709, -0.38003405928611755], [0.36733919382095337, 1.086186408996582, 0.2718144357204437], [0.0504140630364418, 3.844172477722168, 0.9141488671302795], [0.7296291589736938, 2.2370800971984863, 0.18609796464443207], [1.856259822845459, 1.7178242206573486, 0.7617976069450378], [0.12379542738199234, 4.747463226318359, 0.05897322669625282], [1.8903381824493408, 2.692002058029175, 0.5670227408409119], [0.4132384955883026, 2.2306692600250244, 0.46351492404937744], [-1.3945835828781128, 3.8312363624572754, 1.0456211566925049], [0.9654010534286499, 0.9919740557670593, 0.44007304310798645], [1.7968621253967285, 3.468876361846924, 1.0605802536010742], [0.23832537233829498, 3.6462972164154053, 0.48138654232025146], [1.2931238412857056, 3.53771710395813, 0.7972477078437805], [0.9247138500213623, 3.581916570663452, 0.7817375659942627], [0.8582029342651367, 4.764886379241943, 0.44744107127189636], [1.5113016366958618, 3.2566144466400146, 1.3314088582992554], [1.2469576597213745, 4.395224571228027, 1.1930838823318481], [0.9084689617156982, 2.7410616874694824, 0.50437331199646], [1.7741444110870361, 4.417745590209961, 0.8527701497077942], [-0.0657423734664917, 1.2583720684051514, 0.05360399931669235], [-0.9890633225440979, 2.737027883529663, 0.4969906806945801], [0.6224063634872437, 3.3841347694396973, 0.07435598969459534], [0.21531108021736145, 1.8863191604614258, 0.6642800569534302], [-1.132378101348877, 4.613344192504883, 0.6494982838630676], [-0.14224176108837128, 3.0581369400024414, 0.7034266591072083], [2.1972551345825195, 5.119368076324463, 1.0068522691726685], [1.798193335533142, 3.787522315979004, 0.46751636266708374], [-0.05047990381717682, 3.9298436641693115, 0.9450393319129944], [-0.09190124273300171, 3.927936315536499, 1.0433226823806763], [-0.5776119232177734, 3.100867509841919, 0.564811110496521], [-0.9895907044410706, 3.3452248573303223, 0.6578116416931152], [0.7728717923164368, 2.505786895751953, 0.4832989275455475], [-0.6541420221328735, 3.9293251037597656, 0.15746080875396729], [2.1217734813690186, 4.016619682312012, 1.5289593935012817], [1.6791714429855347, 2.608917236328125, 0.1538100242614746], [-0.9894141554832458, 1.8149076700210571, 0.20754870772361755], [0.11874957382678986, 4.134964942932129, 0.41843512654304504], [-0.6581828594207764, 4.016554832458496, 0.644450843334198], [0.8666809797286987, 4.931448936462402, 0.09942346066236496], [1.3445065021514893, 3.680060386657715, -0.0017258523730561137], [-1.8155769109725952, 2.661280870437622, -0.19078916311264038], [0.4667784869670868, 4.105175495147705, 0.6162322163581848], [1.311913013458252, 5.321564197540283, 1.7102584838867188], [-0.01725850999355316, 4.645467281341553, -0.0787845328450203], [0.4716223478317261, 5.105075359344482, -0.0506548136472702], [0.33410578966140747, 3.262998580932617, 1.0585516691207886], [0.650888979434967, 3.676102876663208, -0.11362805217504501], [0.036594752222299576, 4.307314872741699, 1.1208006143569946], [0.8937721848487854, 4.650120735168457, 0.9672383666038513], [-0.29389622807502747, 2.4829893112182617, -0.016923734918236732], [1.107205867767334, 1.6583598852157593, 0.1472223699092865], [0.1801232248544693, 2.5401113033294678, 0.28212225437164307], [-0.6076949834823608, 2.428687334060669, -0.4173581302165985]]"
2840,1.4932354378760189,-0.4966899174148373,0.3733088594690047,-0.06347313483507337,-0.07610853566551959,0.8073216834417375,0.581730480031654,1.4924825962975568,-0.4983981915532846,0.3728394246555239,-0.06317640928030445,-0.07660573845386542,0.8077072256193975,0.581162059866782,"[95, 196, 205, 229, 239, 242, 286, 382, 424, 429, 467, 478, 490, 506, 522, 557, 584, 625, 669, 693, 705, 789, 1024, 1117, 1168, 1170, 1195, 1217, 1282, 1442, 1505, 1547, 1629, 1632, 1787, 1937, 1958, 2057, 2089, 2128, 2158, 2198, 2229, 2302, 2368, 2518, 2527, 2553, 2556, 2572, 2617, 2781, 3078, 3127, 3224, 3228, 3321, 3342, 3405, 3432, 3478, 3504, 3506, 3513, 3516, 3546, 3549, 3649, 3735, 3748, 4002, 4061, 4091, 4100, 4107, 4136, 4138, 4191, 4215, 4322, 4400, 4420, 4515, 4625, 4662, 4703, 4828, 4834, 4867, 4875]","[[0.1657735941095373, 5.153586479478723], [-0.5183280822107132, 5.452297972387378], [0.26594475233919873, 5.874878005836923], [-0.3760599586597014, 4.56167394661859], [-0.36577792871608644, 4.629174141010659], [-0.07956086311492508, 2.9164836454798815], [-0.46987249684156573, 5.884332301096382], [-0.11140892070441905, 5.378734389244199], [0.1720218358627401, 4.159808612819942], [0.4027487821941185, 3.5069709336161736], [0.16922670597524417, 5.8599730870482265], [-0.04787196021089749, 3.628747688266917], [-0.44611484835685405, 4.633694072215095], [-0.1228494585511459, 0.8878477065388207], [-0.3139036915747674, 5.659113070125769], [-0.43814970755006316, 5.733471737910615], [-0.39888988152704075, 5.5833301449830826], [-0.19776821934662084, 4.012355192469954], [-0.4286942144376424, 5.051633513533973], [0.31681070536793, 4.506470344186979], [-0.18277318507059864, 5.796193279450146], [-0.27313729088038424, 4.147828233300211], [0.22694515944455884, 3.1931114000137506], [0.4787371740476789, 5.847588136592225], [-0.15925943004606466, 5.51795972689292], [-0.1420913392840504, 4.425745123873599], [-0.36148403114633354, 5.803089559371046], [0.3506948884256074, 3.825531034226551], [-0.4109317393920733, 2.8318597862207433], [0.28583221451460494, 5.219129408421056], [-0.21807099852732745, 4.091420785098064], [0.022718549155815764, 4.7006200543416625], [-0.2015792121614794, 5.179721497467383], [0.23177201193741814, 5.842167661862494], [0.08969665420678945, 5.434908599828086], [-0.2049222036228252, 4.8475750352111655], [0.4055562371187527, 4.633194121506387], [0.1519271458107372, 5.712739975465152], [0.29889509508400597, 1.9441906859113056], [-0.025420625911965394, 4.604973631605797], [-0.034733884892285245, 2.846366617030559], [-0.5092992613826411, 2.276622717848051], [-0.05504663223312345, 5.4281920279860865], [-0.4490066821513131, 3.219165940338484], [0.0486701909273238, 2.934793497102738], [0.008397402431505172, 1.5805454896256945], [-0.07371528414637102, 2.5702921615228607], [-0.4247879693806714, 4.03578101425596], [-0.03333230295128575, 4.330364243302704], [-0.28902895134655743, 4.060190000554751], [-0.1995260429994697, 4.136567749206704], [-0.20198750521798373, 5.300952732208584], [-0.3008183562970221, 4.965609605433582], [-0.1512455453070223, 3.291812475544961], [-0.39158118650057017, 4.945308578159738], [0.4203377678404381, 2.3690844373163316], [0.31847668329353235, 4.079574295471597], [-0.08439281791094554, 3.9884712292901643], [0.1458535818951874, 2.7180755876163], [0.13795964861243834, 5.752405195897623], [0.0900202270814868, 3.9269631780278065], [-0.4617423710006058, 5.69491245088759], [-0.3907614010460462, 4.295959735121504], [-0.011228192452414644, 4.722156993706059], [-0.007172001237135524, 4.747039822676104], [0.186883972620477, 4.155645647181711], [0.15721576123404762, 5.314615436051281], [0.23391390905760595, 4.584710700200955], [-0.09413816881740185, 3.0885545108995065], [0.13308116980357612, 4.924912170386895], [-0.49911277796238634, 4.702212661175613], [-0.3627604821691037, 3.1191657634387386], [0.4980654089265308, 3.3956361753795203], [-0.035586234309274656, 4.832672212608451], [0.10843859583682189, 5.00485829037491], [-0.19311986983338944, 5.471692601004838], [-0.26538107576479214, 4.1978430263215465], [0.4971942681281293, 4.610847784545956], [-0.11169455240080794, 4.721347560893245], [0.3105087885417934, 4.2655860202568405], [-0.02075446269907791, 5.376748468939657], [-0.12382639328019843, 5.71123662461122], [-0.09940888684746026, 4.285563834523927], [-0.05818866752679774, 5.076840411723532], [0.31252944443766917, 5.600356225435746], [-0.22624598348761216, 5.215976892592929], [0.23418559287365454, 3.4963881806121337], [-0.12299937915902943, 2.199463123013509], [0.08863358090682255, 3.311203017580618], [0.33430479791873324, 3.6880965474784824]]","[[-0.781180739402771, 4.064624309539795, -0.38334643840789795], [2.5086491107940674, 4.8439741134643555, 0.810574471950531], [-1.690869688987732, 4.409207820892334, -0.17856155335903168], [1.8264570236206055, 4.0445404052734375, 0.09593416750431061], [1.6176284551620483, 4.096442222595215, 0.938147783279419], [0.7538830041885376, 2.314903974533081, 0.5854530334472656], [2.3258464336395264, 5.314465522766113, 0.7844532132148743], [0.30824869871139526, 4.73850679397583, 0.7172616720199585], [-0.5038958191871643, 3.150254726409912, 0.4329964220523834], [-0.7704256176948547, 2.14143443107605, -0.08076226711273193], [-1.3475202322006226, 4.6160688400268555, 0.7044112086296082], [0.5631309151649475, 2.9999711513519287, 0.12128958851099014], [2.097599744796753, 4.09572172164917, 0.3754720985889435], [1.3231515884399414, 0.3746509253978729, 0.3520054817199707], [1.4013367891311646, 5.146660327911377, 0.7831169962882996], [1.978013277053833, 5.114731311798096, 1.4492591619491577], [1.8719948530197144, 5.052525520324707, 0.8349053263664246], [0.9735420346260071, 3.477978229522705, 0.5639318823814392], [2.0338191986083984, 4.5210676193237305, 0.5370109677314758], [-1.2529512643814087, 3.0691990852355957, 0.6317134499549866], [0.6284419298171997, 5.218175411224365, 0.8114650249481201], [1.1839803457260132, 3.5905325412750244, 1.0190378427505493], [-0.15580470860004425, 2.233808755874634, 0.1942511945962906], [-2.643998384475708, 3.590893030166626, -0.2406441867351532], [0.6671563982963562, 4.9510884284973145, 0.08018825948238373], [0.5833927989006042, 3.7820382118225098, 1.0432583093643188], [1.6244605779647827, 5.264101505279541, 1.0627230405807495], [-0.9142951965332031, 2.4783380031585693, 0.3966814875602722], [1.7228246927261353, 2.317826509475708, 0.5801055431365967], [-1.2429896593093872, 3.776762008666992, -0.8402048349380493], [0.9429019689559937, 3.4945216178894043, 1.086828351020813], [-0.1251818686723709, 3.9142308235168457, 0.487517774105072], [1.0243852138519287, 4.614221096038818, -0.3322118818759918], [-1.3120083808898926, 4.4540181159973145, -0.9510701298713684], [-0.7530555725097656, 4.44417667388916, 0.6593567728996277], [0.9093790054321289, 4.313949108123779, 0.5192649364471436], [-1.434418797492981, 2.976118564605713, -0.5435752868652344], [-0.9702979922294617, 4.599729061126709, -0.38003405928611755], [0.36733919382095337, 1.086186408996582, 0.2718144357204437], [0.0504140630364418, 3.844172477722168, 0.9141488671302795], [0.7296291589736938, 2.2370800971984863, 0.18609796464443207], [1.856259822845459, 1.7178242206573486, 0.7617976069450378], [0.12379542738199234, 4.747463226318359, 0.05897322669625282], [1.8903381824493408, 2.692002058029175, 0.5670227408409119], [0.4132384955883026, 2.2306692600250244, 0.46351492404937744], [0.9654010534286499, 0.9919740557670593, 0.44007304310798645], [0.9547919034957886, 1.9833277463912964, -0.03672834113240242], [1.7968621253967285, 3.468876361846924, 1.0605802536010742], [0.23832537233829498, 3.6462972164154053, 0.48138654232025146], [1.2931238412857056, 3.53771710395813, 0.7972477078437805], [0.9247138500213623, 3.581916570663452, 0.7817375659942627], [0.8582029342651367, 4.764886379241943, 0.44744107127189636], [1.2469576597213745, 4.395224571228027, 1.1930838823318481], [0.9084689617156982, 2.7410616874694824, 0.50437331199646], [1.7741444110870361, 4.417745590209961, 0.8527701497077942], [-0.0657423734664917, 1.2583720684051514, 0.05360399931669235], [-0.9890633225440979, 2.737027883529663, 0.4969906806945801], [0.6224063634872437, 3.3841347694396973, 0.07435598969459534], [0.21531108021736145, 1.8863191604614258, 0.6642800569534302], [-1.132378101348877, 4.613344192504883, 0.6494982838630676], [-0.14224176108837128, 3.0581369400024414, 0.7034266591072083], [2.1972551345825195, 5.119368076324463, 1.0068522691726685], [1.798193335533142, 3.787522315979004, 0.46751636266708374], [-0.05047990381717682, 3.9298436641693115, 0.9450393319129944], [-0.09190124273300171, 3.927936315536499, 1.0433226823806763], [-0.5776119232177734, 3.100867509841919, 0.564811110496521], [-0.7489219307899475, 4.207465648651123, -0.6649905443191528], [-0.9895907044410706, 3.3452248573303223, 0.6578116416931152], [0.7728717923164368, 2.505786895751953, 0.4832989275455475], [-0.6541420221328735, 3.9293251037597656, 0.15746080875396729], [2.1217734813690186, 4.016619682312012, 1.5289593935012817], [1.6791714429855347, 2.608917236328125, 0.1538100242614746], [-0.9894141554832458, 1.8149076700210571, 0.20754870772361755], [0.11874957382678986, 4.134964942932129, 0.41843512654304504], [-0.6581828594207764, 4.016554832458496, 0.644450843334198], [0.8666809797286987, 4.931448936462402, 0.09942346066236496], [1.3445065021514893, 3.680060386657715, -0.0017258523730561137], [-1.8155769109725952, 2.661280870437622, -0.19078916311264038], [0.4667784869670868, 4.105175495147705, 0.6162322163581848], [-0.8299883008003235, 2.935978412628174, -0.6277530789375305], [-0.01725850999355316, 4.645467281341553, -0.0787845328450203], [0.4716223478317261, 5.105075359344482, -0.0506548136472702], [0.650888979434967, 3.676102876663208, -0.11362805217504501], [0.036594752222299576, 4.307314872741699, 1.1208006143569946], [-1.5445491075515747, 4.010852336883545, -0.9767881631851196], [0.8937721848487854, 4.650120735168457, 0.9672383666038513], [-0.29389622807502747, 2.4829893112182617, -0.016923734918236732], [1.107205867767334, 1.6583598852157593, 0.1472223699092865], [0.1801232248544693, 2.5401113033294678, 0.28212225437164307], [-0.6076949834823608, 2.428687334060669, -0.4173581302165985]]"
2842,1.4276757631153802,-0.49990851156509936,0.35691894077884506,-0.07067366666460312,-0.05914917318736229,0.8047103066949903,0.5864707413420436,1.4274957958988919,-0.5015370784736295,0.35822763373503674,-0.07054726020081835,-0.05886319685170505,0.8044728894936357,0.5868403345070242,"[95, 168, 196, 205, 229, 239, 242, 286, 382, 424, 429, 467, 478, 490, 506, 522, 557, 584, 625, 669, 693, 705, 789, 877, 1024, 1117, 1168, 1195, 1217, 1282, 1344, 1442, 1547, 1629, 1632, 1787, 1937, 1958, 2004, 2057, 2089, 2128, 2158, 2229, 2302, 2344, 2368, 2518, 2527, 2541, 2553, 2556, 2572, 2617, 2750, 2781, 2846, 3078, 3127, 3224, 3228, 3321, 3342, 3432, 3478, 3504, 3506, 3513, 3546, 3549, 3566, 3649, 3735, 3748, 4061, 4091, 4100, 4107, 4136, 4138, 4191, 4215, 4216, 4322, 4400, 4420, 4515, 4662, 4703, 4828, 4834, 4867, 4875]","[[0.1580247404576323, 5.123483524413915], [-0.5173258346012171, 2.328150948246489], [-0.5214652629429891, 5.470323778280775], [0.2644177795359415, 5.841735901643713], [-0.3848658798404334, 4.567900688693804], [-0.37343012223715427, 4.6366402782277385], [-0.09393129967318, 2.902821432198373], [-0.4731086732509237, 5.89990163897754], [-0.11612436789795433, 5.367252399124836], [0.16511318780298134, 4.129704951618767], [0.39292857992683894, 3.4635103862700833], [0.16942490423757406, 5.830032374729044], [-0.05983809457325961, 3.61288148549745], [-0.4535812441910322, 4.644655720299348], [-0.19072956909016026, 0.8795281956469633], [-0.3197319699289139, 5.662837676866105], [-0.4418855200632266, 5.744998135083766], [-0.403782719159246, 5.591573254201171], [-0.20728080472554958, 4.010877250941323], [-0.43537711681409014, 5.060946536453783], [0.3162662037616078, 4.471817554561763], [-0.18880044101838322, 5.791205968522007], [-0.2818736160290988, 4.149919034151076], [0.5222412208572723, 2.933419009890575], [0.21420559909233108, 3.1646980436999255], [0.47660191209390496, 5.802843744320579], [-0.16401948201739383, 5.510744939100202], [-0.3648023107302052, 5.810221046303308], [0.34665687044293925, 3.7875792207067356], [-0.42653785120297005, 2.842429493498842], [-0.19324580811969871, 5.231619877823092], [0.27764581677880107, 5.182716864502346], [0.01836373344335141, 4.683445251747453], [-0.2064222985259417, 5.175874079363222], [0.22413341366539802, 5.808356962464166], [0.08732028661743864, 5.409537224008497], [-0.21171739286743474, 4.844118153763434], [0.39960687352227237, 4.5909788630457635], [0.10043887573718302, 5.535903914461521], [0.14696859907566096, 5.6822478527714075], [0.2777821099431242, 1.9077238942993433], [-0.03147165571749397, 4.591576096014173], [-0.05231673528855998, 2.829146537880219], [-0.060558488206896646, 5.4138816283409845], [-0.46257418044255927, 3.2305706947897503], [0.38469142537409495, 5.982331177077455], [0.032421693664948285, 2.9149043109923607], [-0.021789569124727647, 1.5654363370322744], [-0.09660674610049533, 2.5589980935988756], [-0.3322393459955819, 3.914763264172314], [-0.4333987201148384, 4.048278597825112], [-0.040982946658921104, 4.3153306728392735], [-0.2954486519242544, 4.063755924063245], [-0.20747924820925923, 4.132893455800478], [-0.018173731831854785, 5.9897508622201485], [-0.20770659601514066, 5.2945774214996275], [-0.3385944519871192, 5.9976771352608065], [-0.30484951926003157, 4.968557775618974], [-0.16220326637177604, 3.286317012968736], [-0.3983353221563087, 4.952484946780959], [0.4040921554931624, 2.327307850586019], [0.317806142688316, 4.042547887247775], [-0.09618196579904074, 3.977431950461238], [0.13792032820807437, 5.727568862775121], [0.0824002675241753, 3.9047716565247104], [-0.4650456759937947, 5.708155604884892], [-0.4003741200705424, 4.304050239759519], [-0.015925779681446973, 4.706493010851655], [0.18068775528391412, 4.127263916030929], [0.14886957521698108, 5.286354309284518], [-0.04735185154548941, 3.717958234120612], [0.2340990392966587, 4.551864061153147], [-0.10716457130010955, 3.0796627140829615], [0.12990336961522722, 4.8964867282422855], [-0.37731834005443404, 3.124906765136354], [0.4918585026717449, 3.3508450886777004], [-0.041017625996109294, 4.8150033562718395], [0.10522418009540244, 4.983378381024652], [-0.19989012625496927, 5.469162177609754], [-0.2760664183788001, 4.196091911819871], [0.4940129405093213, 4.563456966691026], [-0.11698958551379163, 4.71256471697746], [-0.14677118564575375, 4.643304920459786], [0.2997922870035371, 4.227123375083217], [-0.027636457822776374, 5.361287580523079], [-0.13131440025073676, 5.700501061034004], [-0.10911818711546553, 4.27276353340043], [0.3027423829099832, 5.565447450943156], [-0.23085162947301582, 5.213390131487768], [0.2223107582085883, 3.4658893918710616], [-0.1470832014410871, 2.191574542904618], [0.07825426478645818, 3.2856546293051707], [0.32111379470701484, 3.650616714974617]]","[[-0.781180739402771, 4.064624309539795, -0.38334643840789795], [1.9507211446762085, 1.7600117921829224, 0.1543455868959427], [2.5086491107940674, 4.8439741134643555, 0.810574471950531], [-1.690869688987732, 4.409207820892334, -0.17856155335903168], [1.8264570236206055, 4.0445404052734375, 0.09593416750431061], [1.6176284551620483, 4.096442222595215, 0.938147783279419], [0.7538830041885376, 2.314903974533081, 0.5854530334472656], [2.3258464336395264, 5.314465522766113, 0.7844532132148743], [0.30824869871139526, 4.73850679397583, 0.7172616720199585], [-0.5038958191871643, 3.150254726409912, 0.4329964220523834], [-0.7704256176948547, 2.14143443107605, -0.08076226711273193], [-1.3475202322006226, 4.6160688400268555, 0.7044112086296082], [0.5631309151649475, 2.9999711513519287, 0.12128958851099014], [2.097599744796753, 4.09572172164917, 0.3754720985889435], [1.3231515884399414, 0.3746509253978729, 0.3520054817199707], [1.4013367891311646, 5.146660327911377, 0.7831169962882996], [1.978013277053833, 5.114731311798096, 1.4492591619491577], [1.8719948530197144, 5.052525520324707, 0.8349053263664246], [0.9735420346260071, 3.477978229522705, 0.5639318823814392], [2.0338191986083984, 4.5210676193237305, 0.5370109677314758], [-1.2529512643814087, 3.0691990852355957, 0.6317134499549866], [0.6284419298171997, 5.218175411224365, 0.8114650249481201], [1.1839803457260132, 3.5905325412750244, 1.0190378427505493], [-0.6045415997505188, 1.4616477489471436, -0.4349193871021271], [-0.15580470860004425, 2.233808755874634, 0.1942511945962906], [-2.643998384475708, 3.590893030166626, -0.2406441867351532], [0.6671563982963562, 4.9510884284973145, 0.08018825948238373], [1.6244605779647827, 5.264101505279541, 1.0627230405807495], [-0.9142951965332031, 2.4783380031585693, 0.3966814875602722], [1.7228246927261353, 2.317826509475708, 0.5801055431365967], [0.9604702591896057, 4.650146961212158, -0.4360598027706146], [-1.2429896593093872, 3.776762008666992, -0.8402048349380493], [-0.1251818686723709, 3.9142308235168457, 0.487517774105072], [1.0243852138519287, 4.614221096038818, -0.3322118818759918], [-1.3120083808898926, 4.4540181159973145, -0.9510701298713684], [-0.7530555725097656, 4.44417667388916, 0.6593567728996277], [0.9093790054321289, 4.313949108123779, 0.5192649364471436], [-1.434418797492981, 2.976118564605713, -0.5435752868652344], [-0.5687529444694519, 4.522246837615967, -0.841819167137146], [-0.9702979922294617, 4.599729061126709, -0.38003405928611755], [0.36733919382095337, 1.086186408996582, 0.2718144357204437], [0.0504140630364418, 3.844172477722168, 0.9141488671302795], [0.7296291589736938, 2.2370800971984863, 0.18609796464443207], [0.12379542738199234, 4.747463226318359, 0.05897322669625282], [1.8903381824493408, 2.692002058029175, 0.5670227408409119], [-2.464837074279785, 4.037117004394531, 0.5971192717552185], [0.4132384955883026, 2.2306692600250244, 0.46351492404937744], [0.9654010534286499, 0.9919740557670593, 0.44007304310798645], [0.9547919034957886, 1.9833277463912964, -0.03672834113240242], [1.6238069534301758, 3.367189884185791, -0.2100205272436142], [1.7968621253967285, 3.468876361846924, 1.0605802536010742], [0.23832537233829498, 3.6462972164154053, 0.48138654232025146], [1.2931238412857056, 3.53771710395813, 0.7972477078437805], [0.9247138500213623, 3.581916570663452, 0.7817375659942627], [-0.09902448207139969, 5.187546253204346, -0.7424336671829224], [0.8582029342651367, 4.764886379241943, 0.44744107127189636], [1.7300890684127808, 5.448585510253906, -0.3523448407649994], [1.2469576597213745, 4.395224571228027, 1.1930838823318481], [0.9084689617156982, 2.7410616874694824, 0.50437331199646], [1.7741444110870361, 4.417745590209961, 0.8527701497077942], [-0.0657423734664917, 1.2583720684051514, 0.05360399931669235], [-0.9890633225440979, 2.737027883529663, 0.4969906806945801], [0.6224063634872437, 3.3841347694396973, 0.07435598969459534], [-1.132378101348877, 4.613344192504883, 0.6494982838630676], [-0.14224176108837128, 3.0581369400024414, 0.7034266591072083], [2.1972551345825195, 5.119368076324463, 1.0068522691726685], [1.798193335533142, 3.787522315979004, 0.46751636266708374], [-0.05047990381717682, 3.9298436641693115, 0.9450393319129944], [-0.5776119232177734, 3.100867509841919, 0.564811110496521], [-0.7489219307899475, 4.207465648651123, -0.6649905443191528], [0.5894699692726135, 3.0493807792663574, -0.371214896440506], [-0.9895907044410706, 3.3452248573303223, 0.6578116416931152], [0.7728717923164368, 2.505786895751953, 0.4832989275455475], [-0.6541420221328735, 3.9293251037597656, 0.15746080875396729], [1.6791714429855347, 2.608917236328125, 0.1538100242614746], [-0.9894141554832458, 1.8149076700210571, 0.20754870772361755], [0.11874957382678986, 4.134964942932129, 0.41843512654304504], [-0.6581828594207764, 4.016554832458496, 0.644450843334198], [0.8666809797286987, 4.931448936462402, 0.09942346066236496], [1.3445065021514893, 3.680060386657715, -0.0017258523730561137], [-1.8155769109725952, 2.661280870437622, -0.19078916311264038], [0.4667784869670868, 4.105175495147705, 0.6162322163581848], [0.7970044016838074, 4.040553092956543, -0.3839561641216278], [-0.8299883008003235, 2.935978412628174, -0.6277530789375305], [-0.01725850999355316, 4.645467281341553, -0.0787845328450203], [0.4716223478317261, 5.105075359344482, -0.0506548136472702], [0.650888979434967, 3.676102876663208, -0.11362805217504501], [-1.5445491075515747, 4.010852336883545, -0.9767881631851196], [0.8937721848487854, 4.650120735168457, 0.9672383666038513], [-0.29389622807502747, 2.4829893112182617, -0.016923734918236732], [1.107205867767334, 1.6583598852157593, 0.1472223699092865], [0.1801232248544693, 2.5401113033294678, 0.28212225437164307], [-0.6076949834823608, 2.428687334060669, -0.4173581302165985]]"
2844,1.3544187141139272,-0.49828413173957053,0.3386046785284818,-0.07021384081620048,-0.03450960448120072,0.8016196460412176,0.5926930460509398,1.3561531402114497,-0.49861339103282604,0.338320415637067,-0.06940485933169836,-0.034263590456544826,0.8021942001560197,0.5920248618987356,"[75, 95, 196, 205, 229, 239, 242, 254, 284, 286, 382, 424, 429, 456, 467, 478, 490, 506, 522, 584, 625, 669, 705, 877, 1024, 1057, 1117, 1168, 1195, 1217, 1282, 1344, 1442, 1503, 1547, 1629, 1632, 1787, 1937, 1958, 2004, 2057, 2089, 2158, 2229, 2302, 2344, 2368, 2518, 2527, 2541, 2556, 2572, 2617, 2731, 2750, 2781, 2846, 2938, 3127, 3182, 3224, 3228, 3321, 3342, 3432, 3504, 3506, 3546, 3549, 3566, 3649, 3735, 3748, 4061, 4091, 4092, 4100, 4107, 4136, 4138, 4191, 4215, 4216, 4322, 4400, 4420, 4515, 4662, 4703, 4828, 4834, 4867, 4875]","[[0.07347025602960774, 5.99871811729441], [0.1531726373180675, 5.092126587879368], [-0.5228485553513954, 5.486823795853432], [0.2617406855399429, 5.803588282659257], [-0.3932251801943595, 4.5758174379602465], [-0.3754019404081072, 4.641288668042633], [-0.10314366978443572, 2.8888273908187925], [-0.06805622529326523, 2.810218219263555], [-0.47085796375799377, 3.088092461376057], [-0.47543652140977666, 5.910954801314953], [-0.11695987351065465, 5.354561322513959], [0.16451092401940148, 4.0971651341654125], [0.3878526763931585, 3.4192869223474345], [0.15629148978303214, 4.109076584629896], [0.1737743146768327, 5.797417528310345], [-0.07082561928161762, 3.595520260308688], [-0.45937395958575344, 4.6519935672424255], [-0.26212094965556454, 0.8727109097127993], [-0.3214820316149232, 5.662633309215688], [-0.40473767280322476, 5.595689531460869], [-0.21261194999103067, 4.00086062695124], [-0.43831347955962746, 5.069134072389238], [-0.18833774815358179, 5.7829324727308515], [0.505770090351685, 2.8807917593054433], [0.20790983456271953, 3.1287073060089727], [0.45157792454103385, 5.954093830092858], [0.4811771650874092, 5.752996333539919], [-0.16813551378163255, 5.499082961847183], [-0.3652604084159666, 5.814545602252818], [0.34506728010976545, 3.7470802702006027], [-0.44100555728413193, 2.848939889435343], [-0.20222513796443375, 5.221332717557327], [0.2696205698179727, 5.144218817157696], [-0.3617103378333311, 5.865734260134949], [0.015447803157831902, 4.658462249198864], [-0.21638558473524133, 5.166271766165123], [0.22069938160419508, 5.7741370463953325], [0.09131950506329886, 5.382618614291112], [-0.21359638110091653, 4.83787164793695], [0.393444623835638, 4.543122448918088], [0.08906906372367088, 5.5052963224726], [0.14058767724551846, 5.651610428114949], [0.26137051941019296, 1.8701414538988965], [-0.06860521100010908, 2.8099259892011452], [-0.06437882904751875, 5.397913607054697], [-0.4742895409477773, 3.240670915308961], [0.3922438463187377, 5.93619943057541], [0.024383118611064732, 2.891624372525812], [-0.05435579407347201, 1.5438297308804432], [-0.118924739626922, 2.54394578148524], [-0.3478654121760547, 3.9132482676046427], [-0.04439965512317028, 4.292704239580843], [-0.30253714854264435, 4.063051113093291], [-0.21239892801662003, 4.127535928751823], [-0.2168462189202726, 5.681987233243197], [-0.026279556672456576, 5.969026250440545], [-0.21001756461840793, 5.289772280303397], [-0.3415029521427983, 5.998433381356476], [-0.29377540987549117, 5.5252780286811305], [-0.17063206298759812, 3.275356476915708], [-0.38898072493314, 4.682987502244829], [-0.39991686125690434, 4.961679452492295], [0.39040268423482777, 2.278318924871569], [0.31940656861827443, 4.000110493952496], [-0.10407425911689246, 3.9604501776065653], [0.14284448215531004, 5.69480326209062], [-0.4636939255529499, 5.719435269541705], [-0.40610827271683564, 4.310288473122311], [0.18056313485209868, 4.092824758539798], [0.14297333905393375, 5.2529244348830995], [-0.059560655851291895, 3.6999130829544424], [0.23583615002564767, 4.5149842393061554], [-0.11802531692824589, 3.0662678788194118], [0.1283495073223691, 4.867627609657128], [-0.39121535464203816, 3.1313016398474938], [0.4933590788275112, 3.2985663752197825], [-0.4626061025487665, 5.623220058912681], [-0.04292393511679957, 4.797561048385022], [0.10604653769013457, 4.954241742575177], [-0.20557752002600788, 5.456906786746456], [-0.2840416071460762, 4.191175237964465], [0.49300137202116456, 4.510092147185547], [-0.11953016030519173, 4.695750378252656], [-0.1548830617947785, 4.629920452680857], [0.2900648495057783, 4.188309550310571], [-0.030976069415469022, 5.340271586909829], [-0.1353011428120945, 5.685973517865457], [-0.11750326533447918, 4.256488276465052], [0.29460569278308674, 5.521090875795815], [-0.23038107559173313, 5.207654000113921], [0.21435657432381214, 3.42658200397645], [-0.17027611316772984, 2.180541473673786], [0.07043801414023101, 3.259425708178043], [0.31058013149484964, 3.6080640192057873]]","[[-0.735512375831604, 5.071609973907471, -0.41982975602149963], [-0.781180739402771, 4.064624309539795, -0.38334643840789795], [2.5086491107940674, 4.8439741134643555, 0.810574471950531], [-1.690869688987732, 4.409207820892334, -0.17856155335903168], [1.8264570236206055, 4.0445404052734375, 0.09593416750431061], [1.6176284551620483, 4.096442222595215, 0.938147783279419], [0.7538830041885376, 2.314903974533081, 0.5854530334472656], [0.806373119354248, 2.1923611164093018, -0.25782671570777893], [1.9599865674972534, 2.4845328330993652, -0.1815185844898224], [2.3258464336395264, 5.314465522766113, 0.7844532132148743], [0.30824869871139526, 4.73850679397583, 0.7172616720199585], [-0.5038958191871643, 3.150254726409912, 0.4329964220523834], [-0.7704256176948547, 2.14143443107605, -0.08076226711273193], [-0.2747912108898163, 3.1189844608306885, -0.7235056161880493], [-1.3475202322006226, 4.6160688400268555, 0.7044112086296082], [0.5631309151649475, 2.9999711513519287, 0.12128958851099014], [2.097599744796753, 4.09572172164917, 0.3754720985889435], [1.3231515884399414, 0.3746509253978729, 0.3520054817199707], [1.4013367891311646, 5.146660327911377, 0.7831169962882996], [1.8719948530197144, 5.052525520324707, 0.8349053263664246], [0.9735420346260071, 3.477978229522705, 0.5639318823814392], [2.0338191986083984, 4.5210676193237305, 0.5370109677314758], [0.6284419298171997, 5.218175411224365, 0.8114650249481201], [-0.6045415997505188, 1.4616477489471436, -0.4349193871021271], [-0.15580470860004425, 2.233808755874634, 0.1942511945962906], [-2.730193853378296, 3.8261094093322754, 0.4051784873008728], [-2.643998384475708, 3.590893030166626, -0.2406441867351532], [0.6671563982963562, 4.9510884284973145, 0.08018825948238373], [1.6244605779647827, 5.264101505279541, 1.0627230405807495], [-0.9142951965332031, 2.4783380031585693, 0.3966814875602722], [1.7228246927261353, 2.317826509475708, 0.5801055431365967], [0.9604702591896057, 4.650146961212158, -0.4360598027706146], [-1.2429896593093872, 3.776762008666992, -0.8402048349380493], [1.8771520853042603, 5.262132167816162, -0.6439931392669678], [-0.1251818686723709, 3.9142308235168457, 0.487517774105072], [1.0243852138519287, 4.614221096038818, -0.3322118818759918], [-1.3120083808898926, 4.4540181159973145, -0.9510701298713684], [-0.7530555725097656, 4.44417667388916, 0.6593567728996277], [0.9093790054321289, 4.313949108123779, 0.5192649364471436], [-1.434418797492981, 2.976118564605713, -0.5435752868652344], [-0.5687529444694519, 4.522246837615967, -0.841819167137146], [-0.9702979922294617, 4.599729061126709, -0.38003405928611755], [0.36733919382095337, 1.086186408996582, 0.2718144357204437], [0.7296291589736938, 2.2370800971984863, 0.18609796464443207], [0.12379542738199234, 4.747463226318359, 0.05897322669625282], [1.8903381824493408, 2.692002058029175, 0.5670227408409119], [-2.464837074279785, 4.037117004394531, 0.5971192717552185], [0.4132384955883026, 2.2306692600250244, 0.46351492404937744], [0.9654010534286499, 0.9919740557670593, 0.44007304310798645], [0.9547919034957886, 1.9833277463912964, -0.03672834113240242], [1.6238069534301758, 3.367189884185791, -0.2100205272436142], [0.23832537233829498, 3.6462972164154053, 0.48138654232025146], [1.2931238412857056, 3.53771710395813, 0.7972477078437805], [0.9247138500213623, 3.581916570663452, 0.7817375659942627], [1.0732896327972412, 5.052921772003174, -0.8341825008392334], [-0.09902448207139969, 5.187546253204346, -0.7424336671829224], [0.8582029342651367, 4.764886379241943, 0.44744107127189636], [1.7300890684127808, 5.448585510253906, -0.3523448407649994], [1.4634310007095337, 4.947659015655518, -0.586247444152832], [0.9084689617156982, 2.7410616874694824, 0.50437331199646], [1.8829679489135742, 4.095810890197754, -0.4020892083644867], [1.7741444110870361, 4.417745590209961, 0.8527701497077942], [-0.0657423734664917, 1.2583720684051514, 0.05360399931669235], [-0.9890633225440979, 2.737027883529663, 0.4969906806945801], [0.6224063634872437, 3.3841347694396973, 0.07435598969459534], [-1.132378101348877, 4.613344192504883, 0.6494982838630676], [2.1972551345825195, 5.119368076324463, 1.0068522691726685], [1.798193335533142, 3.787522315979004, 0.46751636266708374], [-0.5776119232177734, 3.100867509841919, 0.564811110496521], [-0.7489219307899475, 4.207465648651123, -0.6649905443191528], [0.5894699692726135, 3.0493807792663574, -0.371214896440506], [-0.9895907044410706, 3.3452248573303223, 0.6578116416931152], [0.7728717923164368, 2.505786895751953, 0.4832989275455475], [-0.6541420221328735, 3.9293251037597656, 0.15746080875396729], [1.6791714429855347, 2.608917236328125, 0.1538100242614746], [-0.9894141554832458, 1.8149076700210571, 0.20754870772361755], [2.4012160301208496, 4.959827899932861, -0.5264875888824463], [0.11874957382678986, 4.134964942932129, 0.41843512654304504], [-0.6581828594207764, 4.016554832458496, 0.644450843334198], [0.8666809797286987, 4.931448936462402, 0.09942346066236496], [1.3445065021514893, 3.680060386657715, -0.0017258523730561137], [-1.8155769109725952, 2.661280870437622, -0.19078916311264038], [0.4667784869670868, 4.105175495147705, 0.6162322163581848], [0.7970044016838074, 4.040553092956543, -0.3839561641216278], [-0.8299883008003235, 2.935978412628174, -0.6277530789375305], [-0.01725850999355316, 4.645467281341553, -0.0787845328450203], [0.4716223478317261, 5.105075359344482, -0.0506548136472702], [0.650888979434967, 3.676102876663208, -0.11362805217504501], [-1.5445491075515747, 4.010852336883545, -0.9767881631851196], [0.8937721848487854, 4.650120735168457, 0.9672383666038513], [-0.29389622807502747, 2.4829893112182617, -0.016923734918236732], [1.107205867767334, 1.6583598852157593, 0.1472223699092865], [0.1801232248544693, 2.5401113033294678, 0.28212225437164307], [-0.6076949834823608, 2.428687334060669, -0.4173581302165985]]"
2846,1.2868488095266808,-0.49254759556168315,0.3217122023816702,-0.06280805175573095,-0.009402233713812548,0.7981532791200889,0.5990977296449134,1.2858909432469032,-0.4923376471196881,0.3215425330659589,-0.062393111937652186,-0.009324920425813047,0.7981085843882859,0.599201829910018,"[75, 95, 196, 205, 229, 242, 254, 284, 286, 382, 424, 429, 456, 467, 478, 490, 506, 522, 584, 625, 669, 705, 877, 1024, 1057, 1117, 1168, 1217, 1282, 1344, 1442, 1503, 1547, 1556, 1629, 1632, 1787, 1937, 1958, 2004, 2057, 2089, 2158, 2229, 2302, 2344, 2368, 2518, 2527, 2541, 2556, 2702, 2731, 2750, 2781, 2846, 2856, 2938, 3127, 3182, 3224, 3228, 3321, 3342, 3432, 3504, 3506, 3546, 3549, 3566, 3735, 3748, 3983, 4061, 4091, 4092, 4100, 4107, 4136, 4138, 4191, 4215, 4216, 4255, 4322, 4400, 4420, 4515, 4662, 4828, 4834, 4867, 4875]","[[0.07257473636747214, 5.967259868943215], [0.149978797086753, 5.055997417252946], [-0.5198540751948767, 5.496619155858424], [0.26714202674029913, 5.7552638434804], [-0.3968229979618246, 4.574096328151597], [-0.10978807378235304, 2.8716988860391934], [-0.08990485452423122, 2.78750582529561], [-0.48803011451047307, 3.092566498096344], [-0.47146525148522667, 5.915973081256515], [-0.10954424419240737, 5.335210790648883], [0.16855596164405934, 4.0600460759610515], [0.3838020905381864, 3.3665071193833773], [0.14140509744283414, 4.070573558253361], [0.1850441935368255, 5.761163133883985], [-0.07578030948592944, 3.5710552141346232], [-0.46230606808365643, 4.65975691796158], [-0.32972783403974604, 0.8684172626484089], [-0.31546015685089124, 5.66064549243448], [-0.4023141120385125, 5.599752499497055], [-0.21399098921239634, 3.990727512044153], [-0.43886417098033, 5.073810438820468], [-0.17912615368382842, 5.770034201258823], [0.494513812428866, 2.821228587968139], [0.20346954831534667, 3.0883359132869366], [0.46203838502549766, 5.898039202323063], [0.4849101097446974, 5.696783571873138], [-0.16976524183967215, 5.483036046650491], [0.3500623012620394, 3.6991213601709827], [-0.4495876757281199, 2.8562011403805303], [-0.20907003556691073, 5.205817997719476], [0.26316698722498216, 5.096195482486142], [-0.36838929246902385, 5.86544019032429], [0.018341979476785748, 4.629235037342802], [-0.23842694725682376, 5.749320191306349], [-0.22068766677858864, 5.155354060435572], [0.21330640051057648, 5.7320653723254775], [0.10029500663439934, 5.3516354435177345], [-0.21239781385881165, 4.826440723512333], [0.38889118367580433, 4.4930598565765], [0.08677834771896535, 5.472211069446902], [0.1417185449175011, 5.614055281513667], [0.24257319590114843, 1.8291149467117482], [-0.08229256635409929, 2.788799750132108], [-0.06334831455807283, 5.373929510175925], [-0.4824322062934765, 3.2519712897781776], [0.40411739954325926, 5.8871220934714055], [0.018631490939474523, 2.8625561345417867], [-0.08078232410302509, 1.5224922079395224], [-0.13936923061977646, 2.522241733409845], [-0.35779229201661517, 3.913271652456976], [-0.04283308692918578, 4.272673688764203], [-0.03589398982895236, 4.902385095955133], [-0.22640968940744644, 5.66728639669241], [-0.03093766261696446, 5.944640690032846], [-0.2074411882691438, 5.278181905457009], [-0.3463756908337753, 5.995956645266179], [0.5163688865244669, 4.077648019691168], [-0.299254639092788, 5.519046223733852], [-0.1754383531212154, 3.2616653435306415], [-0.39637203409222604, 4.683692076758023], [-0.39835160707040307, 4.964076227797157], [0.37678182967145657, 2.2297418618818403], [0.3264712365411207, 3.954361711324093], [-0.11114023857701158, 3.940997624022858], [0.15046650383627294, 5.659038343039904], [-0.4592697287474559, 5.727211381553505], [-0.4095161334393005, 4.315451295539096], [0.18648975573918744, 4.053679251718453], [0.1359876315503321, 5.214359631315547], [-0.07477556123586697, 3.676466114904447], [-0.124996497626577, 3.0465189620222892], [0.13010352940226072, 4.831022860825545], [-0.20056291590656466, 4.364187372217106], [-0.40318103708777403, 3.1287791362112474], [0.4943566213059334, 3.2415504353325204], [-0.4683839663704478, 5.629464976292443], [-0.040784239163977644, 4.773704771641084], [0.11585382246278582, 4.9214794622005495], [-0.20365900795444852, 5.4444698991339155], [-0.29084977905628684, 4.185826175310336], [0.4967503294733349, 4.452431551128155], [-0.11642077880054645, 4.679336456168117], [-0.1636415467304087, 4.6136058106834525], [0.17376717220954618, 5.983476400545807], [0.27994978897968664, 4.1379366497647565], [-0.03365182897798975, 5.315395120593436], [-0.13733413040964823, 5.669788518451481], [-0.12671308754297878, 4.238793793165255], [0.29074359036102754, 5.476577860266075], [0.20875138995228165, 3.385720067076229], [-0.19589754746719448, 2.1660932938896513], [0.06415351847824692, 3.228030625737017], [0.30176724196239224, 3.5604835407383644]]","[[-0.735512375831604, 5.071609973907471, -0.41982975602149963], [-0.781180739402771, 4.064624309539795, -0.38334643840789795], [2.5086491107940674, 4.8439741134643555, 0.810574471950531], [-1.690869688987732, 4.409207820892334, -0.17856155335903168], [1.8264570236206055, 4.0445404052734375, 0.09593416750431061], [0.7538830041885376, 2.314903974533081, 0.5854530334472656], [0.806373119354248, 2.1923611164093018, -0.25782671570777893], [1.9599865674972534, 2.4845328330993652, -0.1815185844898224], [2.3258464336395264, 5.314465522766113, 0.7844532132148743], [0.30824869871139526, 4.73850679397583, 0.7172616720199585], [-0.5038958191871643, 3.150254726409912, 0.4329964220523834], [-0.7704256176948547, 2.14143443107605, -0.08076226711273193], [-0.2747912108898163, 3.1189844608306885, -0.7235056161880493], [-1.3475202322006226, 4.6160688400268555, 0.7044112086296082], [0.5631309151649475, 2.9999711513519287, 0.12128958851099014], [2.097599744796753, 4.09572172164917, 0.3754720985889435], [1.3231515884399414, 0.3746509253978729, 0.3520054817199707], [1.4013367891311646, 5.146660327911377, 0.7831169962882996], [1.8719948530197144, 5.052525520324707, 0.8349053263664246], [0.9735420346260071, 3.477978229522705, 0.5639318823814392], [2.0338191986083984, 4.5210676193237305, 0.5370109677314758], [0.6284419298171997, 5.218175411224365, 0.8114650249481201], [-0.6045415997505188, 1.4616477489471436, -0.4349193871021271], [-0.15580470860004425, 2.233808755874634, 0.1942511945962906], [-2.730193853378296, 3.8261094093322754, 0.4051784873008728], [-2.643998384475708, 3.590893030166626, -0.2406441867351532], [0.6671563982963562, 4.9510884284973145, 0.08018825948238373], [-0.9142951965332031, 2.4783380031585693, 0.3966814875602722], [1.7228246927261353, 2.317826509475708, 0.5801055431365967], [0.9604702591896057, 4.650146961212158, -0.4360598027706146], [-1.2429896593093872, 3.776762008666992, -0.8402048349380493], [1.8771520853042603, 5.262132167816162, -0.6439931392669678], [-0.1251818686723709, 3.9142308235168457, 0.487517774105072], [1.155704140663147, 5.119636535644531, -0.9208241105079651], [1.0243852138519287, 4.614221096038818, -0.3322118818759918], [-1.3120083808898926, 4.4540181159973145, -0.9510701298713684], [-0.7530555725097656, 4.44417667388916, 0.6593567728996277], [0.9093790054321289, 4.313949108123779, 0.5192649364471436], [-1.434418797492981, 2.976118564605713, -0.5435752868652344], [-0.5687529444694519, 4.522246837615967, -0.841819167137146], [-0.9702979922294617, 4.599729061126709, -0.38003405928611755], [0.36733919382095337, 1.086186408996582, 0.2718144357204437], [0.7296291589736938, 2.2370800971984863, 0.18609796464443207], [0.12379542738199234, 4.747463226318359, 0.05897322669625282], [1.8903381824493408, 2.692002058029175, 0.5670227408409119], [-2.464837074279785, 4.037117004394531, 0.5971192717552185], [0.4132384955883026, 2.2306692600250244, 0.46351492404937744], [0.9654010534286499, 0.9919740557670593, 0.44007304310798645], [0.9547919034957886, 1.9833277463912964, -0.03672834113240242], [1.6238069534301758, 3.367189884185791, -0.2100205272436142], [0.23832537233829498, 3.6462972164154053, 0.48138654232025146], [0.2149532288312912, 4.130335807800293, -0.9113872647285461], [1.0732896327972412, 5.052921772003174, -0.8341825008392334], [-0.09902448207139969, 5.187546253204346, -0.7424336671829224], [0.8582029342651367, 4.764886379241943, 0.44744107127189636], [1.7300890684127808, 5.448585510253906, -0.3523448407649994], [-1.5191881656646729, 2.258197784423828, -0.7668908834457397], [1.4634310007095337, 4.947659015655518, -0.586247444152832], [0.9084689617156982, 2.7410616874694824, 0.50437331199646], [1.8829679489135742, 4.095810890197754, -0.4020892083644867], [1.7741444110870361, 4.417745590209961, 0.8527701497077942], [-0.0657423734664917, 1.2583720684051514, 0.05360399931669235], [-0.9890633225440979, 2.737027883529663, 0.4969906806945801], [0.6224063634872437, 3.3841347694396973, 0.07435598969459534], [-1.132378101348877, 4.613344192504883, 0.6494982838630676], [2.1972551345825195, 5.119368076324463, 1.0068522691726685], [1.798193335533142, 3.787522315979004, 0.46751636266708374], [-0.5776119232177734, 3.100867509841919, 0.564811110496521], [-0.7489219307899475, 4.207465648651123, -0.6649905443191528], [0.5894699692726135, 3.0493807792663574, -0.371214896440506], [0.7728717923164368, 2.505786895751953, 0.4832989275455475], [-0.6541420221328735, 3.9293251037597656, 0.15746080875396729], [1.016788125038147, 3.7583773136138916, -0.6241424083709717], [1.6791714429855347, 2.608917236328125, 0.1538100242614746], [-0.9894141554832458, 1.8149076700210571, 0.20754870772361755], [2.4012160301208496, 4.959827899932861, -0.5264875888824463], [0.11874957382678986, 4.134964942932129, 0.41843512654304504], [-0.6581828594207764, 4.016554832458496, 0.644450843334198], [0.8666809797286987, 4.931448936462402, 0.09942346066236496], [1.3445065021514893, 3.680060386657715, -0.0017258523730561137], [-1.8155769109725952, 2.661280870437622, -0.19078916311264038], [0.4667784869670868, 4.105175495147705, 0.6162322163581848], [0.7970044016838074, 4.040553092956543, -0.3839561641216278], [-1.3837485313415527, 4.844825267791748, 0.725816011428833], [-0.8299883008003235, 2.935978412628174, -0.6277530789375305], [-0.01725850999355316, 4.645467281341553, -0.0787845328450203], [0.4716223478317261, 5.105075359344482, -0.0506548136472702], [0.650888979434967, 3.676102876663208, -0.11362805217504501], [-1.5445491075515747, 4.010852336883545, -0.9767881631851196], [-0.29389622807502747, 2.4829893112182617, -0.016923734918236732], [1.107205867767334, 1.6583598852157593, 0.1472223699092865], [0.1801232248544693, 2.5401113033294678, 0.28212225437164307], [-0.6076949834823608, 2.428687334060669, -0.4173581302165985]]"
2848,1.211905933707135,-0.48203587152615585,0.30297648342678374,-0.04836051719103815,0.018104777307244385,0.7934381798748691,0.6064563728187916,1.2120009077952227,-0.4818154003875188,0.3027217137258734,-0.04779399693906696,0.017854470586969137,0.7933736391911721,0.6065931258868693,"[75, 95, 196, 205, 229, 254, 284, 286, 382, 424, 429, 456, 467, 478, 490, 506, 522, 625, 669, 877, 1024, 1057, 1117, 1168, 1217, 1282, 1344, 1442, 1503, 1547, 1556, 1629, 1632, 1787, 1937, 1958, 2004, 2057, 2089, 2158, 2229, 2276, 2302, 2344, 2368, 2512, 2527, 2541, 2556, 2702, 2731, 2750, 2781, 2846, 2856, 2914, 2938, 3127, 3182, 3228, 3321, 3342, 3432, 3506, 3546, 3549, 3566, 3735, 3748, 3983, 3993, 4061, 4091, 4092, 4100, 4107, 4136, 4138, 4191, 4215, 4216, 4255, 4322, 4400, 4420, 4515, 4662, 4828, 4834, 4867, 4875]","[[0.07160898103679088, 5.9291620185652585], [0.1477900882060608, 5.012085512519786], [-0.5156621019653281, 5.50437557974749], [0.2688198128441938, 5.708793336838389], [-0.40029227029781433, 4.57389086993527], [-0.10720464413274773, 2.761614660137051], [-0.5039527846717979, 3.099757717989179], [-0.46415174497673645, 5.922837484074312], [-0.09808534133429302, 5.314442647843328], [0.174566819892323, 4.019364486006563], [0.38097068453828337, 3.3100250269389853], [0.13025712116731164, 4.029307036878318], [0.19914072441234387, 5.718119942377519], [-0.08284421289787411, 3.545811769146477], [-0.4578656167973128, 4.663189517225561], [-0.40099284700905635, 0.865188428175563], [-0.3070503514058994, 5.651699072787267], [-0.2112808907768977, 3.9761720949980393], [-0.43368492202615033, 5.075062334318522], [0.48155523710385156, 2.761501390434774], [0.19932818581252526, 3.0435667040844736], [0.47644171772276944, 5.8413114030193825], [0.4924545313955025, 5.634649932962352], [-0.16613776061411487, 5.464761322826123], [0.3587887784027964, 3.6474431236811276], [-0.4547827114943202, 2.8574159476489327], [-0.2117940733944847, 5.192261866701735], [0.25676565436703735, 5.046034494154462], [-0.37275010839330547, 5.858841254132337], [0.02613702036103968, 4.5979864356114115], [-0.24697798859173417, 5.732690843772583], [-0.22358151819733466, 5.13657922609769], [0.21023398985369646, 5.686683431269731], [0.11259648046473042, 5.3138313722547865], [-0.20678854318502476, 4.811835266602764], [0.38571112306547845, 4.437228418751579], [0.07746637677452602, 5.433952227963353], [0.14201726073944018, 5.572112352169404], [0.22804149251709221, 1.782478637739779], [-0.09036830440686626, 2.7636297053127956], [-0.05942988260111845, 5.346125339336549], [-0.26802554788676874, 5.367648832654], [-0.4841871014050605, 3.255618610653481], [0.4180749026508388, 5.832595471049881], [0.016940968243678623, 2.8331516527176808], [-0.20687740432055984, 5.868161014281614], [-0.15764460952320786, 2.501277091998666], [-0.36562664119289745, 3.904884029946831], [-0.038080735033831886, 4.244946148028643], [-0.0452119632419857, 4.873445871180149], [-0.23288735218553067, 5.652616242146718], [-0.03313116642406948, 5.91291563753816], [-0.20019516639975396, 5.2596680187085285], [-0.3484228117102908, 5.988967127870132], [0.5133726238584094, 4.014337988963072], [-0.4784398222319799, 2.520431919444586], [-0.3053177731248259, 5.508122828198591], [-0.17777760676055218, 3.24451205182668], [-0.4029577546462081, 4.679661889113593], [0.3655931399877888, 2.173084073803962], [0.33598417949517534, 3.9036203932923055], [-0.11470111838844584, 3.918342162049252], [0.16330007715907624, 5.618353064699652], [-0.4040425626656097, 4.311807455922363], [0.19708514744349728, 4.012911658138503], [0.1311310874148477, 5.176148029776371], [-0.08660065939019478, 3.648110901074023], [-0.1258998165086227, 3.0250643005269624], [0.1338942905323573, 4.792382113044301], [-0.2116583184038526, 4.345356740214738], [0.4798863903726728, 5.952952503927143], [-0.4153345791641962, 3.1297726089097084], [0.49957735168553663, 3.1819113041066274], [-0.47197045453391157, 5.631139832981915], [-0.03400441246360019, 4.746309077500181], [0.1272150066380712, 4.884924516851568], [-0.20226995829118663, 5.429476899794923], [-0.2946878842891025, 4.176938021470502], [0.4994307287341463, 4.392708477148333], [-0.11029854265945288, 4.6577933647051], [-0.17045511495731216, 4.592706002936445], [0.18546171418958385, 5.939941890561166], [0.27376276882802264, 4.087653560670397], [-0.030820123656940434, 5.2874903604124], [-0.13217579820487924, 5.646969600250471], [-0.130398117374827, 4.215890584478554], [0.2865667643251932, 5.423582990153542], [0.2053819447822956, 3.340941268898875], [-0.21567775399692504, 2.147143592153535], [0.06297605311001907, 3.1954562156909754], [0.2931572262717634, 3.5065673179197465]]","[[-0.735512375831604, 5.071609973907471, -0.41982975602149963], [-0.781180739402771, 4.064624309539795, -0.38334643840789795], [2.5086491107940674, 4.8439741134643555, 0.810574471950531], [-1.690869688987732, 4.409207820892334, -0.17856155335903168], [1.8264570236206055, 4.0445404052734375, 0.09593416750431061], [0.806373119354248, 2.1923611164093018, -0.25782671570777893], [1.9599865674972534, 2.4845328330993652, -0.1815185844898224], [2.3258464336395264, 5.314465522766113, 0.7844532132148743], [0.30824869871139526, 4.73850679397583, 0.7172616720199585], [-0.5038958191871643, 3.150254726409912, 0.4329964220523834], [-0.7704256176948547, 2.14143443107605, -0.08076226711273193], [-0.2747912108898163, 3.1189844608306885, -0.7235056161880493], [-1.3475202322006226, 4.6160688400268555, 0.7044112086296082], [0.5631309151649475, 2.9999711513519287, 0.12128958851099014], [2.097599744796753, 4.09572172164917, 0.3754720985889435], [1.3231515884399414, 0.3746509253978729, 0.3520054817199707], [1.4013367891311646, 5.146660327911377, 0.7831169962882996], [0.9735420346260071, 3.477978229522705, 0.5639318823814392], [2.0338191986083984, 4.5210676193237305, 0.5370109677314758], [-0.6045415997505188, 1.4616477489471436, -0.4349193871021271], [-0.15580470860004425, 2.233808755874634, 0.1942511945962906], [-2.730193853378296, 3.8261094093322754, 0.4051784873008728], [-2.643998384475708, 3.590893030166626, -0.2406441867351532], [0.6671563982963562, 4.9510884284973145, 0.08018825948238373], [-0.9142951965332031, 2.4783380031585693, 0.3966814875602722], [1.7228246927261353, 2.317826509475708, 0.5801055431365967], [0.9604702591896057, 4.650146961212158, -0.4360598027706146], [-1.2429896593093872, 3.776762008666992, -0.8402048349380493], [1.8771520853042603, 5.262132167816162, -0.6439931392669678], [-0.1251818686723709, 3.9142308235168457, 0.487517774105072], [1.155704140663147, 5.119636535644531, -0.9208241105079651], [1.0243852138519287, 4.614221096038818, -0.3322118818759918], [-1.3120083808898926, 4.4540181159973145, -0.9510701298713684], [-0.7530555725097656, 4.44417667388916, 0.6593567728996277], [0.9093790054321289, 4.313949108123779, 0.5192649364471436], [-1.434418797492981, 2.976118564605713, -0.5435752868652344], [-0.5687529444694519, 4.522246837615967, -0.841819167137146], [-0.9702979922294617, 4.599729061126709, -0.38003405928611755], [0.36733919382095337, 1.086186408996582, 0.2718144357204437], [0.7296291589736938, 2.2370800971984863, 0.18609796464443207], [0.12379542738199234, 4.747463226318359, 0.05897322669625282], [1.2786457538604736, 4.711605072021484, -1.050066351890564], [1.8903381824493408, 2.692002058029175, 0.5670227408409119], [-2.464837074279785, 4.037117004394531, 0.5971192717552185], [0.4132384955883026, 2.2306692600250244, 0.46351492404937744], [0.9454124569892883, 5.1928606033325195, -1.166559100151062], [0.9547919034957886, 1.9833277463912964, -0.03672834113240242], [1.6238069534301758, 3.367189884185791, -0.2100205272436142], [0.23832537233829498, 3.6462972164154053, 0.48138654232025146], [0.2149532288312912, 4.130335807800293, -0.9113872647285461], [1.0732896327972412, 5.052921772003174, -0.8341825008392334], [-0.09902448207139969, 5.187546253204346, -0.7424336671829224], [0.8582029342651367, 4.764886379241943, 0.44744107127189636], [1.7300890684127808, 5.448585510253906, -0.3523448407649994], [-1.5191881656646729, 2.258197784423828, -0.7668908834457397], [1.7646557092666626, 1.9050265550613403, -0.28014811873435974], [1.4634310007095337, 4.947659015655518, -0.586247444152832], [0.9084689617156982, 2.7410616874694824, 0.50437331199646], [1.8829679489135742, 4.095810890197754, -0.4020892083644867], [-0.0657423734664917, 1.2583720684051514, 0.05360399931669235], [-0.9890633225440979, 2.737027883529663, 0.4969906806945801], [0.6224063634872437, 3.3841347694396973, 0.07435598969459534], [-1.132378101348877, 4.613344192504883, 0.6494982838630676], [1.798193335533142, 3.787522315979004, 0.46751636266708374], [-0.5776119232177734, 3.100867509841919, 0.564811110496521], [-0.7489219307899475, 4.207465648651123, -0.6649905443191528], [0.5894699692726135, 3.0493807792663574, -0.371214896440506], [0.7728717923164368, 2.505786895751953, 0.4832989275455475], [-0.6541420221328735, 3.9293251037597656, 0.15746080875396729], [1.016788125038147, 3.7583773136138916, -0.6241424083709717], [-2.751753568649292, 3.7756357192993164, -0.957817792892456], [1.6791714429855347, 2.608917236328125, 0.1538100242614746], [-0.9894141554832458, 1.8149076700210571, 0.20754870772361755], [2.4012160301208496, 4.959827899932861, -0.5264875888824463], [0.11874957382678986, 4.134964942932129, 0.41843512654304504], [-0.6581828594207764, 4.016554832458496, 0.644450843334198], [0.8666809797286987, 4.931448936462402, 0.09942346066236496], [1.3445065021514893, 3.680060386657715, -0.0017258523730561137], [-1.8155769109725952, 2.661280870437622, -0.19078916311264038], [0.4667784869670868, 4.105175495147705, 0.6162322163581848], [0.7970044016838074, 4.040553092956543, -0.3839561641216278], [-1.3837485313415527, 4.844825267791748, 0.725816011428833], [-0.8299883008003235, 2.935978412628174, -0.6277530789375305], [-0.01725850999355316, 4.645467281341553, -0.0787845328450203], [0.4716223478317261, 5.105075359344482, -0.0506548136472702], [0.650888979434967, 3.676102876663208, -0.11362805217504501], [-1.5445491075515747, 4.010852336883545, -0.9767881631851196], [-0.29389622807502747, 2.4829893112182617, -0.016923734918236732], [1.107205867767334, 1.6583598852157593, 0.1472223699092865], [0.1801232248544693, 2.5401113033294678, 0.28212225437164307], [-0.6076949834823608, 2.428687334060669, -0.4173581302165985]]"
2850,1.1341713626835603,-0.4670851156466228,0.2835428406708901,-0.028566983266708413,0.04350659399046972,0.7877521863697001,0.6137895377213151,1.132237384712624,-0.46649850085660327,0.28186461264754054,-0.028664982772656597,0.043401831614639924,0.7879920709286583,0.6134843893113354,"[75, 95, 205, 229, 254, 284, 424, 429, 456, 467, 478, 490, 625, 669, 693, 748, 1024, 1057, 1117, 1168, 1217, 1344, 1442, 1503, 1547, 1556, 1629, 1632, 1787, 1937, 1958, 2004, 2057, 2089, 2158, 2229, 2276, 2344, 2368, 2512, 2527, 2541, 2556, 2659, 2702, 2731, 2750, 2781, 2846, 2855, 2914, 2938, 3127, 3182, 3228, 3321, 3342, 3432, 3506, 3546, 3549, 3566, 3649, 3735, 3748, 3865, 3983, 3993, 4061, 4091, 4092, 4100, 4107, 4136, 4138, 4191, 4215, 4216, 4255, 4322, 4400, 4420, 4515, 4662, 4828, 4834, 4867, 4875]","[[0.07505034699740087, 5.8886668479043776], [0.14725015354697354, 4.9643619195135145], [0.27706294203102594, 5.655488743283311], [-0.40010923290148004, 4.568173728291886], [-0.12798985603878582, 2.733756789064245], [-0.5174455788042067, 3.099719586269108], [0.18261372372057874, 3.971825219571803], [0.3795354558915137, 3.2503512502594396], [0.11767120482864914, 3.9828597509340886], [0.21276960666105096, 5.673125637767501], [-0.08288659782924844, 3.5169491610776293], [-0.4558284188048743, 4.663661937550495], [-0.20371998513384298, 3.9582503946444954], [-0.4267656356995368, 5.075749619315173], [0.35415301348056016, 4.280856613157321], [-0.18200391787589965, 5.991265650256462], [0.19842245446930046, 2.9965942543215838], [0.4912792873896346, 5.778637627181588], [0.49770188220050193, 5.569309108991749], [-0.1596493963840968, 5.4432264107460755], [0.3655681764029117, 3.5897548398908397], [-0.2127025626140062, 5.171164259577005], [0.25438316516153314, 4.992307450892886], [-0.3769438918710488, 5.850692822728705], [0.03637443782739094, 4.564886201951753], [-0.25113993374766486, 5.713289642394756], [-0.2274399310004611, 5.117840335627087], [0.2060282506037265, 5.6328531123108165], [0.12579524572331802, 5.274194932198519], [-0.19747485334383041, 4.792532997227681], [0.3854278716494768, 4.37441399935844], [0.07585604720797383, 5.391014113698153], [0.1429025584503123, 5.525125182550695], [0.21369994824106248, 1.7328104057878986], [-0.09947347047930045, 2.7339815297918517], [-0.05551927071337496, 5.317575991204259], [-0.27745231064007736, 5.351175139908994], [0.432915727294819, 5.773529125230393], [0.017794940191610494, 2.7977405423798034], [-0.21696954848769137, 5.844382277953786], [-0.17465152954217528, 2.477579101349496], [-0.3741038260680055, 3.8975117940419173], [-0.030051071854348944, 4.21414185228561], [-0.10184921576038276, 5.9873522756461], [-0.05537448296954076, 4.837908139004188], [-0.2369673826938933, 5.633131219798852], [-0.0361828262328026, 5.878372280531953], [-0.19279253519903905, 5.242620012355151], [-0.3488316218773527, 5.978767512831702], [-0.34276708734660655, 4.7936839864456235], [-0.5040332450809931, 2.5197843622910456], [-0.3080269677633508, 5.492977456230542], [-0.17433358947962704, 3.2228046824346155], [-0.41021138808652563, 4.673333120699997], [0.35588094103248, 2.114923240660122], [0.34349870669522325, 3.8485988950366465], [-0.11429319562717084, 3.8905922908658312], [0.17830843011109163, 5.576117835667882], [-0.4020044416608171, 4.310571382416146], [0.2063128437420704, 3.966107531231832], [0.12915429253874208, 5.130109353497409], [-0.09553876868081546, 3.6189229957678677], [0.269406816045313, 4.379814931913748], [-0.12478704378817443, 3.000930061367951], [0.138557213353044, 4.747580919447234], [-0.4874783686342683, 4.273111178796077], [-0.22099579845880796, 4.323900470526822], [0.47996430859657985, 5.885156709058026], [-0.42311869668807245, 3.124678153885272], [0.503533838021534, 3.117757423030588], [-0.47472178907612983, 5.6297601192173525], [-0.028487150735981796, 4.7133129141675285], [0.13827891992331778, 4.84094117189104], [-0.1967177947442059, 5.4088235071596795], [-0.29786866131184575, 4.163926836174011], [0.5045216619197835, 4.324279567945825], [-0.09893084745147665, 4.632724213213993], [-0.17592960515062536, 4.5695989891925], [0.20155853027922985, 5.8943005789789735], [0.2655432911929102, 4.034705955755178], [-0.02750027762902051, 5.254708513208133], [-0.12793430859765217, 5.621361397560004], [-0.13073991875572996, 4.191461213662796], [0.28072870702087044, 5.368524997904177], [0.20354906781035534, 3.290784092267576], [-0.23417595119352555, 2.130284430506832], [0.060941347472882074, 3.155391543553199], [0.28409067424859963, 3.450972680250998]]","[[-0.735512375831604, 5.071609973907471, -0.41982975602149963], [-0.781180739402771, 4.064624309539795, -0.38334643840789795], [-1.690869688987732, 4.409207820892334, -0.17856155335903168], [1.8264570236206055, 4.0445404052734375, 0.09593416750431061], [0.806373119354248, 2.1923611164093018, -0.25782671570777893], [1.9599865674972534, 2.4845328330993652, -0.1815185844898224], [-0.5038958191871643, 3.150254726409912, 0.4329964220523834], [-0.7704256176948547, 2.14143443107605, -0.08076226711273193], [-0.2747912108898163, 3.1189844608306885, -0.7235056161880493], [-1.3475202322006226, 4.6160688400268555, 0.7044112086296082], [0.5631309151649475, 2.9999711513519287, 0.12128958851099014], [2.097599744796753, 4.09572172164917, 0.3754720985889435], [0.9735420346260071, 3.477978229522705, 0.5639318823814392], [2.0338191986083984, 4.5210676193237305, 0.5370109677314758], [-1.2529512643814087, 3.0691990852355957, 0.6317134499549866], [0.7337834239006042, 5.300148963928223, -1.2826670408248901], [-0.15580470860004425, 2.233808755874634, 0.1942511945962906], [-2.730193853378296, 3.8261094093322754, 0.4051784873008728], [-2.643998384475708, 3.590893030166626, -0.2406441867351532], [0.6671563982963562, 4.9510884284973145, 0.08018825948238373], [-0.9142951965332031, 2.4783380031585693, 0.3966814875602722], [0.9604702591896057, 4.650146961212158, -0.4360598027706146], [-1.2429896593093872, 3.776762008666992, -0.8402048349380493], [1.8771520853042603, 5.262132167816162, -0.6439931392669678], [-0.1251818686723709, 3.9142308235168457, 0.487517774105072], [1.155704140663147, 5.119636535644531, -0.9208241105079651], [1.0243852138519287, 4.614221096038818, -0.3322118818759918], [-1.3120083808898926, 4.4540181159973145, -0.9510701298713684], [-0.7530555725097656, 4.44417667388916, 0.6593567728996277], [0.9093790054321289, 4.313949108123779, 0.5192649364471436], [-1.434418797492981, 2.976118564605713, -0.5435752868652344], [-0.5687529444694519, 4.522246837615967, -0.841819167137146], [-0.9702979922294617, 4.599729061126709, -0.38003405928611755], [0.36733919382095337, 1.086186408996582, 0.2718144357204437], [0.7296291589736938, 2.2370800971984863, 0.18609796464443207], [0.12379542738199234, 4.747463226318359, 0.05897322669625282], [1.2786457538604736, 4.711605072021484, -1.050066351890564], [-2.464837074279785, 4.037117004394531, 0.5971192717552185], [0.4132384955883026, 2.2306692600250244, 0.46351492404937744], [0.9454124569892883, 5.1928606033325195, -1.166559100151062], [0.9547919034957886, 1.9833277463912964, -0.03672834113240242], [1.6238069534301758, 3.367189884185791, -0.2100205272436142], [0.23832537233829498, 3.6462972164154053, 0.48138654232025146], [0.2728913426399231, 5.443265914916992, -0.1400608867406845], [0.2149532288312912, 4.130335807800293, -0.9113872647285461], [1.0732896327972412, 5.052921772003174, -0.8341825008392334], [-0.09902448207139969, 5.187546253204346, -0.7424336671829224], [0.8582029342651367, 4.764886379241943, 0.44744107127189636], [1.7300890684127808, 5.448585510253906, -0.3523448407649994], [1.5730301141738892, 4.140717029571533, -0.9680286645889282], [1.7646557092666626, 1.9050265550613403, -0.28014811873435974], [1.4634310007095337, 4.947659015655518, -0.586247444152832], [0.9084689617156982, 2.7410616874694824, 0.50437331199646], [1.8829679489135742, 4.095810890197754, -0.4020892083644867], [-0.0657423734664917, 1.2583720684051514, 0.05360399931669235], [-0.9890633225440979, 2.737027883529663, 0.4969906806945801], [0.6224063634872437, 3.3841347694396973, 0.07435598969459534], [-1.132378101348877, 4.613344192504883, 0.6494982838630676], [1.798193335533142, 3.787522315979004, 0.46751636266708374], [-0.5776119232177734, 3.100867509841919, 0.564811110496521], [-0.7489219307899475, 4.207465648651123, -0.6649905443191528], [0.5894699692726135, 3.0493807792663574, -0.371214896440506], [-0.9895907044410706, 3.3452248573303223, 0.6578116416931152], [0.7728717923164368, 2.505786895751953, 0.4832989275455475], [-0.6541420221328735, 3.9293251037597656, 0.15746080875396729], [2.132655143737793, 3.5374584197998047, -0.8258293867111206], [1.016788125038147, 3.7583773136138916, -0.6241424083709717], [-2.751753568649292, 3.7756357192993164, -0.957817792892456], [1.6791714429855347, 2.608917236328125, 0.1538100242614746], [-0.9894141554832458, 1.8149076700210571, 0.20754870772361755], [2.4012160301208496, 4.959827899932861, -0.5264875888824463], [0.11874957382678986, 4.134964942932129, 0.41843512654304504], [-0.6581828594207764, 4.016554832458496, 0.644450843334198], [0.8666809797286987, 4.931448936462402, 0.09942346066236496], [1.3445065021514893, 3.680060386657715, -0.0017258523730561137], [-1.8155769109725952, 2.661280870437622, -0.19078916311264038], [0.4667784869670868, 4.105175495147705, 0.6162322163581848], [0.7970044016838074, 4.040553092956543, -0.3839561641216278], [-1.3837485313415527, 4.844825267791748, 0.725816011428833], [-0.8299883008003235, 2.935978412628174, -0.6277530789375305], [-0.01725850999355316, 4.645467281341553, -0.0787845328450203], [0.4716223478317261, 5.105075359344482, -0.0506548136472702], [0.650888979434967, 3.676102876663208, -0.11362805217504501], [-1.5445491075515747, 4.010852336883545, -0.9767881631851196], [-0.29389622807502747, 2.4829893112182617, -0.016923734918236732], [1.107205867767334, 1.6583598852157593, 0.1472223699092865], [0.1801232248544693, 2.5401113033294678, 0.28212225437164307], [-0.6076949834823608, 2.428687334060669, -0.4173581302165985]]"
2852,1.0538241625229499,-0.44783300830199696,0.26345604063073746,-0.005473904650189175,0.06413829031885046,0.7814799997395736,0.6206007783510199,1.054302062713758,-0.44797795891969083,0.2629638817719966,-0.006019957591900894,0.06500904762795899,0.7809168908880719,0.62121364550596,"[75, 95, 205, 229, 254, 424, 429, 467, 478, 490, 669, 677, 693, 748, 1010, 1024, 1057, 1117, 1168, 1217, 1344, 1442, 1503, 1547, 1556, 1629, 1632, 1787, 1937, 1958, 2004, 2057, 2089, 2158, 2229, 2276, 2344, 2368, 2512, 2527, 2541, 2556, 2659, 2702, 2731, 2750, 2781, 2846, 2855, 2938, 3182, 3228, 3232, 3321, 3342, 3432, 3506, 3546, 3549, 3566, 3649, 3735, 3748, 3865, 3983, 4061, 4091, 4092, 4100, 4107, 4136, 4138, 4191, 4215, 4216, 4255, 4322, 4400, 4420, 4515, 4828, 4834, 4838, 4867, 4875]","[[0.07708983659246449, 5.8422542162094295], [0.14825955588448522, 4.914099306851962], [0.2804745917446189, 5.596574460432879], [-0.39871862643810707, 4.5608245157833744], [-0.14708481265763917, 2.7024976666638665], [0.1884640817912325, 3.9240025250662205], [0.3768443421262325, 3.1860328497717774], [0.22634435012271054, 5.620745992689405], [-0.0861425522435136, 3.484635478227056], [-0.45037295142924444, 4.662318776274587], [-0.4170516646510543, 5.07329308271211], [-0.4806486892845076, 5.274504911868594], [0.3678893213936334, 4.224083326850071], [-0.1896325504828763, 5.960534016388008], [0.47325907721031185, 5.98300102991119], [0.19826230924584354, 2.941655020985217], [0.5004860024504193, 5.710127002648689], [0.5038270972465311, 5.498906395606957], [-0.15504825608318992, 5.416713738547008], [0.3719773802440428, 3.527008382644451], [-0.21543916147835906, 5.146412363017975], [0.24916910532076603, 4.934089716037712], [-0.3763176637939018, 5.840106015802519], [0.04400764397875491, 4.526992496370345], [-0.2573838305614701, 5.692603375775222], [-0.22540900661777785, 5.097118217502833], [0.19994903504824066, 5.577315172411091], [0.13597836852929013, 5.230673623049392], [-0.1902947513022469, 4.771077863873615], [0.3806229831576515, 4.3102025913116755], [0.0699575577196035, 5.344747965765236], [0.1458056322077939, 5.475481857518692], [0.19751184893519014, 1.6804967715690688], [-0.10712354138510487, 2.7031847002270473], [-0.050293950263658016, 5.280483743162801], [-0.2853791044523551, 5.328977631763129], [0.4474975447526347, 5.710240625529116], [0.01728384633436546, 2.7624740852511636], [-0.2233751647261754, 5.821037722423703], [-0.1939171125966696, 2.4536450457691417], [-0.3793545845729911, 3.886174387653853], [-0.021751787158833778, 4.178991346468506], [-0.10034677490757138, 5.957194089609223], [-0.06597453555786563, 4.7998204230914], [-0.24243769291846465, 5.6083050667129735], [-0.03767817912150577, 5.840299486573806], [-0.18470946376112998, 5.217607572384885], [-0.3445099710748652, 5.96854491136085], [-0.35392126205766383, 4.777672781537495], [-0.3091529151227928, 5.476949452327995], [-0.4129497142046659, 4.667027578293264], [0.34450881945676165, 2.0500325136962823], [-0.43570220934506165, 4.418400171964391], [0.3510928575286972, 3.7912518510728512], [-0.11783510722217867, 3.860874690606788], [0.18962635629792685, 5.526244924903428], [-0.39811859718812154, 4.307195789750566], [0.21295442207322526, 3.916946615912338], [0.12564036136645398, 5.078796891257225], [-0.10750940987933667, 3.5832855307531504], [0.27846074682930255, 4.324331089461912], [-0.12425191532594299, 2.9747528305462225], [0.1450502802886328, 4.699655401527367], [-0.5006634220287248, 4.2705094162058845], [-0.22904255041518995, 4.299815919255558], [-0.4296627156714599, 3.122040759545988], [0.506090430931392, 3.0491365736486293], [-0.476104682250135, 5.629620417353888], [-0.02166442120773951, 4.680139278007272], [0.15033342219811532, 4.796691063130624], [-0.1925895963676456, 5.384400392473157], [-0.301246967086049, 4.147337454370201], [0.5052744212236326, 4.253596021767092], [-0.08893735954906368, 4.603757815460182], [-0.17809860051111673, 4.543586189498199], [0.21539083188083638, 5.844600693540134], [0.2570692331763904, 3.9737109557525705], [-0.022759985648283944, 5.217381191910921], [-0.12381509529016799, 5.593450086921397], [-0.13297465642857384, 4.160872914504628], [0.19593750620807193, 3.2370116291002176], [-0.2554173126700347, 2.107736910064455], [0.17266457034051666, 5.972469045628145], [0.05919942474596083, 3.1101690024786297], [0.27526123597647306, 3.3902558731580656]]","[[-0.735512375831604, 5.071609973907471, -0.41982975602149963], [-0.781180739402771, 4.064624309539795, -0.38334643840789795], [-1.690869688987732, 4.409207820892334, -0.17856155335903168], [1.8264570236206055, 4.0445404052734375, 0.09593416750431061], [0.806373119354248, 2.1923611164093018, -0.25782671570777893], [-0.5038958191871643, 3.150254726409912, 0.4329964220523834], [-0.7704256176948547, 2.14143443107605, -0.08076226711273193], [-1.3475202322006226, 4.6160688400268555, 0.7044112086296082], [0.5631309151649475, 2.9999711513519287, 0.12128958851099014], [2.097599744796753, 4.09572172164917, 0.3754720985889435], [2.0338191986083984, 4.5210676193237305, 0.5370109677314758], [2.2709784507751465, 4.476779937744141, -1.177621603012085], [-1.2529512643814087, 3.0691990852355957, 0.6317134499549866], [0.7337834239006042, 5.300148963928223, -1.2826670408248901], [-2.8375840187072754, 4.062684059143066, -0.2744080722332001], [-0.15580470860004425, 2.233808755874634, 0.1942511945962906], [-2.730193853378296, 3.8261094093322754, 0.4051784873008728], [-2.643998384475708, 3.590893030166626, -0.2406441867351532], [0.6671563982963562, 4.9510884284973145, 0.08018825948238373], [-0.9142951965332031, 2.4783380031585693, 0.3966814875602722], [0.9604702591896057, 4.650146961212158, -0.4360598027706146], [-1.2429896593093872, 3.776762008666992, -0.8402048349380493], [1.8771520853042603, 5.262132167816162, -0.6439931392669678], [-0.1251818686723709, 3.9142308235168457, 0.487517774105072], [1.155704140663147, 5.119636535644531, -0.9208241105079651], [1.0243852138519287, 4.614221096038818, -0.3322118818759918], [-1.3120083808898926, 4.4540181159973145, -0.9510701298713684], [-0.7530555725097656, 4.44417667388916, 0.6593567728996277], [0.9093790054321289, 4.313949108123779, 0.5192649364471436], [-1.434418797492981, 2.976118564605713, -0.5435752868652344], [-0.5687529444694519, 4.522246837615967, -0.841819167137146], [-0.9702979922294617, 4.599729061126709, -0.38003405928611755], [0.36733919382095337, 1.086186408996582, 0.2718144357204437], [0.7296291589736938, 2.2370800971984863, 0.18609796464443207], [0.12379542738199234, 4.747463226318359, 0.05897322669625282], [1.2786457538604736, 4.711605072021484, -1.050066351890564], [-2.464837074279785, 4.037117004394531, 0.5971192717552185], [0.4132384955883026, 2.2306692600250244, 0.46351492404937744], [0.9454124569892883, 5.1928606033325195, -1.166559100151062], [0.9547919034957886, 1.9833277463912964, -0.03672834113240242], [1.6238069534301758, 3.367189884185791, -0.2100205272436142], [0.23832537233829498, 3.6462972164154053, 0.48138654232025146], [0.2728913426399231, 5.443265914916992, -0.1400608867406845], [0.2149532288312912, 4.130335807800293, -0.9113872647285461], [1.0732896327972412, 5.052921772003174, -0.8341825008392334], [-0.09902448207139969, 5.187546253204346, -0.7424336671829224], [0.8582029342651367, 4.764886379241943, 0.44744107127189636], [1.7300890684127808, 5.448585510253906, -0.3523448407649994], [1.5730301141738892, 4.140717029571533, -0.9680286645889282], [1.4634310007095337, 4.947659015655518, -0.586247444152832], [1.8829679489135742, 4.095810890197754, -0.4020892083644867], [-0.0657423734664917, 1.2583720684051514, 0.05360399931669235], [1.8801361322402954, 3.701002836227417, -1.0135948657989502], [-0.9890633225440979, 2.737027883529663, 0.4969906806945801], [0.6224063634872437, 3.3841347694396973, 0.07435598969459534], [-1.132378101348877, 4.613344192504883, 0.6494982838630676], [1.798193335533142, 3.787522315979004, 0.46751636266708374], [-0.5776119232177734, 3.100867509841919, 0.564811110496521], [-0.7489219307899475, 4.207465648651123, -0.6649905443191528], [0.5894699692726135, 3.0493807792663574, -0.371214896440506], [-0.9895907044410706, 3.3452248573303223, 0.6578116416931152], [0.7728717923164368, 2.505786895751953, 0.4832989275455475], [-0.6541420221328735, 3.9293251037597656, 0.15746080875396729], [2.132655143737793, 3.5374584197998047, -0.8258293867111206], [1.016788125038147, 3.7583773136138916, -0.6241424083709717], [1.6791714429855347, 2.608917236328125, 0.1538100242614746], [-0.9894141554832458, 1.8149076700210571, 0.20754870772361755], [2.4012160301208496, 4.959827899932861, -0.5264875888824463], [0.11874957382678986, 4.134964942932129, 0.41843512654304504], [-0.6581828594207764, 4.016554832458496, 0.644450843334198], [0.8666809797286987, 4.931448936462402, 0.09942346066236496], [1.3445065021514893, 3.680060386657715, -0.0017258523730561137], [-1.8155769109725952, 2.661280870437622, -0.19078916311264038], [0.4667784869670868, 4.105175495147705, 0.6162322163581848], [0.7970044016838074, 4.040553092956543, -0.3839561641216278], [-1.3837485313415527, 4.844825267791748, 0.725816011428833], [-0.8299883008003235, 2.935978412628174, -0.6277530789375305], [-0.01725850999355316, 4.645467281341553, -0.0787845328450203], [0.4716223478317261, 5.105075359344482, -0.0506548136472702], [0.650888979434967, 3.676102876663208, -0.11362805217504501], [-0.29389622807502747, 2.4829893112182617, -0.016923734918236732], [1.107205867767334, 1.6583598852157593, 0.1472223699092865], [-1.3201606273651123, 4.948207378387451, -0.687322735786438], [0.1801232248544693, 2.5401113033294678, 0.28212225437164307], [-0.6076949834823608, 2.428687334060669, -0.4173581302165985]]"
2854,0.9657997181145707,-0.4228636154617297,0.24144992952864266,0.01993714389810031,0.07846475566707409,0.7747702980400036,0.6270380990707797,0.9658740664252407,-0.42315622022192323,0.24175733782053374,0.019471314564814365,0.0784495429981596,0.774861921134502,0.6269414169507761,"[75, 95, 205, 229, 254, 382, 424, 429, 467, 478, 490, 677, 693, 748, 1010, 1024, 1057, 1061, 1117, 1168, 1217, 1344, 1503, 1547, 1556, 1629, 1787, 1937, 2004, 2057, 2089, 2158, 2229, 2276, 2344, 2368, 2512, 2527, 2541, 2556, 2659, 2702, 2731, 2750, 2781, 2846, 2855, 2938, 3182, 3228, 3232, 3321, 3342, 3432, 3506, 3546, 3549, 3566, 3649, 3735, 3748, 3865, 3983, 4061, 4091, 4092, 4100, 4107, 4136, 4138, 4191, 4215, 4216, 4255, 4400, 4420, 4515, 4828, 4834, 4838, 4867, 4875]","[[0.07641656808112107, 5.792974843712763], [0.14556062936988934, 4.858891246172227], [0.2833413589955342, 5.534014113123105], [-0.39880943113151135, 4.552054265162788], [-0.16885620001424972, 2.6687151297352427], [-0.06336154189897651, 5.227398511668325], [0.19317986971883996, 3.8719864348954163], [0.36851088869164095, 3.117149727268293], [0.23641532119291575, 5.567418577570413], [-0.09300268853551946, 3.4512057584076063], [-0.44613434225474613, 4.659134431971539], [-0.4908590168677836, 5.265549207542029], [0.3705765396852043, 4.160370256014493], [-0.197751667575027, 5.929793239702147], [0.47649239286224954, 5.907874975534037], [0.19023139435568365, 2.88814605980111], [0.5098976937320813, 5.635957248675577], [-0.34679327420941136, 3.2705797528775906], [0.5071327468021497, 5.423382090493915], [-0.15185212817016674, 5.386053792008333], [0.37525412124398294, 3.464143033470785], [-0.2202967193887215, 5.119515776773038], [-0.37819001526991103, 5.826322079534681], [0.048650978053485595, 4.481010901242144], [-0.2635740352316389, 5.6684129786911575], [-0.22992013734315153, 5.072364563890641], [0.14536824921031147, 5.179061767938806], [-0.18426487423542154, 4.746643356342842], [0.06403694819954601, 5.2932380945802455], [0.14218897240031025, 5.420946117335495], [0.17580548187629882, 1.6252805190601245], [-0.11745461637356522, 2.6736996887718907], [-0.04834215381710705, 5.244022309904519], [-0.2944475525933092, 5.303287403592147], [0.4535933358124151, 5.642097290166121], [0.012431429174120366, 2.7231591289042805], [-0.23191069606547926, 5.79019937960499], [-0.21276296554222524, 2.4256728943118397], [-0.38664832604535, 3.8736159115432263], [-0.02023481747519877, 4.142882942929654], [-0.09529352850837244, 5.921675832564058], [-0.07744967714348197, 4.759740963612725], [-0.2477887610924627, 5.580976020386266], [-0.040263675151670626, 5.79825924238192], [-0.17730084010157415, 5.194503601582129], [-0.34449733800950927, 5.951829602507625], [-0.36653786354086043, 4.760518662477529], [-0.3146331050927324, 5.459024299495569], [-0.4190423779497687, 4.656943961539811], [0.32686761796399805, 1.985440570912773], [-0.44991376646309583, 4.409763356067085], [0.3577778424881347, 3.727910340200797], [-0.12192888777076467, 3.8277770326631546], [0.19783165714439144, 5.47429277825888], [-0.3933575668079735, 4.298177926660736], [0.2183972213474109, 3.862776378947701], [0.12022098337511246, 5.024444545609551], [-0.11982552556206787, 3.5474917439243634], [0.2861910171036233, 4.268912871289463], [-0.12567260069012337, 2.9475700173977417], [0.14731557741106865, 4.648574894943894], [-0.5125827549820883, 4.264732075499514], [-0.24217242667919067, 4.2718986635063745], [-0.437897384912946, 3.1166737635474018], [0.5060756002715463, 2.9751395286489797], [-0.4771350594023628, 5.622109109386658], [-0.016222466198319064, 4.642015487785009], [0.1569292001141383, 4.749188462837608], [-0.18942636293405807, 5.358890974623377], [-0.3022915349093562, 4.126312440401254], [0.5058026389501199, 4.180544220353283], [-0.08544970378895711, 4.573151366051897], [-0.18483985867483624, 4.513021290915566], [0.2242611011287747, 5.791049922899378], [-0.022048196614625114, 5.173924325873513], [-0.12364591667302302, 5.5577900401303], [-0.13706844516124042, 4.129553278776149], [0.19099940721879316, 3.1822878928999807], [-0.27506394936417794, 2.089922944236957], [0.17136941332439526, 5.915645601347486], [0.05737788169474529, 3.067380087416721], [0.2640313329626573, 3.3272597834222433]]","[[-0.735512375831604, 5.071609973907471, -0.41982975602149963], [-0.781180739402771, 4.064624309539795, -0.38334643840789795], [-1.690869688987732, 4.409207820892334, -0.17856155335903168], [1.8264570236206055, 4.0445404052734375, 0.09593416750431061], [0.806373119354248, 2.1923611164093018, -0.25782671570777893], [0.30824869871139526, 4.73850679397583, 0.7172616720199585], [-0.5038958191871643, 3.150254726409912, 0.4329964220523834], [-0.7704256176948547, 2.14143443107605, -0.08076226711273193], [-1.3475202322006226, 4.6160688400268555, 0.7044112086296082], [0.5631309151649475, 2.9999711513519287, 0.12128958851099014], [2.097599744796753, 4.09572172164917, 0.3754720985889435], [2.2709784507751465, 4.476779937744141, -1.177621603012085], [-1.2529512643814087, 3.0691990852355957, 0.6317134499549866], [0.7337834239006042, 5.300148963928223, -1.2826670408248901], [-2.8375840187072754, 4.062684059143066, -0.2744080722332001], [-0.15580470860004425, 2.233808755874634, 0.1942511945962906], [-2.730193853378296, 3.8261094093322754, 0.4051784873008728], [1.311916470527649, 2.6942319869995117, -0.6828466653823853], [-2.643998384475708, 3.590893030166626, -0.2406441867351532], [0.6671563982963562, 4.9510884284973145, 0.08018825948238373], [-0.9142951965332031, 2.4783380031585693, 0.3966814875602722], [0.9604702591896057, 4.650146961212158, -0.4360598027706146], [1.8771520853042603, 5.262132167816162, -0.6439931392669678], [-0.1251818686723709, 3.9142308235168457, 0.487517774105072], [1.155704140663147, 5.119636535644531, -0.9208241105079651], [1.0243852138519287, 4.614221096038818, -0.3322118818759918], [-0.7530555725097656, 4.44417667388916, 0.6593567728996277], [0.9093790054321289, 4.313949108123779, 0.5192649364471436], [-0.5687529444694519, 4.522246837615967, -0.841819167137146], [-0.9702979922294617, 4.599729061126709, -0.38003405928611755], [0.36733919382095337, 1.086186408996582, 0.2718144357204437], [0.7296291589736938, 2.2370800971984863, 0.18609796464443207], [0.12379542738199234, 4.747463226318359, 0.05897322669625282], [1.2786457538604736, 4.711605072021484, -1.050066351890564], [-2.464837074279785, 4.037117004394531, 0.5971192717552185], [0.4132384955883026, 2.2306692600250244, 0.46351492404937744], [0.9454124569892883, 5.1928606033325195, -1.166559100151062], [0.9547919034957886, 1.9833277463912964, -0.03672834113240242], [1.6238069534301758, 3.367189884185791, -0.2100205272436142], [0.23832537233829498, 3.6462972164154053, 0.48138654232025146], [0.2728913426399231, 5.443265914916992, -0.1400608867406845], [0.2149532288312912, 4.130335807800293, -0.9113872647285461], [1.0732896327972412, 5.052921772003174, -0.8341825008392334], [-0.09902448207139969, 5.187546253204346, -0.7424336671829224], [0.8582029342651367, 4.764886379241943, 0.44744107127189636], [1.7300890684127808, 5.448585510253906, -0.3523448407649994], [1.5730301141738892, 4.140717029571533, -0.9680286645889282], [1.4634310007095337, 4.947659015655518, -0.586247444152832], [1.8829679489135742, 4.095810890197754, -0.4020892083644867], [-0.0657423734664917, 1.2583720684051514, 0.05360399931669235], [1.8801361322402954, 3.701002836227417, -1.0135948657989502], [-0.9890633225440979, 2.737027883529663, 0.4969906806945801], [0.6224063634872437, 3.3841347694396973, 0.07435598969459534], [-1.132378101348877, 4.613344192504883, 0.6494982838630676], [1.798193335533142, 3.787522315979004, 0.46751636266708374], [-0.5776119232177734, 3.100867509841919, 0.564811110496521], [-0.7489219307899475, 4.207465648651123, -0.6649905443191528], [0.5894699692726135, 3.0493807792663574, -0.371214896440506], [-0.9895907044410706, 3.3452248573303223, 0.6578116416931152], [0.7728717923164368, 2.505786895751953, 0.4832989275455475], [-0.6541420221328735, 3.9293251037597656, 0.15746080875396729], [2.132655143737793, 3.5374584197998047, -0.8258293867111206], [1.016788125038147, 3.7583773136138916, -0.6241424083709717], [1.6791714429855347, 2.608917236328125, 0.1538100242614746], [-0.9894141554832458, 1.8149076700210571, 0.20754870772361755], [2.4012160301208496, 4.959827899932861, -0.5264875888824463], [0.11874957382678986, 4.134964942932129, 0.41843512654304504], [-0.6581828594207764, 4.016554832458496, 0.644450843334198], [0.8666809797286987, 4.931448936462402, 0.09942346066236496], [1.3445065021514893, 3.680060386657715, -0.0017258523730561137], [-1.8155769109725952, 2.661280870437622, -0.19078916311264038], [0.4667784869670868, 4.105175495147705, 0.6162322163581848], [0.7970044016838074, 4.040553092956543, -0.3839561641216278], [-1.3837485313415527, 4.844825267791748, 0.725816011428833], [-0.01725850999355316, 4.645467281341553, -0.0787845328450203], [0.4716223478317261, 5.105075359344482, -0.0506548136472702], [0.650888979434967, 3.676102876663208, -0.11362805217504501], [-0.29389622807502747, 2.4829893112182617, -0.016923734918236732], [1.107205867767334, 1.6583598852157593, 0.1472223699092865], [-1.3201606273651123, 4.948207378387451, -0.687322735786438], [0.1801232248544693, 2.5401113033294678, 0.28212225437164307], [-0.6076949834823608, 2.428687334060669, -0.4173581302165985]]"
2856,0.8806547516900627,-0.3953423385199975,0.22016368792251567,0.04197428593573118,0.0833739070083772,0.7688918566478848,0.6325284687118143,0.8808964307919053,-0.39598934187681945,0.219407531308926,0.0422413699607202,0.08307324738734596,0.7689279783456696,0.6325063370035148,"[75, 95, 205, 229, 254, 382, 424, 429, 467, 478, 490, 505, 529, 625, 677, 693, 705, 1010, 1024, 1057, 1117, 1168, 1217, 1344, 1503, 1547, 1556, 1629, 1787, 1937, 2057, 2089, 2158, 2229, 2276, 2344, 2360, 2368, 2422, 2512, 2527, 2541, 2556, 2659, 2731, 2750, 2781, 2846, 2855, 2938, 3127, 3182, 3228, 3232, 3321, 3342, 3432, 3478, 3506, 3546, 3549, 3566, 3649, 3735, 3748, 3983, 4061, 4091, 4092, 4100, 4107, 4136, 4138, 4191, 4215, 4216, 4255, 4400, 4420, 4515, 4828, 4834, 4838, 4867]","[[0.07509104006355984, 5.741115971363177], [0.1406826460408647, 4.801801010637883], [0.2833213750186983, 5.468288606816214], [-0.4003085628622592, 4.541967100933576], [-0.18958855369483188, 2.633913884030917], [-0.060992726350287865, 5.191966693986491], [0.1909747829684465, 3.8160837118751227], [0.3616386149515801, 3.046599675618773], [0.24076841961518952, 5.508783739345939], [-0.10077635593157092, 3.4128240725354444], [-0.4443748356163007, 4.655968173397915], [-0.24183759566612184, 5.9724527158559], [0.40155838712520675, 5.454710690107503], [-0.19571185127157018, 3.8910140827643707], [-0.4990129342214706, 5.255872547545753], [0.3733686163737221, 4.094461338077312], [-0.12531260576944775, 5.6537010642335375], [0.48127961328281416, 5.829210146777262], [0.18145523746943065, 2.8291592818134985], [0.5151724909922931, 5.563123537021259], [0.5112417788803162, 5.344998767723831], [-0.1522173988582782, 5.353783323988039], [0.37320281506608927, 3.398732931304219], [-0.2250560263227059, 5.090129468571778], [-0.3822082507854666, 5.810061639938894], [0.04780975972582567, 4.437423308638617], [-0.2691742918639648, 5.6401715769066225], [-0.23326921001708154, 5.044139122353245], [0.14977111551368474, 5.130184243998989], [-0.18155925885355426, 4.71990966526702], [0.1431741205887184, 5.365127059196196], [0.14897361847403484, 1.5750235176010383], [-0.13183283974424853, 2.639636511614566], [-0.04874596891083648, 5.203737718868772], [-0.30388547496073387, 5.278323997670329], [0.46064977580181005, 5.57049024434999], [0.5035538068289676, 5.330313540024455], [0.0050717621458379655, 2.6808021050764106], [0.3285046330629744, 4.875211241220797], [-0.2388055316930193, 5.760514704322892], [-0.2321093545395163, 2.39700549880277], [-0.3960833330517553, 3.860683901312895], [-0.020718520355486346, 4.102708624287054], [-0.09679956010929727, 5.88456443219371], [-0.2549965456462151, 5.555678474368053], [-0.04492719679148922, 5.754104795389109], [-0.17735743360438597, 5.166767583030478], [-0.3459314640662757, 5.93554738119849], [-0.377604034806756, 4.741565047751167], [-0.3199386359171102, 5.435982765116141], [-0.18096819260042604, 3.1511384852943936], [-0.4263175972432068, 4.645811841385399], [0.30911327137636313, 1.9179993556934123], [-0.46700734481824363, 4.393148189284671], [0.3555166348286561, 3.6628682090263687], [-0.12556610059306686, 3.7916554242059313], [0.20217761450752814, 5.417673174001411], [0.1226677830322428, 3.6382070035341294], [-0.39443790928439787, 4.288847505760009], [0.21850415222908934, 3.8091602955207704], [0.11488598615215208, 4.965716029331581], [-0.13259755359410338, 3.5104407124906927], [0.2872817227101637, 4.208747836218412], [-0.1345918613071299, 2.916814721675071], [0.14612675403364828, 4.59253514062085], [-0.25360420018287444, 4.241340478723425], [-0.4478099062283295, 3.1094745660743923], [0.5040835978927327, 2.900428014557541], [-0.48280549769780207, 5.617171242246274], [-0.01538050860056195, 4.600374756934451], [0.16026588065127093, 4.69694268113609], [-0.1877997345065969, 5.329781155319028], [-0.307603654439504, 4.110130159591614], [0.5090504764386125, 4.100051388307371], [-0.08157929690618726, 4.540098222392888], [-0.19238772089297304, 4.479293095185852], [0.22947919515753762, 5.734459432815705], [-0.023809946557628657, 5.133191883714551], [-0.12271815065401001, 5.523908289863715], [-0.14560103268976957, 4.094885143370506], [0.1800315998567179, 3.1211105297028436], [-0.29998866969731164, 2.06862569388436], [0.16945573159050362, 5.852781326269461], [0.048397734735943505, 3.021649968925025]]","[[-0.735512375831604, 5.071609973907471, -0.41982975602149963], [-0.781180739402771, 4.064624309539795, -0.38334643840789795], [-1.690869688987732, 4.409207820892334, -0.17856155335903168], [1.8264570236206055, 4.0445404052734375, 0.09593416750431061], [0.806373119354248, 2.1923611164093018, -0.25782671570777893], [0.30824869871139526, 4.73850679397583, 0.7172616720199585], [-0.5038958191871643, 3.150254726409912, 0.4329964220523834], [-0.7704256176948547, 2.14143443107605, -0.08076226711273193], [-1.3475202322006226, 4.6160688400268555, 0.7044112086296082], [0.5631309151649475, 2.9999711513519287, 0.12128958851099014], [2.097599744796753, 4.09572172164917, 0.3754720985889435], [1.0075819492340088, 5.458253383636475, -0.9442963004112244], [-1.9834338426589966, 4.126326084136963, 1.2579008340835571], [0.9735420346260071, 3.477978229522705, 0.5639318823814392], [2.2709784507751465, 4.476779937744141, -1.177621603012085], [-1.2529512643814087, 3.0691990852355957, 0.6317134499549866], [0.6284419298171997, 5.218175411224365, 0.8114650249481201], [-2.8375840187072754, 4.062684059143066, -0.2744080722332001], [-0.15580470860004425, 2.233808755874634, 0.1942511945962906], [-2.730193853378296, 3.8261094093322754, 0.4051784873008728], [-2.643998384475708, 3.590893030166626, -0.2406441867351532], [0.6671563982963562, 4.9510884284973145, 0.08018825948238373], [-0.9142951965332031, 2.4783380031585693, 0.3966814875602722], [0.9604702591896057, 4.650146961212158, -0.4360598027706146], [1.8771520853042603, 5.262132167816162, -0.6439931392669678], [-0.1251818686723709, 3.9142308235168457, 0.487517774105072], [1.155704140663147, 5.119636535644531, -0.9208241105079651], [1.0243852138519287, 4.614221096038818, -0.3322118818759918], [-0.7530555725097656, 4.44417667388916, 0.6593567728996277], [0.9093790054321289, 4.313949108123779, 0.5192649364471436], [-0.9702979922294617, 4.599729061126709, -0.38003405928611755], [0.36733919382095337, 1.086186408996582, 0.2718144357204437], [0.7296291589736938, 2.2370800971984863, 0.18609796464443207], [0.12379542738199234, 4.747463226318359, 0.05897322669625282], [1.2786457538604736, 4.711605072021484, -1.050066351890564], [-2.464837074279785, 4.037117004394531, 0.5971192717552185], [-2.3432328701019287, 3.7164127826690674, 1.2614216804504395], [0.4132384955883026, 2.2306692600250244, 0.46351492404937744], [-1.3945835828781128, 3.8312363624572754, 1.0456211566925049], [0.9454124569892883, 5.1928606033325195, -1.166559100151062], [0.9547919034957886, 1.9833277463912964, -0.03672834113240242], [1.6238069534301758, 3.367189884185791, -0.2100205272436142], [0.23832537233829498, 3.6462972164154053, 0.48138654232025146], [0.2728913426399231, 5.443265914916992, -0.1400608867406845], [1.0732896327972412, 5.052921772003174, -0.8341825008392334], [-0.09902448207139969, 5.187546253204346, -0.7424336671829224], [0.8582029342651367, 4.764886379241943, 0.44744107127189636], [1.7300890684127808, 5.448585510253906, -0.3523448407649994], [1.5730301141738892, 4.140717029571533, -0.9680286645889282], [1.4634310007095337, 4.947659015655518, -0.586247444152832], [0.9084689617156982, 2.7410616874694824, 0.50437331199646], [1.8829679489135742, 4.095810890197754, -0.4020892083644867], [-0.0657423734664917, 1.2583720684051514, 0.05360399931669235], [1.8801361322402954, 3.701002836227417, -1.0135948657989502], [-0.9890633225440979, 2.737027883529663, 0.4969906806945801], [0.6224063634872437, 3.3841347694396973, 0.07435598969459534], [-1.132378101348877, 4.613344192504883, 0.6494982838630676], [-0.14224176108837128, 3.0581369400024414, 0.7034266591072083], [1.798193335533142, 3.787522315979004, 0.46751636266708374], [-0.5776119232177734, 3.100867509841919, 0.564811110496521], [-0.7489219307899475, 4.207465648651123, -0.6649905443191528], [0.5894699692726135, 3.0493807792663574, -0.371214896440506], [-0.9895907044410706, 3.3452248573303223, 0.6578116416931152], [0.7728717923164368, 2.505786895751953, 0.4832989275455475], [-0.6541420221328735, 3.9293251037597656, 0.15746080875396729], [1.016788125038147, 3.7583773136138916, -0.6241424083709717], [1.6791714429855347, 2.608917236328125, 0.1538100242614746], [-0.9894141554832458, 1.8149076700210571, 0.20754870772361755], [2.4012160301208496, 4.959827899932861, -0.5264875888824463], [0.11874957382678986, 4.134964942932129, 0.41843512654304504], [-0.6581828594207764, 4.016554832458496, 0.644450843334198], [0.8666809797286987, 4.931448936462402, 0.09942346066236496], [1.3445065021514893, 3.680060386657715, -0.0017258523730561137], [-1.8155769109725952, 2.661280870437622, -0.19078916311264038], [0.4667784869670868, 4.105175495147705, 0.6162322163581848], [0.7970044016838074, 4.040553092956543, -0.3839561641216278], [-1.3837485313415527, 4.844825267791748, 0.725816011428833], [-0.01725850999355316, 4.645467281341553, -0.0787845328450203], [0.4716223478317261, 5.105075359344482, -0.0506548136472702], [0.650888979434967, 3.676102876663208, -0.11362805217504501], [-0.29389622807502747, 2.4829893112182617, -0.016923734918236732], [1.107205867767334, 1.6583598852157593, 0.1472223699092865], [-1.3201606273651123, 4.948207378387451, -0.687322735786438], [0.1801232248544693, 2.5401113033294678, 0.28212225437164307]]"
2858,0.7989851520198566,-0.3662293978608771,0.19974628800496416,0.05880976982272735,0.07998578928060716,0.7639353084626268,0.637610013229613,0.7987330442883839,-0.36550145461446176,0.19939923586408298,0.05868735196715236,0.07981054824120228,0.7634674683494719,0.6382033342756606,"[75, 95, 205, 229, 254, 382, 424, 429, 467, 478, 490, 505, 522, 529, 565, 625, 669, 677, 693, 705, 1010, 1024, 1057, 1117, 1168, 1217, 1344, 1503, 1547, 1556, 1629, 1787, 1937, 2057, 2089, 2158, 2229, 2276, 2344, 2360, 2368, 2422, 2527, 2541, 2556, 2659, 2731, 2750, 2781, 2846, 2855, 2938, 3127, 3182, 3228, 3321, 3342, 3432, 3478, 3506, 3513, 3546, 3566, 3649, 3735, 3748, 3983, 4061, 4064, 4091, 4092, 4100, 4107, 4136, 4138, 4215, 4216, 4255, 4400, 4420, 4515, 4828, 4834, 4867]","[[0.07425963461612885, 5.683080032865749], [0.1379592758494402, 4.73972724315037], [0.2830844223875242, 5.397436357046832], [-0.40475173483346644, 4.529064346950327], [-0.21208605316657445, 2.599641010372373], [-0.06080361675365397, 5.154017867622451], [0.1844738641782974, 3.7569420706874914], [0.3543284026223372, 2.972523685691451], [0.24163953347050496, 5.447331069098836], [-0.11040106865116671, 3.376228160727209], [-0.44695854850270655, 4.649322224393572], [-0.24834418612138692, 5.940706786731529], [-0.26189796380583547, 5.577241049847202], [0.4047459292754216, 5.387995408263205], [0.34546813600554904, 5.16522821527903], [-0.2016406351240484, 3.865004363952455], [-0.40774851242973476, 5.051530515295315], [-0.5139016082737271, 5.246461574087256], [0.372522313972427, 4.026208002085568], [-0.1246222436121879, 5.621608185482436], [0.48581372225634134, 5.7489968511039935], [0.16895727654658574, 2.770432603530483], [0.5195271176350357, 5.484161480759201], [0.5131324602407331, 5.264701889001545], [-0.15541330322461008, 5.3193218771973445], [0.36661637316074447, 3.3279244752865216], [-0.23151237194274601, 5.059436161566483], [-0.39045412937257484, 5.793853698136567], [0.04610509889674785, 4.389429799924417], [-0.2774356642628661, 5.610922884963235], [-0.23774707368216508, 5.013113278450479], [0.14809903957324544, 5.074899090043276], [-0.18523435731247714, 4.6917065880221385], [0.13832155652476882, 5.303344928670465], [0.11708534188134592, 1.516299103347504], [-0.14841566847451945, 2.6041697879172707], [-0.05209540790972096, 5.16045594161347], [-0.31272894450806926, 5.251763892054142], [0.4646679414963789, 5.495249306333594], [0.5052019569314802, 5.258885588570025], [-0.011272447212628977, 2.640084635094222], [0.3300874383979377, 4.810322822464072], [-0.25784386943879484, 2.3659742897049982], [-0.4085467007365927, 3.843720566078401], [-0.024640553755076074, 4.060931998145274], [-0.09771741418210346, 5.842931145496341], [-0.2599100588078902, 5.523944372808286], [-0.052911625527060795, 5.703385196348112], [-0.17784412528328586, 5.137971965552896], [-0.3486020322631084, 5.9152257392146375], [-0.38717441926654506, 4.7196762471108835], [-0.326149697808284, 5.412768305642315], [-0.19157185860439366, 3.1247816807568403], [-0.4325450184008267, 4.631723517009406], [0.29015972070672286, 1.8461374473754921], [0.3532203695550082, 3.59287884246669], [-0.1349638871589897, 3.7549442484719497], [0.20175840586507432, 5.360472777073179], [0.115592657194061, 3.585655998559556], [-0.3982304632029727, 4.280084127237521], [0.050152867346234455, 4.442303436505807], [0.21406844065665548, 3.7462364735727367], [-0.14730847132934133, 3.468695750800729], [0.2870527926098404, 4.146726134524963], [-0.14666186179403415, 2.885964620021072], [0.14379222260568436, 4.535375542799984], [-0.2633774368072461, 4.21210498946044], [-0.46166149863097844, 3.1040593058217585], [0.40793102081530197, 5.95719688088612], [0.5001835489844008, 2.8187479422342094], [-0.4833612352625683, 5.607430510167414], [-0.01895539758366225, 4.557294075723011], [0.15772746942254792, 4.639186978230697], [-0.19205436192008937, 5.299334875738587], [-0.31678165057449587, 4.087454243239022], [-0.08229380746632822, 4.504168491053588], [-0.20043137242466327, 4.443030088016574], [0.23274449403263242, 5.672796027888758], [-0.026138344597600827, 5.084875445526015], [-0.1274494726314574, 5.48606795940853], [-0.15506200038978932, 4.057388804756893], [0.16943262674851706, 3.057889600719004], [-0.3277351508544075, 2.0484203442961935], [0.034531971342964256, 2.9722236848480814]]","[[-0.735512375831604, 5.071609973907471, -0.41982975602149963], [-0.781180739402771, 4.064624309539795, -0.38334643840789795], [-1.690869688987732, 4.409207820892334, -0.17856155335903168], [1.8264570236206055, 4.0445404052734375, 0.09593416750431061], [0.806373119354248, 2.1923611164093018, -0.25782671570777893], [0.30824869871139526, 4.73850679397583, 0.7172616720199585], [-0.5038958191871643, 3.150254726409912, 0.4329964220523834], [-0.7704256176948547, 2.14143443107605, -0.08076226711273193], [-1.3475202322006226, 4.6160688400268555, 0.7044112086296082], [0.5631309151649475, 2.9999711513519287, 0.12128958851099014], [2.097599744796753, 4.09572172164917, 0.3754720985889435], [1.0075819492340088, 5.458253383636475, -0.9442963004112244], [1.4013367891311646, 5.146660327911377, 0.7831169962882996], [-1.9834338426589966, 4.126326084136963, 1.2579008340835571], [-1.5779470205307007, 4.093191146850586, 1.2656919956207275], [0.9735420346260071, 3.477978229522705, 0.5639318823814392], [2.0338191986083984, 4.5210676193237305, 0.5370109677314758], [2.2709784507751465, 4.476779937744141, -1.177621603012085], [-1.2529512643814087, 3.0691990852355957, 0.6317134499549866], [0.6284419298171997, 5.218175411224365, 0.8114650249481201], [-2.8375840187072754, 4.062684059143066, -0.2744080722332001], [-0.15580470860004425, 2.233808755874634, 0.1942511945962906], [-2.730193853378296, 3.8261094093322754, 0.4051784873008728], [-2.643998384475708, 3.590893030166626, -0.2406441867351532], [0.6671563982963562, 4.9510884284973145, 0.08018825948238373], [-0.9142951965332031, 2.4783380031585693, 0.3966814875602722], [0.9604702591896057, 4.650146961212158, -0.4360598027706146], [1.8771520853042603, 5.262132167816162, -0.6439931392669678], [-0.1251818686723709, 3.9142308235168457, 0.487517774105072], [1.155704140663147, 5.119636535644531, -0.9208241105079651], [1.0243852138519287, 4.614221096038818, -0.3322118818759918], [-0.7530555725097656, 4.44417667388916, 0.6593567728996277], [0.9093790054321289, 4.313949108123779, 0.5192649364471436], [-0.9702979922294617, 4.599729061126709, -0.38003405928611755], [0.36733919382095337, 1.086186408996582, 0.2718144357204437], [0.7296291589736938, 2.2370800971984863, 0.18609796464443207], [0.12379542738199234, 4.747463226318359, 0.05897322669625282], [1.2786457538604736, 4.711605072021484, -1.050066351890564], [-2.464837074279785, 4.037117004394531, 0.5971192717552185], [-2.3432328701019287, 3.7164127826690674, 1.2614216804504395], [0.4132384955883026, 2.2306692600250244, 0.46351492404937744], [-1.3945835828781128, 3.8312363624572754, 1.0456211566925049], [0.9547919034957886, 1.9833277463912964, -0.03672834113240242], [1.6238069534301758, 3.367189884185791, -0.2100205272436142], [0.23832537233829498, 3.6462972164154053, 0.48138654232025146], [0.2728913426399231, 5.443265914916992, -0.1400608867406845], [1.0732896327972412, 5.052921772003174, -0.8341825008392334], [-0.09902448207139969, 5.187546253204346, -0.7424336671829224], [0.8582029342651367, 4.764886379241943, 0.44744107127189636], [1.7300890684127808, 5.448585510253906, -0.3523448407649994], [1.5730301141738892, 4.140717029571533, -0.9680286645889282], [1.4634310007095337, 4.947659015655518, -0.586247444152832], [0.9084689617156982, 2.7410616874694824, 0.50437331199646], [1.8829679489135742, 4.095810890197754, -0.4020892083644867], [-0.0657423734664917, 1.2583720684051514, 0.05360399931669235], [-0.9890633225440979, 2.737027883529663, 0.4969906806945801], [0.6224063634872437, 3.3841347694396973, 0.07435598969459534], [-1.132378101348877, 4.613344192504883, 0.6494982838630676], [-0.14224176108837128, 3.0581369400024414, 0.7034266591072083], [1.798193335533142, 3.787522315979004, 0.46751636266708374], [-0.05047990381717682, 3.9298436641693115, 0.9450393319129944], [-0.5776119232177734, 3.100867509841919, 0.564811110496521], [0.5894699692726135, 3.0493807792663574, -0.371214896440506], [-0.9895907044410706, 3.3452248573303223, 0.6578116416931152], [0.7728717923164368, 2.505786895751953, 0.4832989275455475], [-0.6541420221328735, 3.9293251037597656, 0.15746080875396729], [1.016788125038147, 3.7583773136138916, -0.6241424083709717], [1.6791714429855347, 2.608917236328125, 0.1538100242614746], [-2.573761224746704, 4.538285732269287, -0.027640456333756447], [-0.9894141554832458, 1.8149076700210571, 0.20754870772361755], [2.4012160301208496, 4.959827899932861, -0.5264875888824463], [0.11874957382678986, 4.134964942932129, 0.41843512654304504], [-0.6581828594207764, 4.016554832458496, 0.644450843334198], [0.8666809797286987, 4.931448936462402, 0.09942346066236496], [1.3445065021514893, 3.680060386657715, -0.0017258523730561137], [0.4667784869670868, 4.105175495147705, 0.6162322163581848], [0.7970044016838074, 4.040553092956543, -0.3839561641216278], [-1.3837485313415527, 4.844825267791748, 0.725816011428833], [-0.01725850999355316, 4.645467281341553, -0.0787845328450203], [0.4716223478317261, 5.105075359344482, -0.0506548136472702], [0.650888979434967, 3.676102876663208, -0.11362805217504501], [-0.29389622807502747, 2.4829893112182617, -0.016923734918236732], [1.107205867767334, 1.6583598852157593, 0.1472223699092865], [0.1801232248544693, 2.5401113033294678, 0.28212225437164307]]"
2860,0.7100919912524141,-0.3319143347538211,0.17752299781310352,0.07083565819902286,0.06825533884657016,0.7590827457987697,0.6435191553303223,0.7103659575272407,-0.3306969711237143,0.17715232464084155,0.07089729652282147,0.06826690759433557,0.7593837991722319,0.6431558506520866,"[75, 95, 205, 229, 242, 254, 286, 382, 424, 467, 478, 490, 505, 522, 529, 565, 584, 625, 669, 693, 705, 1024, 1104, 1168, 1217, 1235, 1344, 1503, 1547, 1556, 1629, 1787, 1937, 2057, 2089, 2128, 2158, 2229, 2344, 2360, 2368, 2422, 2527, 2541, 2556, 2617, 2659, 2731, 2781, 2846, 2938, 3127, 3182, 3228, 3321, 3342, 3432, 3478, 3506, 3513, 3516, 3546, 3566, 3649, 3735, 3748, 3983, 4061, 4064, 4091, 4092, 4100, 4107, 4136, 4138, 4215, 4216, 4246, 4255, 4400, 4420, 4515, 4703, 4828, 4834, 4867]","[[0.07190104457355416, 5.625456868475286], [0.13313319135489904, 4.678105238825044], [0.2852878039396686, 5.325353362129721], [-0.4101330646449168, 4.516752170312156], [-0.14938799123842075, 2.6792858255607013], [-0.23412589900277128, 2.5647218271525425], [-0.41842200256524553, 5.905268145070548], [-0.06495711340839015, 5.114736972777701], [0.18018712905274073, 3.6971059700684665], [0.24178852652740496, 5.383334962689675], [-0.12369081132204492, 3.3329652094570696], [-0.45401787201681226, 4.643617050619643], [-0.2501414129247627, 5.904934711645637], [-0.2661298740346757, 5.553741926499843], [0.4064819950946404, 5.319229177816203], [0.34583388282397004, 5.098815978859715], [-0.34927593655545564, 5.547136257516975], [-0.2106469281881155, 3.8391542409842883], [-0.41201835585850893, 5.0431084486759135], [0.3716598558400557, 3.953820045483959], [-0.12640180417996427, 5.588038090718273], [0.1561144144742517, 2.7068635815628657], [0.28283203211894703, 4.66689514765152], [-0.1580897320241225, 5.283270761854657], [0.3635046785829956, 3.253670613908676], [0.2859264937632312, 5.948404477157724], [-0.236413781592078, 5.024838331808802], [-0.39311402669062795, 5.774059606002305], [0.04117086882417558, 4.340106101393421], [-0.2825013820536138, 5.579611955954975], [-0.24553287852844274, 4.981957916916637], [0.14793817731282075, 5.01749880731424], [-0.19250133047620688, 4.661923690314933], [0.13770578381139992, 5.240139768015618], [0.08277274405790919, 1.4612112831909763], [0.025443232130861436, 4.2902393853113665], [-0.17059142513152561, 2.567433436961653], [-0.0548776475883635, 5.114770491986827], [0.4681984713318116, 5.4165362687816145], [0.5061748045157266, 5.186858886830553], [-0.026664260612681692, 2.5949559491159264], [0.33089886324635953, 4.745146123042964], [-0.28347162997983594, 2.337013771404336], [-0.41942958563245103, 3.8316821145970708], [-0.033260654941075864, 4.017052429156553], [-0.18561910390722836, 3.9658304809723353], [-0.10114745447001454, 5.799212742155927], [-0.26528992942225527, 5.4918181197012785], [-0.18089176446570499, 5.10660617909916], [-0.35091717939625905, 5.894943980404402], [-0.3309935106823255, 5.386373645989265], [-0.20489962615313906, 3.096190027862805], [-0.4405581199023179, 4.6184293698002055], [0.2702151946189167, 1.7746564516884067], [0.34943776600566795, 3.5225192784642267], [-0.14561996183861053, 3.7189950345285467], [0.20205193646904543, 5.297380539228228], [0.10562592713080945, 3.5349764292936605], [-0.40254477742827666, 4.269801544968243], [0.043005389961995065, 4.398367156511145], [0.056542192415054454, 4.42125504722867], [0.20918976836408357, 3.6895499456988534], [-0.1592772696311558, 3.4285596765967545], [0.28576784159875124, 4.079466039485355], [-0.16479254189026965, 2.8540947945270974], [0.1396707516884434, 4.473825690470632], [-0.2751147445254945, 4.181011485802042], [-0.47824085814257616, 3.0953941075966522], [0.4155983961048374, 5.875698095111527], [0.4979058656881752, 2.739425445241233], [-0.4921453484226866, 5.600828097020733], [-0.02549447322257406, 4.513576005945605], [0.1560582140565413, 4.582991863470742], [-0.19500977350985968, 5.264480179044802], [-0.32491668181195416, 4.0653706801034755], [-0.09006525789957673, 4.4676959572580275], [-0.2079782808422857, 4.410877668788757], [0.3959636849389382, 5.966021915824664], [0.23123442968294114, 5.61064669672378], [-0.029804509182796736, 5.035495534457034], [-0.13007583414587973, 5.44908809865431], [-0.16364769043914532, 4.019063733016609], [-0.1696496485815134, 5.048210949187774], [0.15987009475729455, 2.992696214380937], [-0.35890604584347147, 2.0287714682340847], [0.021868527323402675, 2.9232202757544257]]","[[-0.735512375831604, 5.071609973907471, -0.41982975602149963], [-0.781180739402771, 4.064624309539795, -0.38334643840789795], [-1.690869688987732, 4.409207820892334, -0.17856155335903168], [1.8264570236206055, 4.0445404052734375, 0.09593416750431061], [0.7538830041885376, 2.314903974533081, 0.5854530334472656], [0.806373119354248, 2.1923611164093018, -0.25782671570777893], [2.3258464336395264, 5.314465522766113, 0.7844532132148743], [0.30824869871139526, 4.73850679397583, 0.7172616720199585], [-0.5038958191871643, 3.150254726409912, 0.4329964220523834], [-1.3475202322006226, 4.6160688400268555, 0.7044112086296082], [0.5631309151649475, 2.9999711513519287, 0.12128958851099014], [2.097599744796753, 4.09572172164917, 0.3754720985889435], [1.0075819492340088, 5.458253383636475, -0.9442963004112244], [1.4013367891311646, 5.146660327911377, 0.7831169962882996], [-1.9834338426589966, 4.126326084136963, 1.2579008340835571], [-1.5779470205307007, 4.093191146850586, 1.2656919956207275], [1.8719948530197144, 5.052525520324707, 0.8349053263664246], [0.9735420346260071, 3.477978229522705, 0.5639318823814392], [2.0338191986083984, 4.5210676193237305, 0.5370109677314758], [-1.2529512643814087, 3.0691990852355957, 0.6317134499549866], [0.6284419298171997, 5.218175411224365, 0.8114650249481201], [-0.15580470860004425, 2.233808755874634, 0.1942511945962906], [-1.0987924337387085, 3.838974714279175, 1.2321866750717163], [0.6671563982963562, 4.9510884284973145, 0.08018825948238373], [-0.9142951965332031, 2.4783380031585693, 0.3966814875602722], [-1.6150442361831665, 4.971423625946045, 1.5383867025375366], [0.9604702591896057, 4.650146961212158, -0.4360598027706146], [1.8771520853042603, 5.262132167816162, -0.6439931392669678], [-0.1251818686723709, 3.9142308235168457, 0.487517774105072], [1.155704140663147, 5.119636535644531, -0.9208241105079651], [1.0243852138519287, 4.614221096038818, -0.3322118818759918], [-0.7530555725097656, 4.44417667388916, 0.6593567728996277], [0.9093790054321289, 4.313949108123779, 0.5192649364471436], [-0.9702979922294617, 4.599729061126709, -0.38003405928611755], [0.36733919382095337, 1.086186408996582, 0.2718144357204437], [0.0504140630364418, 3.844172477722168, 0.9141488671302795], [0.7296291589736938, 2.2370800971984863, 0.18609796464443207], [0.12379542738199234, 4.747463226318359, 0.05897322669625282], [-2.464837074279785, 4.037117004394531, 0.5971192717552185], [-2.3432328701019287, 3.7164127826690674, 1.2614216804504395], [0.4132384955883026, 2.2306692600250244, 0.46351492404937744], [-1.3945835828781128, 3.8312363624572754, 1.0456211566925049], [0.9547919034957886, 1.9833277463912964, -0.03672834113240242], [1.6238069534301758, 3.367189884185791, -0.2100205272436142], [0.23832537233829498, 3.6462972164154053, 0.48138654232025146], [0.9247138500213623, 3.581916570663452, 0.7817375659942627], [0.2728913426399231, 5.443265914916992, -0.1400608867406845], [1.0732896327972412, 5.052921772003174, -0.8341825008392334], [0.8582029342651367, 4.764886379241943, 0.44744107127189636], [1.7300890684127808, 5.448585510253906, -0.3523448407649994], [1.4634310007095337, 4.947659015655518, -0.586247444152832], [0.9084689617156982, 2.7410616874694824, 0.50437331199646], [1.8829679489135742, 4.095810890197754, -0.4020892083644867], [-0.0657423734664917, 1.2583720684051514, 0.05360399931669235], [-0.9890633225440979, 2.737027883529663, 0.4969906806945801], [0.6224063634872437, 3.3841347694396973, 0.07435598969459534], [-1.132378101348877, 4.613344192504883, 0.6494982838630676], [-0.14224176108837128, 3.0581369400024414, 0.7034266591072083], [1.798193335533142, 3.787522315979004, 0.46751636266708374], [-0.05047990381717682, 3.9298436641693115, 0.9450393319129944], [-0.09190124273300171, 3.927936315536499, 1.0433226823806763], [-0.5776119232177734, 3.100867509841919, 0.564811110496521], [0.5894699692726135, 3.0493807792663574, -0.371214896440506], [-0.9895907044410706, 3.3452248573303223, 0.6578116416931152], [0.7728717923164368, 2.505786895751953, 0.4832989275455475], [-0.6541420221328735, 3.9293251037597656, 0.15746080875396729], [1.016788125038147, 3.7583773136138916, -0.6241424083709717], [1.6791714429855347, 2.608917236328125, 0.1538100242614746], [-2.573761224746704, 4.538285732269287, -0.027640456333756447], [-0.9894141554832458, 1.8149076700210571, 0.20754870772361755], [2.4012160301208496, 4.959827899932861, -0.5264875888824463], [0.11874957382678986, 4.134964942932129, 0.41843512654304504], [-0.6581828594207764, 4.016554832458496, 0.644450843334198], [0.8666809797286987, 4.931448936462402, 0.09942346066236496], [1.3445065021514893, 3.680060386657715, -0.0017258523730561137], [0.4667784869670868, 4.105175495147705, 0.6162322163581848], [0.7970044016838074, 4.040553092956543, -0.3839561641216278], [-2.5261294841766357, 4.67857027053833, 0.03709970787167549], [-1.3837485313415527, 4.844825267791748, 0.725816011428833], [-0.01725850999355316, 4.645467281341553, -0.0787845328450203], [0.4716223478317261, 5.105075359344482, -0.0506548136472702], [0.650888979434967, 3.676102876663208, -0.11362805217504501], [0.8937721848487854, 4.650120735168457, 0.9672383666038513], [-0.29389622807502747, 2.4829893112182617, -0.016923734918236732], [1.107205867767334, 1.6583598852157593, 0.1472223699092865], [0.1801232248544693, 2.5401113033294678, 0.28212225437164307]]"
